fLength,fWidth,fSize,fConc,fConc1,fAsym,fM3Long,fM3Trans,fAlpha,fDist,class
48.0573,11.0862,2.9571,0.362,0.1882,0.42,32.4358,-2.2992,26.93,165.224,h
23.4858,0.0,2.2393,0.7378,0.3775,-2.9397,13.0915,0.0001,19.341,235.342,g
40.5429,19.4073,3.3382,0.2369,0.1269,29.1908,27.0567,-7.1243,10.0643,195.603,g
16.6123,7.8423,2.5572,0.5829,0.3371,6.7271,-10.3448,-2.324,14.5111,214.2655,h
205.425,37.7936,3.2727,0.2167,0.1257,46.0952,-210.935,-29.7478,60.058,206.173,h
23.8026,10.1636,2.2625,0.5628,0.3087,32.1961,-16.3031,-9.6851,20.3915,108.582,g
23.602,17.0341,2.7589,0.4303,0.2169,-0.6405,21.0054,7.9662,17.2382,79.4087,g
21.1109,11.5522,2.2068,0.5901,0.3571,-12.6112,-19.9271,4.0426,68.7418,61.5813,h
25.2097,13.9953,2.3395,0.476,0.2403,-13.0365,-8.2607,-12.2322,50.2398,191.73,g
78.8829,27.055,3.4497,0.1811,0.0932,53.4896,66.8412,-14.5304,3.939,291.219,g
88.9019,28.5245,3.5765,0.1655,0.0874,61.5212,94.825,-20.4289,3.2132,244.234,g
77.6918,36.8864,3.5261,0.1954,0.1205,-43.3672,65.5969,36.4114,3.9967,297.998,g
39.1714,12.3633,2.6355,0.3819,0.2164,37.6251,-22.3594,-4.1555,6.8181,224.489,g
41.0662,9.2465,2.281,0.6073,0.3272,27.5327,19.7613,6.7821,2.123,79.1334,h
17.9634,10.2982,2.2765,0.6561,0.3413,21.5137,11.0116,-6.436,37.525,153.134,g
54.8257,14.5358,2.9919,0.2394,0.1248,-8.0165,26.6012,-8.541,39.198,106.24,h
22.349,19.5483,2.6749,0.3784,0.1934,-14.2913,-17.4434,9.1093,55.8954,49.6709,g
23.8176,3.1392,2.2028,0.7024,0.3697,43.0022,7.2102,10.6716,60.4662,220.9806,h
103.38,22.1405,3.2033,0.2104,0.1055,104.437,93.0837,-14.7321,24.717,287.032,h
42.169,19.9739,2.5139,0.3859,0.2251,-55.9897,-18.8351,-18.6789,5.1421,306.684,g
19.828,7.2342,2.1287,0.7732,0.3978,4.4667,-11.4998,-4.9094,80.558,129.454,g
12.8598,11.3399,2.1287,0.7212,0.4275,14.855,-8.4364,-6.8675,41.4708,169.016,g
65.8187,21.7078,3.2692,0.2185,0.1111,-77.72,45.9937,14.5994,3.2964,252.706,g
113.0663,76.9218,3.7965,0.0912,0.0602,112.1963,97.167,-53.1103,86.9145,285.9024,h
21.7529,6.7839,2.0881,0.7102,0.4041,23.5404,12.0502,6.5592,5.706,154.555,g
34.2778,17.2361,2.6289,0.3243,0.1798,-51.7938,12.2221,-9.7122,42.686,179.12,g
106.244,32.661,3.8623,0.1054,0.0532,55.9926,110.652,-14.0161,1.464,213.793,g
88.3491,31.4021,3.6765,0.1689,0.0898,-44.3056,70.1349,-20.5013,0.8347,296.501,g
41.2412,16.844,2.6222,0.2912,0.1492,-24.2949,18.4922,-12.2418,19.4837,189.459,g
19.6738,7.4183,2.1446,0.7168,0.4265,0.2174,-3.992,-4.9487,40.871,240.006,g
61.6682,21.7989,3.3395,0.157,0.0808,8.4025,17.216,-10.3177,7.847,190.618,g
88.2709,30.3081,3.2541,0.1788,0.1061,-31.1377,83.8799,-19.2065,2.21,329.025,g
29.0869,9.128,2.6444,0.5805,0.3141,7.6234,17.4277,9.5575,16.3577,143.684,h
100.5,23.4542,3.3883,0.1415,0.0763,-85.1168,88.64,14.1886,2.3248,255.465,g
34.7458,21.9104,3.0687,0.2996,0.1831,22.3991,17.3737,9.7927,1.7171,189.474,g
48.7467,18.9343,2.8663,0.2585,0.1367,-43.6281,21.3642,11.7471,4.734,202.086,g
20.7708,16.7921,2.5815,0.4404,0.2267,6.1544,11.5784,14.5851,72.2425,228.28,g
151.558,58.0777,3.7252,0.1563,0.0839,-203.556,-86.5503,-50.3082,34.4576,334.064,h
50.7355,13.8768,2.4886,0.3279,0.1867,22.9626,32.073,-10.6266,25.98,165.046,g
12.8589,11.466,2.1945,0.7348,0.3738,-15.0658,4.3276,-11.6815,28.704,87.6656,g
22.5982,10.8201,2.4631,0.5818,0.3425,25.6113,14.1925,11.6767,88.2038,161.856,g
28.507,15.104,2.7435,0.3628,0.1868,8.672,18.1136,6.4696,0.2314,195.951,h
43.4722,20.1585,3.0976,0.2812,0.1562,37.5929,39.446,-10.939,26.7377,127.815,g
71.0066,33.2264,3.8316,0.1499,0.0822,58.143,65.0489,-9.9478,2.0789,178.232,g
62.7644,25.1345,3.7026,0.1807,0.1001,34.1638,64.2319,-10.954,4.1234,171.784,g
62.0247,17.3984,3.0687,0.2672,0.1652,41.9251,48.5164,17.1696,20.143,225.49,h
42.119,13.7029,2.6232,0.5452,0.3345,35.4414,40.6071,-5.6916,6.7992,142.438,h
42.4673,8.5241,2.5366,0.4651,0.2776,12.742,31.2016,4.2744,6.332,180.649,g
116.8513,59.958,3.4833,0.2824,0.1674,-184.0379,81.6298,-50.8297,63.5177,399.3452,h
53.1485,17.7621,2.5308,0.4065,0.2283,32.3439,49.6044,-12.267,39.6204,109.711,g
27.6746,18.9149,2.5422,0.3759,0.2224,30.937,20.242,15.143,19.3719,223.241,g
93.0607,28.3185,3.5398,0.116,0.0622,-127.342,56.014,-10.9973,3.737,233.673,g
18.2176,12.6683,2.4676,0.6031,0.3458,14.5591,14.5186,5.7139,17.709,147.552,h
12.984,11.2075,2.1746,0.7492,0.4114,-14.8012,6.0893,11.2711,11.746,194.679,g
40.0835,14.5512,2.7042,0.3458,0.1947,-16.8745,-33.8985,7.6887,0.784,220.99,g
73.2547,19.5552,2.5545,0.357,0.1939,-44.1258,34.5939,16.6915,23.149,282.616,g
24.3356,12.2325,2.5105,0.466,0.2731,8.4297,16.1253,5.8151,81.6645,142.984,h
114.792,65.8183,3.2751,0.2696,0.186,-103.525,-54.9896,-79.0757,14.3037,266.102,h
33.9612,12.673,2.5533,0.372,0.1916,-32.0873,-15.1753,-7.4428,43.391,226.418,g
20.3075,10.696,2.3962,0.6064,0.3353,-6.2948,17.1113,8.0283,13.93,148.368,g
32.2429,8.3502,2.483,0.5022,0.3227,9.6746,27.9491,-1.9865,66.8429,170.2377,h
34.6141,18.7451,2.792,0.2825,0.1461,-2.6052,21.9193,-2.9381,13.193,203.703,g
27.9985,15.0071,2.3856,0.428,0.2654,-28.3031,-24.7615,2.7122,1.1388,158.909,g
15.2685,3.8124,2.325,0.8676,0.637,18.2895,7.0555,-0.8019,56.7287,219.8924,h
41.4007,24.7585,2.9425,0.21,0.109,20.1941,24.0314,23.5645,21.9634,129.021,g
18.3551,9.7463,2.4706,0.5027,0.309,17.3834,15.7083,-10.1938,70.814,239.5914,h
91.1228,32.0506,3.6607,0.232,0.1277,-77.0352,-63.0946,-20.3967,1.133,365.289,g
16.6322,8.2739,2.2989,0.6752,0.3204,-10.7267,-2.9277,-4.6414,42.7744,148.5194,h
26.3839,18.5882,2.6258,0.4426,0.2284,-35.0284,-16.945,3.9865,18.9656,210.868,g
26.8339,15.1463,2.5496,0.3893,0.2214,14.5424,7.1928,5.2489,81.5258,111.222,h
20.4623,12.5622,2.3918,0.5355,0.3225,17.6169,13.219,-8.0259,65.011,65.8902,g
13.5577,11.5007,2.6327,0.7844,0.4871,5.2783,15.4472,0.6898,86.9198,50.9843,h
23.8115,14.5528,2.3672,0.5755,0.324,1.1422,-8.8184,-1.7287,84.4227,106.2665,h
26.8176,15.9384,2.485,0.4092,0.2144,14.3457,9.0264,5.468,78.5386,214.316,g
21.0982,12.5113,2.5099,0.476,0.2458,18.1025,11.1148,8.0292,35.9838,136.194,g
55.0816,30.2609,2.9923,0.2036,0.1206,32.2385,43.8606,-18.237,34.246,158.388,g
120.875,33.2444,3.0459,0.341,0.1975,-89.2755,-95.5569,13.9697,20.8784,344.351,h
35.6207,22.194,2.6994,0.3423,0.1641,17.5176,-2.5227,-13.89,32.5405,137.7918,h
98.7012,17.6299,2.5347,0.4058,0.2555,-27.6671,-91.6622,13.2898,89.6498,207.041,h
25.0206,21.1248,2.7976,0.306,0.1761,-3.3811,-10.3187,8.1751,24.4741,99.7426,g
28.0488,11.8991,2.5085,0.5767,0.3612,32.2326,15.0283,11.4086,8.2259,182.558,g
25.6508,15.2966,2.5871,0.3907,0.1979,-21.2081,16.4879,12.4784,64.2235,149.837,g
30.817,15.7507,2.6561,0.415,0.2196,1.3366,24.8213,-10.6264,34.5966,99.5598,g
88.4005,23.2755,2.7938,0.1929,0.1037,-134.148,41.8392,18.0227,41.124,127.661,h
130.7112,13.8452,2.6221,0.7331,0.4642,-116.4043,-101.7676,-14.345,47.0975,243.5813,h
45.629,25.0567,3.1189,0.1871,0.1106,40.8972,-20.7079,-11.99,1.198,207.976,g
49.6601,22.0999,3.1746,0.3017,0.1843,17.9069,-25.4435,8.9821,5.4509,197.243,g
13.054,10.693,2.2188,0.7674,0.4804,13.419,-2.8936,9.5412,16.7337,132.238,g
110.1,13.1992,2.8357,0.2613,0.1423,-169.802,56.9024,-9.6361,0.204,251.595,g
12.7445,11.6208,2.0881,0.7184,0.3878,-15.4693,8.1816,-10.5727,4.555,143.005,g
49.1764,23.1906,3.2172,0.2432,0.1252,49.2386,37.2549,-17.457,0.7988,231.706,g
29.0865,8.5601,2.7316,0.6197,0.3683,16.3824,23.2818,7.554,40.3874,133.652,h
33.3944,16.7128,2.5384,0.3792,0.2098,9.1264,-24.9142,11.4659,2.3935,88.3223,g
17.5875,15.8431,2.5563,0.5889,0.4069,-4.9856,-8.9744,6.0916,27.3912,98.9112,h
126.609,41.9329,3.461,0.2103,0.1233,-129.054,-120.058,-15.7828,29.6115,369.928,h
18.3844,16.4085,2.3953,0.4829,0.2596,-7.6899,17.3911,-9.6232,60.543,163.281,g
20.7669,8.8377,2.3802,0.6458,0.3646,-23.8245,-11.0169,-2.6001,55.07,93.5079,h
31.2892,15.2223,2.5244,0.3856,0.2138,29.9882,12.663,-9.2623,4.9939,132.362,g
105.217,73.1736,4.1822,0.072,0.0388,89.2509,98.4422,73.1276,2.1215,163.06,g
55.1999,17.4642,2.7114,0.3343,0.1992,50.9644,39.6746,-8.2674,1.676,284.525,g
27.3463,16.0693,2.6064,0.3144,0.1597,-26.2384,-14.5259,-11.4329,8.19,125.036,g
46.9247,20.2722,2.7486,0.314,0.1722,31.8542,31.0256,16.7207,5.1486,270.211,g
56.3167,12.265,2.9159,0.2973,0.1535,-54.1595,-40.5586,8.863,33.5871,175.156,h
39.1329,36.9935,3.0614,0.2178,0.1133,2.1607,-38.1818,-26.2053,66.2905,240.8362,h
88.1144,23.3753,2.7126,0.3159,0.1676,-102.457,53.8003,11.4796,41.7347,123.176,h
66.4147,22.961,3.5732,0.2434,0.1236,21.8641,64.5106,7.9777,1.147,231.359,g
33.7977,20.0272,2.9133,0.3162,0.1667,23.7078,-24.1045,9.9646,14.0395,54.0099,g
35.9396,12.0674,2.5139,0.3982,0.2067,-6.13,19.3256,-7.2416,7.6707,150.528,g
33.7819,2.7118,2.1491,0.7356,0.4102,2.3256,2.7114,10.3511,11.6642,103.5958,h
20.93,10.5237,2.5977,0.5783,0.3245,-5.3601,16.9542,8.6707,66.697,169.826,h
49.2727,22.2199,3.276,0.1716,0.093,31.1037,28.2574,-12.6656,10.1168,214.872,g
21.3271,10.5084,2.1931,0.5769,0.2917,-6.9462,18.1267,-10.4721,37.201,231.596,g
21.3806,12.6598,2.4616,0.5527,0.2988,25.3612,13.5855,-6.6962,12.5519,105.811,g
49.6982,16.8437,2.7973,0.327,0.1683,-93.4165,45.7653,-10.9282,5.0099,237.107,g
12.9574,11.0568,2.2162,0.7416,0.4529,14.1686,-7.0158,-8.2891,43.9589,148.238,g
42.1915,18.3556,2.8513,0.2761,0.1458,-1.7343,40.9286,-6.4425,1.7355,243.825,g
18.7703,10.0147,2.4031,0.6166,0.3577,21.682,11.9557,-4.6444,50.86,194.863,g
16.4338,11.5765,2.233,0.5965,0.3129,-1.5906,5.9172,4.322,45.878,146.354,g
95.1461,41.0282,4.0712,0.1013,0.0511,61.4538,74.6874,19.1065,0.3662,299.567,g
98.2047,27.6954,3.4634,0.1748,0.101,60.6472,96.4227,-8.1593,5.352,269.141,g
134.005,22.361,2.5422,0.3702,0.2052,-155.222,-55.4024,13.4662,8.5734,287.103,g
20.2305,9.3055,2.3118,0.6098,0.3341,24.4649,9.426,3.464,9.4872,183.006,g
155.9102,42.2451,2.772,0.4695,0.2437,-90.4055,-147.3562,20.3806,16.0222,321.6529,h
31.4518,11.8114,2.4713,0.4088,0.2416,-15.7508,-9.0566,-11.3927,14.1671,153.177,g
20.8971,12.415,2.4564,0.7448,0.3759,0.8771,17.4937,-8.7008,17.7354,178.928,g
34.1682,13.8686,2.3256,0.3985,0.1972,27.7551,18.8042,11.0227,8.1384,153.9215,h
66.0531,47.6012,3.386,0.0962,0.0504,6.0286,51.2048,25.0804,19.589,175.867,g
138.917,33.8561,3.3381,0.1488,0.0815,-110.295,-101.961,35.7331,81.4132,230.234,h
39.0165,23.3996,3.1053,0.237,0.1377,8.3237,-22.4536,-21.3361,3.2298,139.102,g
39.1456,22.0682,3.0618,0.2671,0.1418,31.2593,27.3095,19.8806,6.193,110.977,g
17.4468,11.0266,2.2068,0.5466,0.2764,-23.5603,-8.3904,-0.2059,56.1897,144.424,g
54.8072,22.3495,2.7259,0.5226,0.2829,-51.6456,-56.1794,18.7526,6.3332,311.553,g
23.4414,10.3625,2.7218,0.5598,0.3975,9.4621,14.4517,-7.9135,74.136,139.489,h
34.1721,8.7107,2.5729,0.4091,0.2152,-26.79,3.9281,-3.8166,69.07,180.539,h
39.7607,20.618,2.9654,0.2859,0.1803,9.6772,32.9845,-19.3439,2.7224,140.55,g
30.7361,8.2288,2.658,0.6,0.3527,19.3985,22.0902,-4.2379,34.689,233.795,h
31.7847,27.1539,2.9791,0.2697,0.1495,14.9426,-22.2961,-22.7852,10.4772,221.642,g
49.7386,18.0448,3.2368,0.2041,0.1052,-11.0573,38.7811,12.6688,5.3168,246.114,g
41.751,6.7535,2.3701,0.4563,0.2409,9.1177,28.6709,6.3146,31.305,272.689,g
28.1465,9.0446,2.3988,0.5549,0.3373,-33.5887,-13.5845,4.2566,86.3532,35.5989,g
30.5327,21.6959,2.6248,0.382,0.2432,-7.9124,-28.8645,-15.4248,0.1224,188.344,g
65.8446,21.3023,3.224,0.1791,0.0934,63.2486,37.9565,5.1343,0.152,243.169,g
18.9505,12.913,2.3334,0.4919,0.2668,-0.1723,4.1078,7.7879,6.2819,135.559,g
27.3084,21.357,2.6101,0.3018,0.1509,-18.5946,14.6071,16.4383,38.1711,123.343,g
83.6467,37.6328,2.9117,0.2426,0.1256,-26.2619,-83.2947,-11.7959,59.0647,225.907,h
59.5654,30.2124,2.4631,0.3373,0.1876,49.5765,58.3284,24.3381,78.0882,229.749,h
24.4523,9.8128,2.4322,0.5693,0.3604,-8.7205,-17.829,-8.4405,19.571,175.644,g
16.7429,15.1867,2.3096,0.6569,0.4289,-1.6276,-14.8761,11.3786,68.6733,58.837,g
13.2632,10.7133,2.3107,0.7824,0.4083,14.7389,2.4181,-11.8587,71.878,167.552,g
55.4333,16.1018,2.9043,0.3863,0.202,1.3011,35.9742,7.6825,40.1342,250.7299,h
29.638,22.3916,2.7871,0.3086,0.1673,13.1261,21.6969,-10.0104,52.0176,89.6726,g
26.1561,19.8247,2.5139,0.4564,0.2404,-0.6801,25.9882,19.8894,49.5681,169.797,g
25.4719,20.6789,2.1683,0.5356,0.3184,-21.529,8.4876,-9.6268,85.9595,158.3338,h
118.532,26.8224,3.3625,0.3733,0.1947,-138.306,-107.423,-16.6705,27.942,347.229,h
43.2643,15.9915,2.8552,0.5066,0.3552,27.7753,33.9622,11.6473,11.33,283.098,h
45.5997,35.1146,3.2836,0.1478,0.0742,22.1228,38.2276,-28.0158,62.629,92.2033,h
19.3469,16.4401,2.3096,0.5686,0.2966,-26.1887,10.2652,17.1408,5.061,104.987,g
24.3377,11.0705,2.5977,0.5051,0.2866,-13.5348,-10.3792,5.492,2.8878,145.375,g
163.2118,53.8719,3.1417,0.1776,0.1205,-200.6192,116.9525,33.9842,10.9902,319.976,h
26.567,18.815,2.8176,0.3227,0.2017,11.1595,15.0154,8.5459,12.3055,226.567,g
92.7855,82.3446,3.2084,0.216,0.134,-133.806,-58.1007,36.6385,2.79,195.648,h
87.4712,17.2932,3.1227,0.3777,0.1919,8.676,46.5491,-6.6282,23.8279,369.292,h
31.0627,16.2038,2.7701,0.4143,0.2385,32.4866,29.5643,-6.2126,15.9615,168.391,g
52.2264,23.3743,3.2333,0.1905,0.0956,46.3585,38.163,7.9243,0.795,226.359,g
13.0183,10.6743,2.2999,0.7619,0.4887,13.2492,-3.2605,8.3499,84.3683,60.9388,g
25.7024,10.3364,2.317,0.4723,0.2771,6.2351,19.8672,7.6639,30.6008,119.558,g
17.9289,12.8843,2.5434,0.5866,0.2933,12.5934,12.505,7.3892,12.0487,231.183,g
52.5166,20.297,2.8528,0.3579,0.2519,-33.5491,11.4628,-15.1208,1.737,306.998,g
17.3904,10.7534,2.3096,0.6324,0.3211,21.6882,10.136,6.1702,10.908,208.754,g
13.146,10.549,2.1861,0.7818,0.4788,-13.3894,-4.7839,10.6094,15.9662,142.35,h
35.0878,18.8217,2.7165,0.3374,0.1729,-42.9991,-41.0107,12.7714,26.1555,75.6824,h
94.6136,17.7329,3.1317,0.202,0.1154,61.8411,64.8482,-11.1942,60.8088,209.6546,h
191.611,24.4014,3.1217,0.2773,0.1522,-63.1788,-243.757,12.5444,17.321,164.423,h
81.4662,30.4227,3.2921,0.2174,0.1406,-44.1152,-43.2423,-7.2463,4.047,297.312,g
10.0244,3.137,2.3919,0.6609,0.3659,17.3775,8.209,5.0734,59.8434,86.024,h
44.6503,14.705,2.5051,0.5344,0.3203,22.3025,53.1155,12.5878,26.3364,187.865,g
20.8833,16.8717,2.5611,0.5687,0.3585,-5.7111,16.1787,-11.0063,17.9992,249.174,g
28.1841,21.0642,2.6449,0.3533,0.2254,8.7045,22.6026,17.7324,54.1575,99.7971,g
12.602,11.8298,2.0354,0.7005,0.3733,15.9804,-9.2568,-9.7269,81.4811,135.762,g
102.346,12.357,2.5871,0.3855,0.2031,60.5695,94.1301,-9.5447,20.689,194.181,h
19.5342,7.4326,2.1717,0.7273,0.4343,-0.6138,5.5237,-4.7598,25.883,115.52,g
102.592,40.1604,4.1483,0.0921,0.0476,48.3885,84.0123,-17.1179,1.352,293.871,g
38.8512,20.1021,3.1089,0.2669,0.1436,10.8351,-28.2692,3.7886,2.1568,168.886,g
12.7261,11.6556,2.0473,0.7175,0.3812,15.4734,-7.7999,10.9133,63.531,121.872,g
70.9683,9.6807,2.6726,0.3167,0.1605,-63.4985,56.888,-4.0507,5.1398,298.695,g
32.4488,10.7041,2.3233,0.5083,0.3017,39.8096,-3.8169,4.3102,14.539,233.384,g
20.3579,14.379,2.5224,0.4625,0.2898,-0.6729,7.0023,6.5538,26.143,121.173,h
61.0809,11.3314,2.8912,0.3594,0.1866,18.274,25.7627,-9.1619,76.3962,61.8098,h
34.2298,11.7386,2.6091,0.4403,0.2399,30.4891,32.3912,6.4692,14.5626,162.682,g
21.1547,9.6927,2.4502,0.6277,0.3564,-1.2294,13.5207,6.454,42.3649,144.989,h
179.9872,60.3431,4.526,0.0133,0.0011,-314.5464,138.3554,-16.6941,70.9233,147.3008,h
12.7148,11.6813,2.1351,0.7179,0.37,15.308,-6.3158,-11.411,11.412,203.499,g
20.4949,8.4959,2.4116,0.6744,0.4516,20.0534,15.4163,-2.4494,51.998,114.486,h
29.5906,18.5962,2.7122,0.3899,0.1988,20.2784,16.6716,9.4868,16.103,130.696,g
33.0532,16.455,2.9125,0.3193,0.1645,8.6542,18.3475,7.3028,9.549,190.467,g
122.654,22.4054,3.2621,0.192,0.1031,-94.3098,82.4974,21.9925,50.152,267.859,h
89.7464,26.389,3.0676,0.2037,0.1125,-21.4687,57.6075,-16.9868,2.036,305.043,g
19.4433,14.7756,2.4273,0.5458,0.3308,-2.3428,15.6273,7.9397,64.4617,149.542,g
84.6703,14.4573,2.6537,0.4417,0.2741,-74.2941,-30.7359,-8.6304,2.4533,306.127,g
16.0444,11.5568,2.3324,0.6186,0.3884,-0.1498,1.9805,7.5489,54.614,89.2314,h
144.651,40.3478,2.938,0.6182,0.4988,-74.6539,-155.489,-42.0003,38.0104,280.051,h
59.8576,20.2588,3.0846,0.27,0.1362,-106.064,35.8249,20.2197,0.9629,315.114,g
19.1372,12.2128,2.499,0.561,0.2964,5.1772,-12.0916,10.3267,4.7392,220.476,g
24.7413,11.8362,2.3892,0.4571,0.2796,-11.0853,-12.3674,7.0254,78.901,156.78,g
79.0402,22.2641,2.8467,0.34,0.1855,-96.35,-59.3983,4.8192,5.2436,229.5046,h
77.4226,23.6353,3.2464,0.1656,0.0887,74.7072,66.3441,13.5546,3.438,224.026,g
51.0814,14.5175,2.8774,0.431,0.2566,-35.7202,35.1498,9.2712,0.559,294.746,g
33.9272,21.317,2.6488,0.2626,0.1336,20.5036,-28.0379,-9.9845,78.655,69.2058,g
19.7929,7.0144,2.2266,0.8012,0.4303,20.4167,13.6678,4.6913,3.82,175.94,g
150.3307,28.3722,2.6636,0.3334,0.2203,-85.6707,-117.0066,17.0024,52.7773,202.7992,h
58.9042,25.5496,3.1488,0.2641,0.1608,-43.8206,31.3971,-19.5009,2.3595,286.875,g
50.2103,18.7904,3.0599,0.2352,0.1267,21.1888,37.3658,-9.2378,10.563,266.606,g
44.7031,17.1327,2.7356,0.2592,0.1406,40.896,34.1904,12.0711,4.2607,178.772,g
29.6979,0.0,2.3284,0.6338,0.4014,0.0,0.0,-17.6355,9.01,105.221,g
66.7957,22.9932,3.5853,0.1884,0.0968,79.6674,54.8701,19.9079,0.806,238.402,g
31.6768,11.5698,2.6107,0.5,0.315,-11.2555,15.8089,10.6832,0.1453,155.778,g
72.912,10.4211,2.6693,0.394,0.2131,20.5709,77.5674,4.8373,9.402,235.075,g
60.9779,26.6307,3.3714,0.2326,0.1248,-38.9167,52.4539,-10.4765,0.3079,291.047,g
44.6982,24.4149,3.0915,0.1977,0.1065,6.9787,15.1799,17.3405,25.5856,116.027,g
50.4152,22.9184,2.9552,0.1962,0.107,52.5727,19.6213,7.7559,15.5478,158.086,g
22.1114,10.4427,2.2068,0.5652,0.3075,22.9016,18.6701,10.7207,41.7053,129.155,g
48.9319,19.9172,3.1913,0.2259,0.1271,26.6507,49.5332,-10.1152,1.645,235.795,g
24.1407,10.3973,2.4241,0.5687,0.3446,-15.1117,-19.6333,8.6287,2.541,180.903,g
53.6201,20.2256,2.6547,0.4009,0.2492,48.1771,47.9499,7.6072,41.257,158.948,g
38.3285,18.183,2.842,0.2532,0.1388,-39.1088,-26.7741,12.6358,13.576,208.581,g
20.3349,7.2629,2.0663,0.7296,0.382,-2.3018,9.7089,-5.6116,9.4078,183.373,g
57.6274,21.8351,3.1316,0.1816,0.0844,13.6572,57.9148,-10.5458,15.9668,107.342,h
44.2256,19.3192,2.7513,0.2996,0.1516,38.4027,19.0718,6.3077,4.217,205.962,g
71.4461,19.1675,3.043,0.2255,0.1164,59.4336,63.4758,9.6581,6.252,197.928,g
19.8208,7.3561,2.1658,0.744,0.413,-2.2636,8.9972,-5.0596,20.5231,217.088,g
24.3458,12.7027,2.4609,0.4498,0.2785,17.4634,16.5208,7.6723,29.107,114.982,g
75.5269,27.044,2.9243,0.2172,0.1235,-65.1817,-77.1423,19.4491,51.0827,142.5482,h
100.534,42.8958,2.871,0.2194,0.1178,19.4933,50.5432,-39.0338,1.9948,286.301,g
24.8831,12.3282,2.4132,0.4893,0.2782,29.306,15.2402,-3.1753,87.4535,174.1535,h
118.1155,27.9996,2.8093,0.3457,0.2161,-136.5525,97.337,24.5883,7.7543,291.4659,h
96.8578,39.4755,3.9903,0.1204,0.0679,-59.0369,66.0291,-26.431,3.8107,340.996,g
94.9418,44.9116,3.9991,0.1081,0.0598,105.961,77.8459,-13.5303,9.74,225.566,g
24.6708,14.9745,2.5883,0.449,0.2594,18.6758,10.3846,-9.3636,21.4367,176.784,g
180.996,145.783,4.4571,0.0516,0.0277,-63.5218,-160.89,132.388,67.1736,291.994,h
19.4019,12.8113,2.5838,0.5476,0.3194,-12.0816,-15.4461,-7.1279,12.6022,195.098,g
21.9365,11.2057,2.2405,0.5977,0.3649,-14.9529,-19.5206,-6.3874,57.4577,25.4976,g
81.4119,37.6561,3.9915,0.1098,0.0571,81.8419,72.8704,-28.5965,0.256,219.208,g
152.8,41.7867,3.3937,0.1434,0.0766,-263.426,89.5195,-36.1643,53.7624,254.284,h
24.0622,16.89,2.705,0.3925,0.2554,-9.7228,-15.0203,9.47,8.065,158.02,g
23.6261,14.3355,2.6707,0.4418,0.2487,17.3929,6.9804,7.1168,10.738,201.391,g
13.0952,9.7869,2.2317,0.8152,0.5484,-11.6881,-8.6473,-10.1107,65.2818,212.609,g
39.3506,26.2584,3.0406,0.1767,0.0906,-28.3983,-21.481,-13.9053,9.66,211.026,g
61.1326,19.6959,3.2777,0.22,0.1153,24.4899,67.0374,10.0337,6.887,233.925,g
36.2613,26.331,2.8045,0.3765,0.2173,23.9894,37.0355,28.4711,43.694,217.887,h
52.5503,17.4617,2.6547,0.2547,0.1318,-45.7927,23.598,16.006,13.0019,143.363,g
19.7589,17.7759,2.4023,0.5703,0.3347,23.7332,10.8061,14.1685,30.1602,127.01,g
31.2015,16.6085,2.616,0.3801,0.2216,-45.0612,19.1054,-11.1177,47.1486,70.6447,g
51.6337,14.0939,2.5302,0.3304,0.1844,-44.4812,-32.9212,5.9161,13.666,173.496,g
21.6754,15.56,2.4393,0.4473,0.2782,24.0564,16.0578,0.5722,32.744,72.7002,g
22.5867,14.5376,2.317,0.4916,0.2964,-31.6634,16.1668,-4.383,48.751,244.633,g
13.1727,10.6312,2.3701,0.7804,0.4627,-13.7368,-3.976,11.0204,69.031,223.852,h
49.5366,25.5985,2.9023,0.2279,0.1146,54.8471,44.6411,-20.5584,13.989,287.843,h
268.8506,28.0537,2.9917,0.2521,0.1248,-260.1539,-293.1762,20.7527,57.4598,335.4295,h
38.4841,10.1119,2.4594,0.4549,0.2552,42.9998,27.7518,8.239,11.9867,193.958,g
57.5315,13.503,2.8069,0.2746,0.1412,-25.774,-10.5913,-1.4559,7.4165,169.469,g
12.869,10.5742,2.1608,0.7849,0.4406,-18.1714,2.787,-14.1569,37.4304,227.1803,h
107.219,43.8984,3.1741,0.1333,0.0693,-173.907,67.392,-30.0256,4.3625,226.225,g
56.1591,13.6759,3.0076,0.245,0.1303,-44.5601,27.6214,-1.4596,73.7683,257.27,h
43.9643,15.1253,2.8454,0.3212,0.2034,-24.454,-25.9433,11.334,1.228,171.96,g
20.6987,13.6872,2.4742,0.5671,0.3339,21.9694,16.0626,-3.8453,85.8793,161.453,g
31.0773,13.4809,2.4322,0.3808,0.2237,-20.9866,-22.313,3.8404,1.8695,213.431,g
21.181,12.7713,2.3551,0.4459,0.245,15.1731,11.5618,8.5996,9.109,183.85,g
180.692,56.3602,4.1013,0.0459,0.0244,-147.411,-108.561,24.3209,89.9798,231.756,h
21.6639,10.6492,2.2577,0.558,0.2845,4.8909,-17.3416,-7.7182,3.033,113.216,g
19.9855,17.8006,2.6581,0.4046,0.24,0.0041,29.1033,-13.4295,87.1498,245.888,h
102.673,84.0216,3.6122,0.116,0.0614,-37.2418,60.6681,85.3448,59.352,302.999,h
15.2647,5.8096,2.2321,0.5464,0.3281,9.7371,7.7963,5.4489,71.2641,248.9294,h
20.9486,20.5217,2.7067,0.3674,0.1955,19.9519,14.7196,11.3278,46.2761,155.721,g
55.7731,17.4901,2.6781,0.2497,0.1291,-81.1278,34.8251,12.2306,10.4898,187.696,g
103.531,42.4597,3.2872,0.1316,0.0705,74.8034,101.856,20.6711,2.739,122.014,g
16.2783,11.2812,2.281,0.6073,0.4058,0.3441,-2.6189,-7.9878,69.623,147.614,g
38.8614,8.9313,2.7134,0.418,0.2269,9.8071,4.0011,-7.0775,84.5782,173.0554,h
21.7358,10.5355,2.2695,0.5753,0.293,17.5263,16.8871,-4.7663,41.1555,80.2342,g
107.2769,56.6684,3.8065,0.1173,0.082,-202.0827,90.6892,25.8516,48.5291,308.2689,h
12.8465,11.3958,2.0986,0.7251,0.4183,-15.0141,8.3864,8.8695,67.814,122.773,g
73.5167,12.1429,3.0099,0.3203,0.1552,0.6268,58.406,-8.1276,16.3814,199.8284,h
19.4375,11.853,2.5557,0.5786,0.299,-4.0616,9.7467,9.3438,36.997,225.103,h
24.8026,12.3618,2.5888,0.5103,0.2719,-15.3475,-19.6834,-4.8639,7.5907,123.204,g
18.3436,9.9863,2.3201,0.6986,0.4569,5.4333,-14.2569,-7.0224,15.6436,123.784,g
55.7065,18.7898,2.9948,0.2662,0.1473,0.649,47.6613,-17.1832,5.801,210.272,g
170.743,101.479,3.9528,0.1042,0.0582,-58.2791,-143.024,29.7954,63.52,190.415,h
13.3605,10.5168,2.1833,0.7934,0.4033,14.8849,2.5413,-11.8987,43.485,230.569,g
81.8524,27.0644,3.3412,0.1901,0.1251,-94.2813,59.1152,25.6115,2.8559,236.44,g
118.7704,27.1813,2.8132,0.3339,0.1783,-85.8392,63.6855,14.2655,32.8043,255.629,h
51.1033,31.5236,3.7553,0.1442,0.073,32.2683,29.0547,21.0076,3.2945,140.58,g
13.376,10.2156,2.2368,0.8058,0.4667,13.6339,6.3361,11.5249,75.648,109.751,g
54.5553,20.935,3.0344,0.2236,0.1436,29.2052,41.3859,-12.9588,4.504,87.4514,g
61.9634,16.4467,2.9489,0.2947,0.1558,22.6035,62.9595,-13.9362,3.9656,233.15,g
26.9307,9.4717,2.5496,0.5444,0.3145,-10.3948,-17.7343,-8.2846,76.685,204.03,h
18.7081,16.3803,2.4749,0.5226,0.3032,24.4093,-3.8482,16.7391,81.6908,200.766,g
102.45,27.5832,3.0728,0.208,0.1129,-166.114,79.8849,23.9538,9.451,197.165,g
33.4992,12.012,2.6248,0.4413,0.2859,38.7827,20.6561,11.1602,16.2492,197.929,g
32.8576,19.4994,2.8341,0.3223,0.2103,-16.6984,-25.2183,-7.2524,57.3468,19.888,g
45.247,18.3274,2.76,0.278,0.1642,50.1893,35.1825,-14.4645,2.3869,200.363,g
35.6734,17.9468,2.8825,0.2844,0.1723,-25.2885,-19.74,-5.5409,5.955,112.79,g
91.1969,14.5046,2.7539,0.2328,0.1223,-33.2951,-86.4845,-8.9952,67.6457,184.9734,h
36.544,23.6759,2.8932,0.3156,0.1662,2.0973,17.8686,-16.6725,44.8927,263.7605,h
22.3851,12.6677,2.2695,0.5914,0.3038,-17.4015,-7.0134,-9.3782,12.169,139.725,g
39.5388,8.7202,2.6085,0.4631,0.2401,25.2834,32.4583,2.8756,15.032,292.171,g
180.7054,99.6185,4.1567,0.0871,0.0191,170.8173,-124.8521,-57.0857,68.8813,303.1109,h
19.6908,9.72,2.3054,0.5792,0.3243,-24.1813,-9.5954,3.0192,25.149,174.422,g
20.5417,9.6425,2.2095,0.6296,0.3796,-5.2476,15.8398,-10.4946,20.5917,149.561,g
38.5817,20.6407,2.9852,0.2566,0.1392,37.7217,22.0848,12.3099,11.932,192.44,g
24.6189,12.2696,2.4713,0.4291,0.2416,7.6665,10.5904,-8.5568,71.151,221.37,h
19.2472,9.7899,2.4518,0.6078,0.3163,-23.9898,-9.4893,-5.2823,1.7684,131.94,h
44.2348,14.3562,2.88,0.4258,0.2406,40.7821,41.1823,16.028,5.248,268.169,h
56.7399,12.663,2.8623,0.3915,0.252,-69.4074,-17.4876,-3.1904,7.2318,257.8398,h
17.5764,10.8668,2.3945,0.5927,0.3085,-2.858,8.6927,-5.6742,50.6709,116.39,h
71.3341,22.0743,3.7242,0.1212,0.1116,-45.2497,-59.6576,16.6974,57.6328,153.9082,h
84.61,36.4657,3.6809,0.1393,0.0714,54.4505,86.0228,16.1472,17.575,258.597,g
82.4652,25.5824,3.3445,0.2149,0.1251,-23.145,64.1073,-18.1143,1.343,337.274,g
103.501,20.0835,2.7135,0.3017,0.1809,93.077,57.4977,13.8904,3.679,183.439,g
34.8917,19.5163,2.6875,0.4086,0.2228,38.9418,-24.1026,4.0194,8.572,146.936,g
25.867,16.2597,2.5605,0.3989,0.2352,8.5181,10.8968,3.8152,3.665,86.6499,g
34.7049,17.8712,2.7118,0.3068,0.168,18.8845,24.4809,16.7615,16.679,135.966,g
24.4071,9.7823,2.4158,0.5067,0.3013,16.9043,-14.8797,4.8608,15.6776,104.576,g
105.0299,34.6312,3.2866,0.2641,0.1211,-46.7977,-39.862,-24.8515,18.5288,363.2486,h
32.3364,14.5867,2.4793,0.3582,0.1973,20.1292,24.5732,-11.798,26.53,143.245,g
79.7124,35.2208,3.3244,0.2914,0.1708,10.1771,-28.5291,-18.2423,2.129,340.809,g
96.8724,27.5535,3.1256,0.1947,0.1127,21.1073,96.471,-23.4008,6.0195,260.204,g
21.4278,6.8068,2.1222,0.7245,0.4264,-22.2295,-13.6566,6.3816,45.363,182.764,g
60.9604,24.3665,3.0065,0.2562,0.1443,-71.6707,31.34,19.6819,15.0473,272.608,g
21.9839,11.6782,2.4448,0.4991,0.2496,30.2995,-9.7678,-11.2571,19.9366,81.9712,g
17.9905,16.5548,2.1506,0.535,0.3094,-9.7798,-8.8554,-3.6987,49.2399,41.6891,h
34.2512,6.7906,2.3589,0.5821,0.3654,21.3696,21.6899,5.6587,43.554,134.486,g
42.3207,15.5822,2.8439,0.3367,0.1841,9.7475,28.7389,-10.547,9.1652,198.737,g
57.044,10.1702,2.9689,0.332,0.1677,-33.2251,-31.2401,-8.3251,19.5404,54.4481,h
15.1128,12.8535,2.1693,0.5886,0.2977,4.0244,-11.7264,5.3886,88.1898,224.1296,h
38.8511,17.2885,2.8724,0.2938,0.1764,34.7714,27.479,4.9562,2.089,154.78,g
51.7407,18.9125,2.9289,0.298,0.1667,45.7487,44.9422,17.1065,6.405,229.027,g
27.7247,18.9683,2.9467,0.3211,0.1815,6.7104,13.3236,5.632,13.846,67.3315,g
30.758,18.8554,2.76,0.3162,0.159,-44.0666,-20.7419,-17.113,0.5636,110.637,g
40.4316,10.0119,2.9407,0.2951,0.1696,41.3406,24.7242,-4.37,64.2689,235.0006,h
58.1694,9.9714,2.8261,0.3373,0.1709,14.9913,48.1614,-9.6553,4.321,122.912,h
34.9712,21.185,3.1217,0.2372,0.1281,0.0356,22.2313,13.1915,2.16,186.422,g
29.4778,19.7679,2.76,0.3076,0.1607,-11.0644,14.0597,-11.7159,16.05,152.973,g
91.4389,28.1738,3.58,0.2488,0.1361,-18.2016,-43.5379,-24.0957,1.088,402.724,g
45.9354,9.6648,2.5832,0.4439,0.2572,34.4624,29.6199,5.0541,0.077,201.373,g
63.4767,28.9711,3.3728,0.1318,0.0663,18.5203,37.3319,11.5376,11.8804,213.129,g
85.6689,20.4992,3.2064,0.2776,0.1505,86.5399,56.3097,-20.0672,6.1541,324.0638,h
89.3461,28.7796,3.587,0.1703,0.0894,68.7002,91.2057,14.8207,0.485,278.331,g
23.2781,12.7693,2.4533,0.5211,0.2623,3.1716,18.1523,6.4226,4.3351,200.442,g
23.5819,10.3709,2.4241,0.5461,0.3559,-5.6056,-18.9137,-8.4932,17.237,229.378,g
20.2845,5.6058,2.4278,0.7003,0.3743,42.4674,16.1903,-12.0711,88.897,256.3073,h
33.3767,12.7573,2.6212,0.3421,0.1974,-9.2543,-17.7165,8.0334,20.889,132.931,g
167.718,23.4327,2.6893,0.5521,0.3032,-111.4787,-157.4969,-12.3051,3.1952,402.3607,h
21.3067,10.7626,2.2625,0.6011,0.3251,16.6042,17.7574,4.9065,4.267,73.8729,g
88.4182,21.1515,3.1093,0.1727,0.1066,-24.4904,-24.3149,8.3027,75.3651,219.1073,h
38.4696,12.4768,2.5955,0.401,0.2069,1.9553,28.4496,-7.6765,37.3983,124.769,g
34.9637,14.2201,2.7709,0.3441,0.1856,7.8959,22.0566,10.7789,8.146,175.827,g
18.0868,7.3052,2.3865,0.8214,0.499,-4.4861,7.5943,-4.1761,86.01,112.546,h
38.0445,18.8426,2.6551,0.2677,0.1361,-59.5288,18.2479,14.8418,12.735,200.457,g
24.1674,18.4684,2.6294,0.3498,0.2031,12.3343,-10.8168,12.9669,8.688,229.638,g
22.6828,10.0152,2.3674,0.5408,0.2725,-4.197,16.9618,-10.3244,6.211,182.619,g
87.4511,16.3664,3.1035,0.2947,0.1935,-81.3535,58.967,-6.1429,60.7157,282.531,h
36.0844,29.3736,3.3897,0.1989,0.1001,17.0494,30.3396,16.044,22.925,72.6497,g
18.752,10.3507,2.2253,0.5298,0.2887,-24.589,-8.0999,-2.0675,34.485,159.232,g
60.1611,8.2925,2.3784,0.4268,0.2657,51.7509,42.835,-8.0922,87.6187,203.808,h
27.4283,13.5305,2.3493,0.4608,0.2438,-15.2415,-13.2167,12.8596,83.1842,170.572,h
23.4914,10.225,2.3181,0.5433,0.3005,32.2449,-16.329,-9.4179,60.5491,26.0889,g
18.8412,7.4896,2.1599,0.7405,0.474,0.2135,-3.3562,3.5175,45.2279,73.717,g
66.289,15.5237,2.9692,0.2453,0.098,-89.8677,38.0912,-20.5072,10.6781,267.7896,h
68.1948,34.0673,2.8782,0.388,0.1853,-38.5483,-63.0794,-19.1501,24.7067,318.6437,h
28.5152,16.8271,2.4646,0.4768,0.2487,9.1156,26.9885,-9.9707,48.71,252.451,g
19.6336,14.4125,2.5172,0.5015,0.3055,2.343,-10.3786,6.0382,32.2376,166.181,g
43.6825,15.1093,2.5011,0.3091,0.1562,32.9629,34.3084,13.0853,30.172,144.249,h
36.144,10.6632,2.8169,0.4192,0.2142,24.5525,28.8838,5.4101,68.5811,146.918,h
158.9083,20.8549,2.8054,0.312,0.1767,-110.9764,-87.252,5.8247,19.6468,103.4329,h
102.7604,21.2461,3.172,0.1784,0.1251,76.1983,62.9071,21.5339,69.6356,168.4826,h
22.6092,15.5101,2.7878,0.4971,0.2828,14.7947,17.7671,5.0887,15.158,225.91,h
23.2607,10.3084,2.596,0.5171,0.2725,6.2719,18.2477,1.1725,50.7563,180.135,h
27.3482,17.7958,2.6149,0.4175,0.2585,5.7333,11.4679,15.1441,18.766,130.22,g
46.3873,19.7589,3.0713,0.2181,0.1235,27.2279,-22.3624,10.668,3.387,194.539,g
17.9964,6.7132,2.3988,0.8743,0.4411,-9.455,11.6285,-5.4281,14.3817,148.136,g
26.9231,9.8339,2.4778,0.5424,0.3012,-3.6306,-18.1446,7.8116,5.887,133.769,g
31.9453,16.2592,2.88,0.3401,0.1931,24.5478,16.1951,-9.9875,1.2725,211.948,g
30.3292,11.6624,2.7392,0.5524,0.278,24.0177,26.7346,-11.2199,37.372,155.286,g
19.7725,12.5631,2.4108,0.4971,0.2777,-2.705,11.2371,-10.1412,43.561,99.4016,g
25.287,22.695,2.705,0.2978,0.1568,-4.1659,-17.8034,17.4908,1.151,154.61,g
19.4637,12.3425,2.437,0.5155,0.2907,0.0227,-9.5704,-8.3252,22.3975,159.558,g
20.7296,11.1599,2.3729,0.5975,0.3242,14.1091,18.5697,5.4079,44.263,80.0224,g
18.761,7.4257,2.3454,0.781,0.4718,-2.786,7.8638,-2.7913,86.5675,204.295,h
17.8657,10.8671,2.2529,0.5307,0.271,1.1828,-6.9055,-3.2113,24.772,144.251,g
19.2975,9.9982,2.2405,0.5517,0.2787,25.832,4.0307,-4.1581,26.997,233.159,g
45.4248,12.9191,2.7514,0.2972,0.1538,22.3442,7.1662,13.1082,65.8261,244.2702,h
32.5654,14.1048,2.6405,0.4119,0.2551,-3.3464,-12.1459,-6.3803,6.423,192.861,g
75.9021,22.406,2.5694,0.3342,0.1685,-87.2503,29.213,16.2202,4.814,271.558,g
80.0027,48.2562,3.3072,0.1439,0.055,63.4857,-39.8619,51.3988,13.4448,245.0247,h
84.4745,21.301,3.1755,0.2664,0.1392,-39.5699,61.0268,-6.2394,3.18,290.166,g
61.6586,13.8909,2.6702,0.4145,0.2147,32.4753,58.5706,10.0235,8.609,171.802,g
30.6697,21.2076,3.0378,0.2997,0.1618,-3.9523,17.1893,-8.1886,23.142,102.192,g
41.8269,26.368,3.0422,0.235,0.1202,24.1335,40.136,20.4737,29.392,173.613,g
54.0804,29.2149,3.0927,0.1995,0.1022,45.37,51.8585,-26.3901,9.9658,167.654,g
49.0913,32.9026,2.9773,0.1665,0.088,-21.5165,42.5905,-13.9013,7.0683,138.026,g
25.8767,14.9523,2.2279,0.5503,0.2929,24.1719,15.1802,-3.4092,27.242,147.698,g
19.4404,17.8671,2.5276,0.4303,0.2626,15.4818,16.4945,12.1093,81.7696,112.872,g
117.4,68.7559,3.5346,0.1483,0.0796,-94.2966,-115.342,47.8305,26.471,346.629,h
189.3819,72.1335,3.6951,0.1066,0.0148,-11.9832,-188.7183,-86.1642,4.5768,86.1266,h
17.1794,11.0764,2.2967,0.5909,0.3106,-3.1336,8.503,5.5613,13.117,209.617,g
16.8977,10.8718,2.2227,0.6347,0.3982,-1.5328,5.4024,7.8275,9.037,183.669,h
65.0483,33.8061,2.8254,0.2313,0.1398,-85.1316,42.9006,-17.125,54.1282,146.618,h
13.0194,11.1832,2.2565,0.7535,0.3961,14.9061,-4.7356,-11.6923,76.1181,185.248,g
126.6906,35.1435,2.9217,0.2681,0.143,131.224,97.9527,19.9734,65.8786,90.5509,h
40.9413,15.8429,2.7129,0.2979,0.1543,48.3746,34.9453,8.769,56.4333,202.8994,h
24.6345,15.3273,2.3304,0.3832,0.1939,11.2022,11.5547,13.8863,54.418,258.638,g
26.7751,18.1128,2.6556,0.4199,0.2155,19.1387,14.3378,-11.7582,66.0281,57.7037,g
37.0175,22.1042,2.7197,0.244,0.1287,23.741,31.345,17.0161,64.5625,104.106,g
65.6748,18.7886,2.8401,0.3512,0.1857,-46.1002,43.6162,19.0372,1.0087,294.649,g
158.9654,55.6146,3.6952,0.0639,0.0293,107.216,122.7247,37.5821,64.1905,178.2544,h
73.1913,27.9445,3.2926,0.3135,0.2149,4.7674,38.6748,29.0025,0.7768,345.9,g
67.1152,35.1811,2.7969,0.3384,0.2227,-33.559,58.7425,7.8771,40.61,184.465,g
29.6154,15.3251,2.721,0.3479,0.1797,36.0308,20.5275,3.5068,18.362,84.186,g
22.1356,16.1141,2.4548,0.4316,0.2368,-26.3294,-13.6323,2.1483,17.0656,243.741,g
83.7923,28.0451,3.894,0.1413,0.0741,40.6466,77.9063,-10.9351,1.061,250.673,g
52.8226,8.5884,2.7513,0.4311,0.2272,51.5839,17.0861,7.3753,50.6085,31.0405,h
32.8734,19.5686,2.8831,0.3063,0.18,12.5519,20.3134,9.6089,7.6229,163.69,g
30.154,12.0094,2.4928,0.4759,0.2813,33.3678,23.9532,-4.2966,7.271,183.715,g
21.4177,6.6608,2.1123,0.7413,0.4595,20.9604,15.1482,-6.3638,38.6953,121.457,g
149.445,87.2517,4.6444,0.0356,0.0179,-174.339,-114.413,69.7288,44.0915,242.466,h
36.3031,18.2894,2.9635,0.4751,0.2542,48.9326,25.0038,13.3115,34.0127,165.1138,h
61.3416,24.4418,3.5471,0.1549,0.0785,3.6469,60.7341,-8.9958,0.8541,186.119,g
24.222,17.8989,2.5,0.5288,0.3047,20.7204,-23.935,-5.1264,76.2937,218.5703,h
36.1823,18.2914,2.638,0.359,0.1991,-3.5161,16.0574,-13.5168,73.5459,75.9306,h
67.7139,28.5831,3.2384,0.205,0.1106,-133.645,63.1391,-16.6379,47.979,251.993,h
20.0686,14.4481,2.4786,0.5216,0.2708,-4.548,13.7631,5.9206,24.5094,128.512,g
49.3535,16.7676,2.8591,0.314,0.1653,-27.5496,-47.127,8.6592,12.9575,214.7,g
19.2454,12.1,2.5152,0.5679,0.3069,-4.5578,11.2168,-10.3992,15.623,156.531,g
30.7339,13.3786,2.5484,0.4583,0.3098,-17.5294,-25.4043,-12.3432,4.661,192.529,g
232.6742,83.883,3.4966,0.1553,0.1197,-248.6159,-196.129,39.3852,66.4043,254.3488,h
30.1451,20.7493,3.0537,0.3093,0.1639,-3.3422,25.0588,-7.3933,11.983,192.065,g
23.835,8.7207,2.5838,0.6102,0.4289,12.2334,10.9073,-5.2063,10.689,116.492,h
25.712,17.7167,2.7312,0.3454,0.1811,-9.1298,17.8809,-12.2771,50.8703,138.203,g
32.748,8.7535,2.4314,0.4519,0.2574,22.3976,17.2276,3.3865,8.4594,205.518,g
68.3319,28.4667,3.3377,0.1273,0.0655,-61.4948,-50.6911,20.1555,23.2244,114.844,g
32.5359,14.9203,2.6575,0.3322,0.2035,-15.1835,-24.1938,-6.4223,26.551,180.612,g
102.643,12.6776,2.7712,0.4098,0.2058,-119.478,-54.9847,-7.6049,18.8603,247.811,h
75.792,50.073,3.5819,0.1016,0.067,-15.0232,-79.4235,-37.5449,0.6296,217.9754,h
27.9623,11.7168,2.4654,0.4795,0.2894,-32.545,-19.6516,-6.3207,16.7287,149.648,g
32.5556,12.7421,2.527,0.3893,0.2244,18.6715,22.4613,3.236,1.1232,149.37,g
25.4438,16.3217,2.5605,0.3769,0.1884,29.0955,19.9386,10.3872,17.21,112.254,g
70.1731,16.8025,2.857,0.2502,0.1369,54.7492,34.9551,-11.2084,9.611,214.169,h
199.802,29.3315,2.5838,0.4042,0.2099,137.076,190.353,18.5193,40.5742,126.382,h
77.6496,37.4441,2.9766,0.2554,0.162,-56.584,-30.3797,26.0748,3.744,305.707,h
133.529,85.5088,3.8569,0.0822,0.0422,15.0008,75.7476,-35.4189,87.3269,382.337,h
31.5473,16.5484,2.5993,0.3371,0.2,-1.0313,-21.8471,11.3766,10.6245,196.962,g
60.0587,17.6117,2.7404,0.3164,0.1664,-44.1893,43.6811,-10.9394,4.862,286.406,g
39.3999,7.8633,2.8318,0.4511,0.2875,0.425,25.3928,5.4316,87.4789,91.0664,h
28.5785,13.7052,2.5085,0.3752,0.1969,-15.0803,14.2798,-7.5102,14.972,241.804,g
26.8717,18.2984,2.4306,0.3377,0.18,11.1285,-14.7538,-15.255,1.8311,169.956,g
12.9336,11.1805,2.0952,0.739,0.4378,14.5081,-7.4438,-9.1835,44.4625,208.143,g
63.0614,33.1903,3.1278,0.1662,0.0846,-94.7434,24.0348,-31.785,45.916,274.406,h
24.7193,18.9698,2.5933,0.3648,0.2105,14.3989,19.6248,8.7439,61.8883,87.5641,g
20.7349,11.2396,2.2672,0.6162,0.3541,19.2833,20.0391,-10.9841,9.5667,140.395,g
28.0163,6.6576,2.3118,0.639,0.3439,15.5912,-6.1771,5.1057,21.279,251.667,g
38.7504,15.501,2.6508,0.4067,0.2112,-29.3864,-35.3548,11.4233,13.6657,175.622,g
41.3165,16.9678,2.8751,0.26,0.134,36.2994,21.4508,-15.6841,10.961,205.186,g
59.3377,26.1354,3.1764,0.3651,0.1975,2.3544,33.5577,13.8393,4.319,339.751,g
12.9627,11.2948,2.0663,0.7468,0.382,-15.0053,4.0567,-11.7542,61.5575,137.259,g
26.2755,8.9079,2.7999,0.5205,0.2757,12.9749,14.5442,-2.9468,7.3189,236.3672,h
123.756,11.6108,2.4526,0.5961,0.3439,-123.689,-84.3934,-3.3209,7.1941,311.726,g
20.3931,10.5634,2.3324,0.6372,0.3651,-19.5619,-19.1059,-11.41,62.8383,240.301,g
20.1503,12.4859,2.4749,0.4958,0.2697,-2.7652,12.3436,-10.2218,3.0331,163.523,g
70.69,20.5861,2.8865,0.2896,0.1474,-88.0805,37.3382,-10.6598,1.638,252.56,g
22.9965,11.3488,2.5949,0.5438,0.2986,-5.0415,-22.0568,6.5046,2.366,182.313,g
57.0527,36.147,3.215,0.3456,0.1911,-1.5925,46.8314,19.0895,9.093,341.91,g
18.5424,10.4038,2.2878,0.5619,0.2912,-0.8683,6.543,-5.2262,74.4102,92.1155,g
36.5676,18.5682,2.8445,0.3104,0.201,15.7735,26.7635,11.5514,15.939,135.915,g
17.6569,10.4081,2.3598,0.6419,0.3734,19.9805,12.0855,4.9973,19.9398,185.554,g
16.5149,11.558,2.2833,0.5938,0.2995,1.2281,-5.6061,-2.4139,48.896,199.29,g
12.8974,11.2377,2.2135,0.7278,0.4373,-14.5958,8.0007,-7.2282,67.4932,204.762,h
20.7693,10.3513,2.3054,0.6535,0.4282,-18.2017,-20.29,-11.7144,2.752,298.109,g
144.0407,41.1747,3.4371,0.1796,0.1163,-132.7411,-94.3278,-33.2305,82.1899,299.0168,h
19.9215,18.1894,2.5514,0.4747,0.2542,3.1557,-13.465,14.7762,40.256,130.425,h
15.9414,11.5176,2.29,0.6205,0.3974,1.8561,-4.0947,-7.8835,13.2657,162.959,g
265.5827,76.4762,3.1605,0.2898,0.1615,473.0654,-284.7038,40.4617,77.5514,175.0569,h
40.6332,21.8092,2.5933,0.3622,0.2079,52.5079,-23.0368,-14.1844,18.967,220.445,g
23.9467,14.5395,2.634,0.446,0.2404,-18.8146,12.5722,-8.6566,60.493,185.734,g
41.4518,12.2506,2.6707,0.3287,0.174,-16.7081,-25.38,8.5856,32.8027,38.5209,g
69.8921,18.9497,2.8283,0.294,0.1656,-120.499,58.4752,-9.0489,4.442,260.136,g
43.6057,24.0398,2.9358,0.233,0.1316,-40.4184,23.3319,10.5551,6.886,168.451,g
30.9635,18.6194,2.8552,0.3001,0.1654,24.4173,18.6112,13.7826,4.875,103.958,g
24.0731,15.3635,2.666,0.3862,0.1931,9.3779,10.1588,-13.1544,0.132,146.121,g
81.7977,35.6466,3.7048,0.12,0.0707,-93.6769,53.7303,-27.9101,2.985,246.496,g
31.3791,20.9045,2.8558,0.3596,0.1958,26.2155,29.2661,-18.1936,79.437,222.872,h
22.7566,11.795,2.4158,0.5797,0.405,23.1034,16.5853,-9.3735,43.3032,171.037,g
35.0575,19.9323,2.8876,0.2876,0.1483,29.6089,30.2589,5.0611,1.273,187.037,g
40.9031,9.2502,2.6684,0.2916,0.157,32.4664,-18.3601,-11.4804,66.4239,126.0903,h
38.5725,12.5664,2.5132,0.5061,0.3236,-26.1194,-27.791,6.9751,12.14,163.313,h
26.3331,13.2689,2.3377,0.521,0.3009,-8.2202,17.9252,0.4299,34.5949,268.2667,h
28.6893,19.4822,2.634,0.2811,0.1429,28.5064,-14.0549,16.0918,43.7063,91.0879,g
34.6633,14.7322,2.6604,0.3628,0.224,35.1217,25.8056,-10.9382,6.1287,143.96,g
119.9548,68.0008,3.2619,0.2476,0.1364,-20.0921,42.4992,80.8296,43.5955,372.3003,h
12.8515,11.4632,2.1917,0.7331,0.3891,-15.1548,6.5773,-11.3517,86.0453,219.583,h
28.443,23.9642,2.7173,0.28,0.1659,-26.3838,-23.1416,-6.7517,9.0922,179.118,g
29.4785,12.891,2.4306,0.3636,0.1911,28.8318,17.0786,-7.189,59.3545,107.011,g
161.5387,119.7201,3.8941,0.1005,0.0455,315.3522,-87.3341,29.0148,83.2382,285.93,h
46.3706,21.9331,2.9206,0.3109,0.1603,26.5122,32.6991,-13.6362,2.447,264.805,g
29.5519,15.6218,2.7486,0.3818,0.1971,-9.2178,-20.5552,3.9239,6.6996,140.956,g
65.7162,25.3132,3.5375,0.2184,0.1176,-70.1286,59.1235,4.056,0.187,291.357,g
141.751,34.0218,3.3695,0.1542,0.0822,54.8349,-43.7088,33.6065,4.48,106.368,h
95.5716,29.1767,3.3524,0.2212,0.1224,-5.6521,-7.9173,-14.2512,0.239,354.169,g
200.1055,92.8443,3.3265,0.2851,0.1939,-141.2492,-229.1579,39.1106,8.5877,214.2675,h
187.4254,36.4627,2.8737,0.2731,0.1458,217.9336,90.0964,-21.5542,9.0153,238.0995,h
24.1401,15.4525,2.4393,0.4182,0.2273,-17.5407,-15.9255,-12.8517,11.711,166.719,g
40.0726,9.6414,2.7745,0.3731,0.1958,2.5486,27.4033,7.0858,15.5932,188.699,h
28.8863,6.8206,2.3232,0.7722,0.4416,-10.2657,-17.983,4.8526,54.9821,121.1793,h
238.1686,84.5643,3.6106,0.124,0.0859,-175.5476,-93.5337,-82.8953,59.5554,175.1797,h
31.4793,12.9854,2.5121,0.5602,0.3207,22.9031,10.3944,8.4767,61.4791,151.7632,h
98.894,45.5173,3.9102,0.1345,0.0677,28.5925,55.4542,-26.9909,2.727,353.646,g
35.3067,15.7496,2.7966,0.3482,0.2053,46.5003,23.9515,2.4949,4.2873,196.75,g
20.5116,12.1955,2.3375,0.5011,0.2828,0.9951,-6.0133,-10.8397,17.229,140.762,g
30.1747,17.1108,2.7723,0.3091,0.1748,12.8834,24.3136,1.7449,1.76,150.329,g
52.385,39.3619,3.0348,0.1716,0.0835,-14.1773,-52.7253,-26.9833,72.0321,171.9525,h
92.2265,26.4529,2.9077,0.1719,0.0872,-120.69,80.8701,-11.3944,5.0667,220.885,g
18.9645,12.9814,2.527,0.523,0.3105,10.1536,12.8059,4.7404,18.749,187.018,g
71.1997,13.3094,2.8195,0.3045,0.1614,-89.4882,50.7503,9.0471,8.079,250.935,g
76.6778,20.1766,2.8212,0.2838,0.1517,-83.4907,54.4859,20.7574,1.2118,257.408,g
23.7928,13.9277,2.5422,0.6169,0.3142,0.7255,18.5548,-15.56,74.5814,223.055,h
20.5155,11.8943,2.2405,0.6322,0.3592,-10.0574,-20.4458,-7.0672,82.7705,218.241,g
61.7708,27.3866,3.4156,0.1675,0.0901,36.2166,51.8023,5.5884,3.0719,252.53,g
27.7395,9.7449,2.5998,0.5545,0.3126,9.1845,19.8611,11.756,20.0791,84.1283,h
67.7065,19.3835,2.8491,0.4572,0.2923,-2.9579,-51.6782,-10.6018,51.748,322.295,h
54.3183,28.9118,3.8108,0.1382,0.0717,24.051,26.1928,16.6826,4.6472,131.492,g
76.7351,46.0491,3.1308,0.1336,0.0627,73.774,72.7808,36.1564,2.1935,189.5165,h
72.3176,22.1964,3.0745,0.2364,0.1243,-5.6449,-39.3515,20.9782,46.5918,230.2038,h
17.8001,10.926,2.1673,0.5306,0.2687,0.0,0.0,2.386,90.0,194.898,g
102.077,17.4616,2.9943,0.2979,0.1727,-150.671,48.1427,-16.7787,4.3488,271.352,g
29.3039,20.1568,2.525,0.4149,0.2104,46.3511,-23.0844,11.8314,12.8835,166.381,g
107.7974,19.0251,3.1179,0.2478,0.1498,-88.4741,56.679,7.3541,47.4624,288.7697,h
49.8986,12.6365,2.5172,0.3191,0.1626,-47.4998,17.2189,-8.8468,35.934,204.903,h
16.2518,10.4497,2.4513,0.606,0.3333,-0.1087,-8.2122,8.7514,40.5029,94.633,h
22.6121,16.0956,2.7328,0.457,0.2692,3.0758,16.6688,-13.5097,29.9812,153.497,h
197.743,52.6165,3.3507,0.1592,0.0814,-108.831,-270.639,38.676,1.161,269.186,h
74.4746,13.4246,2.9717,0.2818,0.1435,18.4636,76.5354,-9.3669,5.847,286.639,g
30.2753,6.5382,2.7286,0.6516,0.3564,-6.4232,15.8474,-6.1027,7.9518,199.3748,h
157.609,57.0586,3.915,0.0737,0.0381,-26.9279,129.47,49.2551,67.313,279.262,h
24.6256,20.4027,2.7742,0.3583,0.1825,0.7576,21.6776,13.1129,29.3898,163.495,g
127.9027,57.0209,2.6942,0.3685,0.1846,152.7872,80.1306,-56.8952,45.4631,305.8764,h
22.8824,10.4655,2.243,0.5314,0.2771,-24.5527,-18.0838,10.0962,15.91,170.332,g
54.5985,20.5114,2.7427,0.4286,0.2251,-25.3734,-28.8119,-15.5386,3.679,316.423,g
21.4397,10.5758,2.485,0.5696,0.3355,13.4978,-14.2692,-6.2677,84.1039,221.567,g
35.0589,18.0992,2.7672,0.3197,0.1718,22.436,23.1774,-12.4873,4.391,74.6131,g
161.127,69.6719,3.3498,0.1032,0.057,-50.9245,-194.392,-64.005,89.8286,202.183,h
85.3814,18.3917,2.7931,0.3011,0.1957,-70.2899,-58.7193,-15.0238,1.869,259.995,g
28.8128,11.5802,2.6767,0.5032,0.3168,3.8717,-11.3303,8.7701,46.5083,184.127,h
52.1302,21.3653,2.8808,0.2697,0.1428,11.3057,41.292,7.9555,1.8987,249.539,g
37.2618,13.9046,2.695,0.3249,0.1907,21.9309,19.2815,-6.6054,11.346,230.953,g
27.6162,18.0869,2.6309,0.3275,0.186,-11.8881,-13.0222,6.0149,85.521,72.3563,g
26.6961,17.6852,2.5988,0.3224,0.1725,32.869,23.2333,4.8227,50.74,169.054,g
21.5093,11.4671,2.7017,0.4379,0.249,7.1733,14.4059,10.3611,27.7193,175.9077,h
40.5294,25.3198,3.223,0.2054,0.1259,18.762,37.1673,15.0083,15.2303,257.5868,h
21.4698,12.641,2.4273,0.5196,0.3047,-15.8296,-14.9856,5.2936,4.589,151.69,h
29.3119,6.4782,2.3424,0.6091,0.3114,-34.2537,-19.6348,-2.6515,63.188,134.882,g
59.6365,23.1925,3.0938,0.1918,0.106,18.8051,42.1395,-7.3426,10.208,226.462,g
88.4197,23.2053,3.2221,0.3664,0.1838,28.1217,-20.262,21.0801,0.1076,389.734,g
123.4954,33.1853,3.5515,0.1224,0.0849,-41.6601,-182.7114,-27.3945,11.7776,168.0363,h
57.0829,23.3635,3.1016,0.1899,0.0962,48.6042,45.5444,-4.0477,6.6582,150.17,g
113.854,23.581,2.8476,0.473,0.2834,-82.8811,-90.7664,14.6435,18.826,326.649,h
23.5902,18.6453,2.6702,0.3868,0.2105,-13.1999,-19.0022,-9.3453,46.8127,41.6219,g
70.8595,37.3941,2.955,0.2751,0.1503,80.1679,-29.1591,-25.3491,10.077,181.839,h
32.6557,14.4534,2.8267,0.4098,0.2198,-8.3825,23.8199,-6.8912,21.475,227.561,g
31.4511,22.2625,2.8943,0.338,0.1805,14.4846,18.2086,-17.4056,9.1233,242.491,g
18.9069,13.6793,2.5205,0.5792,0.3394,-7.0648,16.3617,3.3348,50.2541,132.657,g
35.225,18.2119,2.902,0.287,0.166,27.6093,25.4402,8.548,27.2776,168.34,g
96.9929,31.5506,3.0039,0.1903,0.1046,-108.296,49.7386,-12.1159,39.0835,247.85,h
82.613,22.0932,3.0934,0.172,0.0854,1.2634,47.923,-8.3702,45.235,219.7742,h
36.5196,33.7385,3.0812,0.175,0.0933,-19.7906,-14.8072,24.3361,28.845,117.723,g
49.6147,25.7584,3.2715,0.2151,0.1292,52.3369,49.3716,-12.6769,1.3872,239.75,g
27.7187,7.2161,2.3222,0.6095,0.3405,6.7161,13.3383,-5.1123,17.488,59.1391,g
41.0165,21.9082,3.0461,0.2725,0.1443,37.8673,32.1565,-11.8213,2.635,89.7379,g
91.3972,24.6923,3.0794,0.3836,0.2533,-89.6152,-81.031,13.0566,35.876,289.0848,h
25.643,13.8085,2.4409,0.4058,0.2047,28.4416,20.009,-7.4265,33.9455,67.7682,g
20.4837,10.9382,2.2405,0.5977,0.3075,-6.962,17.8283,-7.6208,45.65,110.864,g
33.1272,20.3221,2.5447,0.2728,0.1766,-11.8518,20.7825,-16.4027,84.9179,193.4097,h
35.0447,21.8043,2.8814,0.2457,0.1281,-13.1367,-31.9521,13.7013,2.232,219.478,g
69.7228,29.4108,3.4686,0.1812,0.0926,-39.9696,68.3345,22.2578,2.0787,290.624,g
35.3812,17.6422,2.6556,0.3735,0.2287,-10.3708,-22.15,-18.4285,15.8702,236.856,g
13.7784,9.4179,2.2776,0.8443,0.4354,-14.6666,-4.6403,11.659,42.5529,145.204,g
96.2951,37.594,3.6512,0.2069,0.1231,-81.4469,45.7537,28.3626,2.399,340.27,g
38.5173,10.1657,2.5605,0.3961,0.2022,-16.4005,23.9759,6.2005,7.331,193.494,g
92.8599,23.6894,3.1769,0.1709,0.0513,-70.5047,58.4431,22.9366,44.6544,215.0913,h
46.4657,19.0171,2.5334,0.366,0.1859,-48.8605,27.6434,4.0109,2.4817,292.23,g
36.6127,15.1914,2.5927,0.3653,0.1954,-36.5592,-34.1768,-8.3285,2.269,201.711,g
26.2813,11.4371,2.5126,0.51,0.3303,-6.922,-18.2562,-10.1384,22.598,173.144,g
94.5686,26.0261,3.6254,0.1374,0.0693,-68.1777,80.6913,5.0962,3.863,293.298,g
17.5048,11.0088,2.2122,0.546,0.316,-0.1748,3.3504,5.654,5.9071,156.575,g
27.5587,9.1854,2.7751,0.4868,0.2658,11.077,0.4856,9.8768,33.658,217.4068,h
42.2453,10.8869,2.601,0.3484,0.1942,30.026,24.9977,-5.844,7.6092,132.882,g
20.5056,12.823,2.3531,0.51,0.2683,9.9865,14.0662,8.7369,1.701,205.635,g
19.8183,7.3691,2.1569,0.7387,0.4146,1.892,-8.4532,5.0759,17.8692,249.918,g
55.7126,12.7398,2.9406,0.2687,0.1597,-17.0784,-21.365,-6.4121,51.6743,85.4303,h
114.12,35.7247,3.255,0.1406,0.0714,-72.1128,-18.4049,-22.9739,56.5554,273.133,h
47.0773,12.5447,2.6023,0.3294,0.1589,-21.0008,-12.4242,7.2036,26.9054,221.7892,h
34.4576,15.5033,2.6618,0.2941,0.1514,26.7966,19.7658,-8.7048,20.2125,209.434,g
28.4509,6.2218,2.4378,0.6752,0.4325,-27.3687,-23.723,3.7167,9.2887,233.044,g
87.3343,58.5352,3.8619,0.1653,0.1011,-96.7451,-57.552,-31.9197,1.1715,387.7073,h
27.3178,11.8683,2.5132,0.454,0.2684,6.4308,21.9334,-11.2211,5.2524,156.958,g
37.5719,10.1147,2.7853,0.4443,0.2254,31.2099,18.2122,6.5291,67.624,143.643,h
27.0104,19.1173,2.5224,0.3093,0.1607,-37.1599,-6.568,15.2294,11.766,265.93,g
94.4692,30.4196,2.9085,0.2136,0.1265,-124.042,79.9422,-19.1378,10.5067,218.834,g
71.8916,32.0685,3.662,0.226,0.1299,-39.9444,57.9611,26.3802,4.088,299.69,g
56.6471,23.4727,3.0654,0.3234,0.1708,-56.3223,40.8411,19.1479,8.8062,285.064,g
149.545,35.5752,3.3561,0.1735,0.0887,-54.0293,107.078,30.6711,51.0768,291.401,h
215.0162,83.461,3.3843,0.1876,0.0776,-278.17,-160.962,83.6411,63.9819,207.9776,h
74.5253,25.4305,2.9055,0.1777,0.1038,-101.878,-57.1529,15.8341,10.152,237.673,g
60.7647,16.9221,2.8998,0.2481,0.153,-2.8043,-38.8922,11.2894,1.649,179.607,g
141.967,51.2485,3.1421,0.2358,0.1273,-155.744,103.076,39.6457,47.14,274.685,h
17.4438,10.9177,2.1959,0.586,0.3408,-1.1321,6.014,-6.5272,17.8368,53.7308,g
104.5871,37.1702,3.2437,0.2562,0.1144,-80.5862,-99.2532,-24.5775,8.4966,393.3124,h
80.9416,26.1937,3.5336,0.1706,0.0947,-84.8159,60.5693,22.9385,0.0974,275.661,g
18.2772,17.6995,2.3191,0.4652,0.2422,10.3473,18.0634,-10.1295,53.8203,145.464,g
126.5051,86.495,3.3422,0.3189,0.1523,-221.0336,102.9845,57.6741,51.0941,333.6983,h
61.596,20.4676,3.3757,0.1848,0.0987,58.0284,49.7748,-10.6349,0.488,213.798,g
44.6257,17.3928,2.7846,0.2726,0.1404,10.046,36.8161,13.2095,19.3827,175.413,g
36.9766,9.2718,2.5562,0.5747,0.2956,21.4842,14.9799,5.4038,79.7793,231.5184,h
35.807,24.4013,3.1178,0.2234,0.1193,15.4858,23.8735,11.4032,8.37,228.451,g
69.1062,26.4615,3.0156,0.1495,0.0767,-13.777,-23.6209,17.6167,9.783,172.123,g
78.6512,31.0313,3.2848,0.1744,0.0927,81.8203,76.3706,32.684,9.2693,263.055,g
152.893,36.004,3.0615,0.1953,0.1141,-152.978,109.93,23.0221,3.8617,177.848,g
50.0346,20.9776,2.9383,0.2963,0.1746,37.6013,42.5536,-10.2068,6.035,275.673,g
31.9031,23.5254,2.8146,0.259,0.1341,-26.3318,-17.8449,13.4901,42.0116,113.319,g
123.935,58.3488,2.8222,0.3163,0.1709,-175.845,-86.5982,31.9732,20.4454,152.573,h
23.3525,11.1607,2.5192,0.5234,0.2647,7.8794,20.6501,-6.2839,37.0993,202.753,h
13.0755,10.9705,2.1222,0.7623,0.434,-14.3699,5.0906,11.1162,25.914,247.099,g
22.4632,16.3469,2.4609,0.4048,0.2059,-24.0797,-11.1927,8.6936,16.2131,110.497,g
61.6991,12.3313,3.0035,0.2604,0.1548,88.3498,50.0728,7.6156,9.0509,212.5836,h
45.5945,21.2593,3.0538,0.2102,0.1144,-19.4628,-32.9385,6.9607,9.0222,216.746,g
21.4824,12.6292,2.3253,0.4444,0.2293,28.1533,11.1342,9.8983,35.8283,71.743,g
164.2923,72.6052,2.7509,0.3066,0.1572,-231.6025,156.2367,67.0884,8.7457,244.743,h
31.2921,14.1216,2.5959,0.3873,0.2125,-36.8947,20.1293,-9.0478,81.8892,235.6785,h
21.8891,10.6018,2.3979,0.584,0.326,-17.7036,-17.4299,-5.966,42.8297,128.422,h
29.8072,12.2518,2.4393,0.5018,0.2818,-27.7055,-16.8471,10.4134,22.5916,205.989,g
250.088,45.9908,4.0203,0.0752,0.0495,-353.26,-206.378,-18.5736,82.2326,43.3838,h
239.7724,32.4624,3.1081,0.4108,0.2893,-323.027,190.5494,-23.9543,42.2162,194.9762,h
35.7459,15.1771,2.7619,0.3253,0.186,-3.6735,22.2786,6.2145,1.2204,176.108,g
108.138,54.8564,3.2102,0.1676,0.0903,-7.9373,-56.6559,-29.3564,7.212,322.644,h
64.5397,30.7499,3.0086,0.2912,0.177,-31.8996,-11.4761,-21.9605,13.377,309.814,g
43.5163,19.0106,3.0803,0.2685,0.1475,5.357,-12.4533,-6.1321,9.4008,230.392,g
76.5193,31.7968,3.5272,0.1658,0.0916,74.3815,73.5896,21.8943,7.611,234.68,g
62.1376,23.3124,3.3193,0.2325,0.1215,38.1039,64.4663,6.6418,8.626,250.738,g
28.3543,25.5873,2.7668,0.3234,0.1754,29.3307,17.5713,18.6666,33.509,170.349,g
28.9452,6.702,2.2672,0.5351,0.2784,37.0816,13.1853,-2.9632,86.7975,247.456,h
88.3799,23.7348,3.2642,0.1905,0.1053,-1.3763,76.8995,12.1729,0.949,339.391,g
50.3466,12.072,2.8899,0.3814,0.2313,-74.4798,31.4862,-5.7697,3.915,266.534,g
64.3675,21.877,3.1679,0.1685,0.0893,-39.0122,-36.4413,9.813,8.17,274.605,g
61.1986,37.0725,3.4754,0.1379,0.0745,26.7641,33.1541,35.6429,45.9408,226.924,h
30.3063,11.1478,2.4502,0.5071,0.3245,-14.6267,-14.0046,-7.3102,66.01,155.056,g
22.3075,0.0,2.1055,0.7529,0.4431,1.8826,-10.3925,-0.0001,25.035,184.187,g
31.881,6.401,2.6244,0.5059,0.2877,5.1272,15.8025,-6.6771,52.9994,68.2131,h
23.2179,15.4175,2.6835,0.4373,0.2373,-8.9206,-12.3471,9.0895,25.3949,186.147,g
42.9665,19.5815,2.5769,0.3444,0.2397,-32.0133,-32.2305,9.8792,10.1005,174.968,g
25.1526,0.0,2.1599,0.7405,0.4671,24.187,18.1689,0.0,61.216,237.147,g
157.672,58.5786,3.9945,0.1078,0.0561,-70.9062,-122.064,-40.4482,26.359,299.256,h
147.469,57.9305,3.1745,0.273,0.1589,-104.576,-150.179,41.9046,57.359,282.838,h
19.5128,16.7005,2.4074,0.5988,0.3973,5.8685,-12.3289,-13.9717,16.367,145.109,g
46.2876,19.7294,3.0037,0.2519,0.1334,30.4439,33.0749,14.0527,13.5359,242.067,g
44.8449,9.4621,2.6506,0.5021,0.2725,33.4834,19.7237,-13.1149,45.1624,224.2598,h
94.9897,55.072,3.1227,0.2412,0.1308,80.7443,95.2638,53.2694,50.8115,283.939,h
33.5826,11.0346,2.7147,0.4301,0.2459,38.1995,29.6283,6.2741,27.015,143.936,h
25.8446,16.9194,2.4133,0.4749,0.2568,17.3844,-18.1547,14.7409,2.3506,204.487,g
19.1492,9.6685,2.2695,0.6559,0.4489,3.8906,-14.0954,-8.6973,20.5343,198.692,g
134.9985,95.8599,3.3018,0.2299,0.0956,147.3387,-89.2606,-51.6454,18.5212,197.401,h
26.6585,15.5999,2.5237,0.4611,0.256,16.9138,16.2574,-9.0758,2.148,243.223,g
21.8261,15.8986,2.7366,0.4904,0.3017,-6.774,-5.2501,3.9688,53.6208,205.3737,h
39.5872,23.2324,2.8395,0.2634,0.1339,-40.423,-33.2499,-10.6714,16.85,251.816,g
44.3862,18.8247,2.9959,0.2484,0.1388,31.9921,39.6798,-11.1651,13.3615,269.454,h
133.346,91.4716,3.3214,0.3096,0.1605,-217.746,114.082,55.2309,48.3842,346.524,h
21.2489,15.2421,2.5966,0.5063,0.3152,9.6945,12.1388,12.1279,56.632,132.587,h
26.0927,25.7855,2.76,0.3194,0.1689,18.7719,17.8359,14.9098,28.909,101.2832,h
63.3715,22.8596,3.0152,0.1999,0.1067,27.7348,42.5924,-12.7436,4.4256,252.271,g
23.498,9.161,2.3674,0.6609,0.4399,20.9879,20.8443,11.37,22.447,172.895,g
172.628,30.6869,3.1647,0.3641,0.1995,-219.128,100.466,-27.6755,49.158,311.767,h
24.1417,18.2322,2.7853,0.3885,0.2287,3.201,-13.1804,3.5891,89.2231,80.7012,g
20.2803,12.6979,2.4125,0.5725,0.323,16.4516,11.8946,8.8375,3.3863,165.547,g
84.0658,21.2136,3.4673,0.1326,0.0711,9.8491,71.2746,2.2249,4.8249,236.921,g
24.2018,10.4544,2.4354,0.5028,0.255,-29.6686,-20.3157,-7.1364,3.098,129.205,g
21.2515,12.6117,2.4433,0.5586,0.3081,24.3302,15.152,8.9115,51.1727,204.287,g
43.721,23.5163,3.1587,0.2096,0.1155,38.8419,28.3415,10.336,7.992,146.153,g
121.5675,29.0624,3.3412,0.3196,0.1543,-139.7976,-69.814,-26.2826,21.5078,331.8356,h
68.8411,12.4469,2.8494,0.2588,0.1322,5.77,60.1914,4.2285,56.877,257.925,h
28.5069,21.9304,2.673,0.3248,0.1688,12.2205,-19.926,10.2982,67.511,106.735,g
44.3799,23.5005,2.86,0.294,0.1622,-60.796,14.05,18.524,7.1191,271.519,h
47.7165,18.8286,3.1884,0.2087,0.1111,20.4066,-28.5835,14.0365,0.0597,216.992,g
19.0999,7.3718,2.3375,0.7816,0.4483,3.5164,-9.2762,3.6703,30.3774,148.701,g
23.7533,16.8303,2.8299,0.432,0.2685,6.3197,11.3306,-11.9067,14.2238,157.23,g
83.2852,22.5835,3.1284,0.2507,0.1626,-75.2595,55.207,18.6662,2.772,255.471,g
36.7226,23.1042,2.9906,0.2657,0.1559,19.3852,-22.9758,20.7725,9.5163,177.32,g
21.2181,6.6886,2.2343,0.7522,0.4636,20.5985,15.3193,-6.2442,12.001,128.952,g
22.4037,12.8155,2.6767,0.4253,0.2284,-7.2648,-3.59,7.0587,34.361,78.5615,g
44.1337,11.0813,2.9063,0.3387,0.1706,7.9697,32.8381,4.7318,34.553,148.581,h
20.6835,6.3427,2.1542,0.7271,0.4073,28.9014,17.3733,11.58,31.7306,186.3238,h
32.1447,19.3534,2.635,0.343,0.1796,20.9922,12.7919,8.2013,62.3724,74.779,g
89.4871,33.6833,3.9396,0.1254,0.0682,13.7476,74.5934,-29.4768,0.009,280.334,g
23.1224,18.1874,2.5557,0.3588,0.1933,9.0508,11.0315,14.2731,57.1013,59.2505,g
64.3679,28.65,3.6926,0.1435,0.0726,30.1102,29.1094,-13.8552,3.417,226.762,g
65.9726,40.4145,3.4188,0.2489,0.1368,5.9293,-72.1374,29.005,18.0434,376.4744,h
47.1809,36.1063,3.3876,0.1752,0.0863,22.0595,45.9605,11.9238,4.5803,246.882,h
26.0516,16.0952,2.7122,0.4398,0.2671,15.6886,4.7369,5.973,11.9463,97.0772,h
38.6053,23.9217,2.8476,0.2884,0.1555,-52.5349,23.0921,-12.0991,0.9589,191.979,g
43.5993,17.8827,2.9814,0.2787,0.1394,-15.2644,-27.7352,-16.5339,7.8899,195.593,g
38.025,15.9698,2.5353,0.312,0.1822,-15.7771,23.4069,12.4622,12.1567,191.617,g
69.4972,17.8122,2.924,0.1775,0.0899,-39.4604,39.4999,-10.5893,85.3104,42.9956,h
27.009,12.9943,2.6632,0.4756,0.2986,-0.695,13.4028,9.5451,20.582,133.806,g
96.1923,70.6579,3.655,0.1706,0.1046,-36.8342,35.6064,64.7771,6.7027,305.0236,h
22.2067,10.355,2.3464,0.545,0.2725,24.1973,17.7733,-10.2401,31.234,151.512,g
27.1525,20.4365,2.4509,0.4347,0.2285,10.5636,25.3006,8.5722,85.4598,175.1644,h
41.7574,31.255,3.4256,0.1655,0.0888,30.8846,20.7422,-18.3957,1.935,138.823,g
32.5109,17.1115,2.6289,0.3173,0.1704,44.7869,23.1687,-15.2572,18.142,177.249,g
34.5863,18.9014,2.8639,0.3338,0.184,-9.164,31.007,5.1029,22.696,124.747,g
107.725,32.2207,2.9738,0.2188,0.1184,-134.26,81.8061,33.7141,1.5131,345.521,g
24.1701,15.3587,2.4533,0.412,0.2236,33.8177,11.8433,10.7637,67.306,196.753,h
30.2887,12.794,2.4518,0.4806,0.2845,19.259,25.3402,8.6476,44.754,209.325,h
20.6225,12.757,2.3243,0.631,0.3157,10.9599,7.5173,-9.6023,31.5365,175.6984,h
19.2295,17.0522,2.5916,0.4891,0.3291,6.4469,12.6475,12.9031,78.673,59.3604,h
13.0592,11.0857,2.1156,0.7586,0.41,-14.7393,4.913,-11.5702,77.476,227.178,g
53.9402,15.3367,2.9039,0.2886,0.1208,-49.5362,-40.7654,11.1534,11.6288,124.5165,h
35.6588,23.4655,3.1214,0.2707,0.1471,7.5011,16.7297,16.8961,82.3558,50.4624,g
18.4698,15.0397,2.4654,0.5,0.351,0.2245,-8.911,-9.753,13.323,233.549,g
19.9839,11.2832,2.3962,0.5984,0.3072,12.2687,18.484,-7.9177,26.112,148.313,g
57.0431,19.9269,3.3516,0.2007,0.1124,60.1126,43.7231,-9.1723,6.306,166.57,g
21.6252,6.7992,2.1287,0.7063,0.4126,23.0205,12.7579,-6.4939,13.3261,131.397,g
68.8027,7.0206,2.5912,0.441,0.269,-60.2751,-77.9162,9.8045,87.4631,143.2086,h
35.5185,22.6427,2.5982,0.3153,0.203,42.582,12.056,-14.5132,0.6684,180.018,g
28.4681,6.7426,2.248,0.5706,0.2966,-35.4372,-14.6775,-3.8845,23.221,126.32,g
41.9782,22.1387,2.8748,0.3042,0.1621,31.182,25.3913,19.0259,20.5966,139.299,g
27.1931,20.728,2.8742,0.3166,0.1757,29.3939,7.0961,14.3892,12.8303,239.451,g
77.8664,24.6139,3.5713,0.183,0.1016,55.2716,73.9884,-20.7641,0.011,251.995,g
50.42,22.455,2.9085,0.2877,0.1488,8.8663,41.6986,-16.0409,4.294,278.764,g
96.2358,33.1716,4.0803,0.092,0.0463,46.3278,87.5188,10.3555,2.2634,272.689,g
61.5553,23.7252,3.2649,0.1798,0.0899,83.3512,39.4129,-12.1938,3.363,214.055,g
32.5117,27.0574,2.9263,0.2227,0.1179,41.6225,14.7255,8.4679,25.4448,119.14,g
116.678,57.0686,4.1841,0.0697,0.0385,-82.9353,99.1974,28.7854,8.6023,243.754,g
67.3067,30.9748,3.6873,0.1689,0.0934,37.6799,77.4819,-21.5674,5.761,166.709,g
34.5018,31.5869,3.2449,0.1986,0.1033,-17.1715,26.0977,-19.9453,36.155,208.947,g
73.0346,23.5858,2.8712,0.2317,0.124,-74.4862,16.1392,-8.1284,26.0333,226.9949,h
28.9202,12.5617,2.4698,0.4373,0.2322,32.4781,20.3291,8.073,24.9379,176.121,g
92.2797,19.7173,2.734,0.393,0.2186,74.5464,85.7441,14.3202,50.299,310.806,h
16.8779,11.3454,2.2068,0.5776,0.3261,-0.532,4.3752,-5.6694,12.7782,132.603,g
18.4343,17.8717,2.3847,0.4866,0.2701,-15.7044,-16.517,-12.2311,71.073,158.703,h
78.3975,24.4927,3.3175,0.2291,0.1369,-31.0494,66.2589,13.1843,0.2485,299.167,g
66.8036,32.9765,3.683,0.1289,0.0721,39.1185,66.1333,10.4774,16.085,148.576,g
74.3411,28.4761,2.9366,0.2709,0.1163,62.9002,48.3698,-19.5721,80.979,217.0473,h
72.802,22.0162,3.2564,0.1956,0.0984,12.3841,69.1551,15.2273,1.068,227.686,g
38.2736,17.2842,2.7451,0.2608,0.1466,39.1278,8.7,14.2626,0.4229,188.455,g
44.6393,29.6229,3.1989,0.2897,0.1679,22.4119,47.0557,-18.6717,0.0056,126.288,g
21.8935,10.848,2.29,0.5949,0.3513,16.6034,18.4514,-6.9016,42.836,210.715,g
19.5436,12.6227,2.4735,0.4639,0.2471,1.4751,-3.9319,7.2393,31.933,165.866,g
35.9336,18.5428,2.7054,0.4,0.2138,38.8754,23.6713,15.7311,4.915,197.124,g
26.5659,20.5594,2.4878,0.3707,0.2033,18.1469,-21.218,17.0494,10.0413,184.231,g
12.8594,11.4622,2.0881,0.7347,0.3796,-15.1067,5.3564,11.6107,66.889,47.6166,g
29.2639,24.8505,3.264,0.2799,0.1495,-18.517,-13.8292,-18.8435,59.896,54.7709,g
25.0221,11.9672,2.4502,0.4468,0.2394,-6.2966,-10.4215,9.639,82.9593,36.6531,g
98.1819,72.8596,4.0347,0.0831,0.0433,47.1338,51.8443,-77.2541,43.207,180.939,h
36.9119,19.53,2.7509,0.3683,0.1812,11.4702,5.7815,8.5926,68.4468,198.1331,h
25.473,12.3598,2.444,0.4173,0.2356,9.1552,13.3961,7.0911,13.937,202.692,g
27.2242,15.6492,2.6551,0.3894,0.2223,11.0418,14.2168,9.1207,20.1203,179.184,g
22.7565,7.9735,2.4886,0.6883,0.3555,27.0813,8.5059,9.7806,88.0601,75.8044,h
22.3325,18.199,2.721,0.4278,0.2367,-14.503,-10.0776,4.2446,24.413,146.984,g
21.4533,10.874,2.2553,0.55,0.275,6.2375,-18.1623,8.6273,26.256,190.149,g
25.4153,10.369,2.3883,0.4458,0.227,12.5062,18.7929,-4.9977,89.4684,43.8685,g
30.8021,11.37,2.6787,0.4472,0.2925,-3.2633,-31.5454,3.3172,78.0385,249.0765,h
23.4732,12.2901,2.5775,0.5317,0.3214,5.5701,19.632,-10.415,1.8023,172.03,g
25.8842,18.8781,2.5085,0.3752,0.2031,14.2467,-17.4503,-12.7256,23.417,152.479,g
80.271,27.8899,3.1882,0.2425,0.1592,-43.3434,61.0639,20.5658,2.956,286.609,g
35.1537,22.1023,2.7948,0.3528,0.1901,48.0096,13.3081,13.0555,0.2226,243.74,h
25.7838,13.3367,2.4624,0.4793,0.281,11.6139,14.928,-9.3009,20.3804,148.372,h
98.2237,28.6677,3.5247,0.2907,0.146,-26.4037,36.7369,-23.7532,1.4305,394.688,g
53.6197,17.5723,2.6201,0.3885,0.2458,-74.8077,32.8913,-14.6654,5.4254,287.834,g
51.0934,17.5743,2.9879,0.2386,0.1229,7.061,-18.6174,5.5969,1.8071,231.356,g
98.0655,23.4188,3.3231,0.1734,0.0896,-67.9653,85.6082,-14.8935,0.712,293.452,g
44.1068,18.0102,2.7139,0.3304,0.1671,-38.0924,-19.9217,-8.9393,2.7663,220.962,g
20.0891,7.2875,2.0626,0.7446,0.3939,2.8514,-10.1315,-5.3405,78.3243,176.401,g
46.408,12.6657,2.6435,0.3477,0.2148,-7.1063,29.8569,7.4715,67.365,205.312,h
107.6995,43.5729,4.0981,0.0949,0.0435,73.7216,105.0877,-21.8873,73.0632,173.3239,h
35.0178,9.0437,2.7105,0.4615,0.2756,22.596,20.3377,11.4346,51.287,135.614,h
54.2037,18.3066,3.0661,0.2482,0.1541,67.324,36.0721,15.647,2.9912,264.362,g
18.3186,10.3349,2.2405,0.6034,0.342,-21.8067,-11.3213,-4.3641,50.4492,172.411,g
24.6841,12.1077,2.4843,0.4689,0.2574,3.3214,16.7615,-9.351,13.854,197.463,g
68.0828,30.6709,3.5616,0.1797,0.1006,43.2074,68.7917,19.4485,3.9174,210.517,g
29.4841,13.8828,2.6405,0.3684,0.2323,-21.7392,-16.3585,-5.4809,17.995,143.476,g
24.1784,17.3187,2.4031,0.4229,0.2391,6.9258,-3.9891,13.0288,22.993,130.942,g
59.5007,31.4947,3.7937,0.195,0.1128,-58.7423,40.9948,10.1785,4.6349,272.548,g
105.104,29.0942,3.5361,0.1653,0.088,111.08,89.7419,29.405,0.3837,278.092,g
103.684,34.6287,2.9937,0.2821,0.1476,-80.5684,-100.563,14.5214,29.0741,93.5249,h
120.5135,76.9018,3.9939,0.0944,0.0683,5.8043,-93.5224,-63.8389,84.6874,408.3166,h
38.229,16.5916,2.5308,0.3711,0.19,-56.5835,20.3266,-10.0589,3.7101,101.977,g
15.6525,11.9229,2.2253,0.6369,0.3542,-0.3542,2.5225,-6.014,27.221,263.038,g
49.4921,16.7337,3.0015,0.298,0.15,29.2908,44.0177,-13.8318,9.8863,247.394,g
22.4374,0.0,2.1089,0.7626,0.4319,0.0,0.0,-12.0088,52.255,212.208,g
31.502,13.576,2.687,0.5158,0.2815,12.0384,-12.2638,4.2508,88.3349,206.0526,h
21.7651,15.9545,2.4771,0.46,0.2717,22.0811,16.1818,3.3659,12.12,178.092,g
37.8536,11.4768,2.7243,0.4625,0.3052,10.7337,20.4481,3.0279,25.2228,187.9303,h
53.7587,42.1545,3.1971,0.1575,0.0822,-48.893,-32.1195,34.4839,84.3933,123.943,g
37.665,10.4983,2.8044,0.3638,0.2054,44.2722,25.586,11.2339,28.105,107.4626,h
18.792,12.5139,2.499,0.5895,0.2995,15.4574,14.1873,-6.7175,83.3056,39.1864,h
17.9301,10.1039,2.3522,0.6667,0.3933,19.5482,12.795,5.6509,83.2347,242.055,g
162.889,101.529,3.5138,0.0962,0.0492,78.8704,150.729,88.6735,26.352,177.565,h
68.5314,48.0582,3.3265,0.1846,0.1172,-37.1401,75.466,-38.0,28.5947,273.3442,h
66.9638,27.4333,3.2438,0.2259,0.1195,-59.8012,40.1941,-5.8131,2.258,300.6,g
44.8328,11.8428,2.6274,0.3679,0.204,28.8598,37.0115,-8.9649,6.682,183.42,g
41.736,16.3156,2.8825,0.3041,0.1579,25.1287,34.3492,11.5237,10.0749,192.753,g
72.1767,15.9009,2.971,0.3533,0.2251,11.8694,32.0153,11.0663,34.076,81.0633,h
19.2512,14.7951,2.2954,0.6419,0.327,29.4665,8.9581,10.6096,51.6492,226.6496,h
48.2468,17.3565,3.0332,0.2529,0.1515,8.573,38.0957,10.5868,4.792,219.087,g
79.7263,29.3006,3.6658,0.1524,0.0776,75.5107,81.7969,18.1684,2.4487,183.294,g
32.3347,8.7516,2.5575,0.4709,0.2479,23.7103,12.328,-2.1559,48.4534,127.043,h
46.2024,14.2391,2.7574,0.3427,0.2124,-56.0349,23.32,-12.5175,16.2398,191.1,g
74.1464,20.7143,2.7348,0.2799,0.1427,-31.1356,53.6291,19.484,4.802,300.163,g
31.1033,13.9444,2.5781,0.4069,0.2206,31.1702,-22.0653,-13.4095,19.2776,167.203,g
64.4135,19.3063,2.6862,0.2561,0.1375,77.7584,71.3995,18.0545,88.5315,68.0154,h
50.0122,17.8938,3.0388,0.257,0.1331,42.9603,19.7787,-11.2019,2.8523,201.766,g
36.2746,12.2371,2.64,0.4009,0.2302,37.3792,30.6402,-6.7504,2.975,168.353,g
161.278,18.5719,2.9159,0.233,0.122,107.855,162.46,14.6187,5.6891,225.22,g
36.4708,25.4444,2.8588,0.292,0.146,43.8497,31.1337,-15.239,17.3992,175.091,g
148.3768,58.63,3.2086,0.314,0.2129,-135.5069,106.0951,36.2692,35.5259,342.2848,h
35.6138,7.0964,2.3355,0.485,0.2748,22.5582,18.0866,-4.3745,13.759,171.148,g
17.9896,10.5798,2.42,0.6008,0.3175,22.4373,10.2655,5.0396,51.0538,116.016,g
30.858,28.1619,2.9053,0.3358,0.1785,9.5481,18.4893,27.6793,1.0274,175.253,g
51.7447,24.9239,3.1106,0.1837,0.0957,25.4608,43.4486,-10.9882,2.643,160.781,g
73.1647,32.2813,3.8581,0.1517,0.0787,7.5152,63.0827,20.4569,4.5252,244.058,g
61.3151,43.1685,3.3569,0.1507,0.0991,3.1627,37.0264,14.9764,9.6748,261.8352,h
27.3584,11.0676,2.5591,0.5222,0.2882,-15.3918,20.8893,-4.8565,21.2633,225.8799,h
63.6221,19.8789,2.8562,0.2639,0.1417,-50.101,-40.1622,10.9015,18.4513,174.6495,h
18.3117,12.6932,2.437,0.5448,0.3309,1.0374,-8.023,-9.5588,59.809,159.305,g
95.1779,31.5735,3.939,0.1402,0.0712,57.294,81.9578,-9.4992,1.796,296.651,g
92.5558,39.6185,3.8011,0.1339,0.0671,18.115,58.0334,22.5731,4.893,359.534,g
34.9166,10.8864,2.4713,0.4358,0.228,41.7939,27.4707,9.0442,11.566,92.967,g
59.4103,9.1581,2.8756,0.3848,0.1951,-93.1117,39.0645,-8.7892,9.2116,268.598,h
20.0105,14.582,2.3918,0.5436,0.3671,18.5398,20.133,-1.8952,53.008,159.32,g
26.4928,10.8712,2.3988,0.5309,0.3453,7.8185,17.3162,-10.0547,44.224,131.449,g
38.0751,16.0546,2.7745,0.3496,0.2328,11.1156,-14.5999,-9.4914,8.0786,227.148,g
14.8256,9.8085,2.4788,0.5682,0.291,-13.1573,-4.4593,7.7445,83.6406,148.3716,h
179.965,146.529,3.5626,0.156,0.0839,-128.974,-207.837,-127.11,78.073,282.717,h
20.4669,12.8241,2.3971,0.5451,0.2826,-11.1968,-5.9458,7.7056,26.0698,194.077,g
115.299,62.0856,3.2923,0.1893,0.0977,87.3818,111.731,-8.4119,74.726,113.687,h
33.1165,14.9345,2.4807,0.3901,0.2099,-20.3186,-19.6729,13.0813,5.7762,196.862,g
41.0916,7.7414,2.4224,0.4726,0.2892,-51.456,-10.4886,4.5228,10.8662,158.72,g
139.01,75.7862,2.9088,0.2566,0.1363,147.711,-47.5591,36.7909,72.1272,281.683,h
23.8929,19.7139,2.772,0.3702,0.1868,6.6832,16.7179,-7.9014,37.73,87.9986,g
68.4655,22.3665,2.9678,0.2434,0.1438,104.069,-55.3082,15.171,84.7105,211.578,h
29.98,9.3451,2.616,0.5351,0.3015,23.5075,20.7694,7.9348,43.205,140.041,h
64.9861,21.2241,3.2083,0.2526,0.1297,23.4481,69.5608,-15.6523,3.404,231.728,g
42.5712,6.8829,2.5125,0.5586,0.3382,61.8805,28.8978,3.4437,43.4692,166.6476,h
15.4479,11.9997,2.5302,0.6401,0.326,-2.1268,4.528,3.4228,5.4134,154.563,g
121.664,16.0865,2.5378,0.5101,0.3203,-140.295,47.8546,10.3781,1.662,245.553,g
40.8762,16.0729,2.7742,0.3045,0.1859,5.5435,11.4429,-3.0812,11.808,185.876,g
63.3917,17.6587,2.8099,0.33,0.1696,55.9058,43.7365,21.1001,11.228,293.4,g
53.4872,22.0174,2.9317,0.2153,0.1106,58.172,51.079,-15.7064,16.4569,168.167,g
100.747,16.6321,2.944,0.3322,0.211,-110.411,74.4191,-14.7132,0.305,230.713,g
37.9146,6.0951,2.6439,0.6175,0.328,40.0144,31.7469,4.3788,36.6756,188.842,h
60.4451,16.2378,2.6542,0.3659,0.2206,48.3431,60.1252,10.7123,2.967,185.584,g
66.0687,20.3533,2.9643,0.2823,0.1493,-50.6715,-43.5782,-12.3356,5.369,280.998,g
25.731,7.547,2.7485,0.494,0.294,15.9049,12.1196,1.2232,49.5059,94.4904,h
31.6903,12.4005,2.595,0.5196,0.2716,16.7129,11.6783,-4.8698,80.1735,201.3235,h
54.2122,14.3806,2.8388,0.3594,0.2239,-49.5198,-37.021,6.2357,28.641,110.78,h
17.9003,10.3235,2.3766,0.7143,0.4433,-7.1192,14.674,-5.4557,71.226,110.134,h
22.3154,10.3778,2.1847,0.5556,0.2974,-23.5139,-18.3797,-10.5941,20.212,220.354,g
24.2182,16.0602,2.3936,0.5374,0.3293,-0.0329,12.4265,-9.7284,84.1374,158.347,g
126.5,110.3594,4.0604,0.121,0.073,-62.9577,62.8116,70.3253,49.4252,373.9664,h
129.482,77.0001,4.324,0.0506,0.0267,31.1344,114.169,56.3025,49.472,176.376,h
12.8742,11.4433,2.4023,0.7366,0.3703,15.0194,-2.8617,11.7185,23.933,114.229,g
193.9086,51.2335,2.9993,0.2967,0.155,-268.3637,156.536,28.4412,19.7668,269.7731,h
35.3335,12.5989,2.6702,0.3974,0.2041,28.1225,-17.0134,-10.1084,5.8315,194.634,g
180.4935,52.5839,3.0834,0.1997,0.093,-97.9913,-217.4087,-18.2737,33.4184,186.36,h
23.5549,0.0049,2.2055,0.729,0.3769,2.4296,-12.3251,-0.0001,40.3261,160.59,g
41.032,26.6866,3.0637,0.2202,0.1239,14.685,31.5055,11.8769,2.4506,164.399,g
13.1279,10.6726,2.1189,0.7757,0.4677,13.6526,2.9765,10.6684,41.2125,101.665,g
103.7022,24.6138,3.3191,0.2723,0.1733,8.0278,58.9876,6.5624,28.8291,326.0969,h
24.5507,16.9437,2.776,0.4288,0.2672,4.6419,15.2027,13.208,39.1194,216.39,g
95.4421,57.4709,3.7277,0.1784,0.0912,-45.6153,-92.9479,-41.5289,15.686,298.154,h
42.019,7.3876,2.3444,0.5882,0.3054,51.0773,-14.9667,-3.486,13.4966,184.773,g
50.0133,21.1811,3.1661,0.2306,0.1231,64.963,41.1818,19.3027,0.591,231.876,g
71.7603,30.3507,3.2045,0.1848,0.0971,47.2419,54.7852,28.4108,2.57,303.346,g
15.8646,7.6278,2.52,0.5872,0.3069,-19.3034,14.7897,-10.1066,7.6553,188.0232,h
77.4596,22.4927,3.0615,0.283,0.1463,60.5712,77.0023,-18.4307,26.0459,186.964,h
43.1994,17.501,2.8011,0.2735,0.1431,44.9467,40.3342,-4.6509,7.6914,154.427,g
44.6665,23.6658,2.7206,0.255,0.1361,-67.3175,21.4992,-12.8329,1.3387,113.882,h
27.0329,12.8911,2.682,0.4635,0.2197,29.1305,21.7562,-5.54,11.2582,184.0821,h
41.3848,32.4617,2.7938,0.3521,0.1889,-20.4985,28.2927,28.1989,9.628,308.373,g
127.314,95.0778,3.7006,0.156,0.086,-29.3707,-127.826,76.0227,68.0493,397.574,h
20.1623,15.2891,2.5538,0.5193,0.3697,12.3494,18.8776,10.3381,12.3606,255.8995,h
39.4622,4.6474,2.3784,0.6234,0.4038,18.6142,29.3952,3.4627,14.006,166.731,g
156.301,33.0123,2.9312,0.2343,0.133,-154.33,-59.8415,13.0944,4.1613,266.751,g
12.9541,11.0593,2.1599,0.7405,0.4533,-14.1657,7.064,-8.049,62.6258,176.496,h
28.448,12.9893,2.5224,0.4354,0.2447,18.237,-13.9394,9.5932,23.302,169.663,g
137.3998,95.3744,3.2817,0.1959,0.1172,-45.7432,-98.6597,47.6974,28.3911,360.51,h
33.5462,21.3973,3.1052,0.2967,0.1637,19.7696,18.2868,9.764,8.7244,176.299,g
31.4288,14.7753,2.7547,0.3764,0.2102,4.587,15.4197,8.7109,5.278,201.887,g
234.1154,68.7045,4.0678,0.0751,0.0433,-229.1012,-233.563,50.292,18.097,209.6573,h
24.336,12.9765,2.3463,0.5901,0.3706,17.3496,26.0999,-2.5712,81.653,122.6304,h
95.1716,37.189,3.5912,0.1858,0.0986,-2.7624,61.47,12.6339,5.1993,358.999,g
49.8081,22.9826,2.7536,0.321,0.1737,73.6412,-41.7935,-10.1062,58.2008,163.956,h
124.4163,18.8923,2.856,0.2124,0.1135,-39.0383,-154.9658,-7.9943,31.3615,129.7972,h
33.0599,4.4751,2.5407,0.4565,0.2333,-31.0691,0.9317,0.3554,88.1171,97.4738,h
17.047,12.8708,2.4455,0.7794,0.4883,19.1869,17.4565,11.8092,61.3508,219.6848,h
25.9652,18.6484,2.6484,0.4157,0.2124,11.1497,-20.3102,-16.3719,38.236,154.766,g
43.0148,24.8455,3.0925,0.1939,0.1006,9.1446,25.9888,-13.3249,5.4962,126.578,g
40.4165,7.9492,2.7712,0.4623,0.2312,42.6056,13.4774,3.6385,27.2504,160.038,h
22.0498,16.529,2.6866,0.4486,0.25,-6.2847,-12.7693,-4.7993,9.097,190.807,g
30.9444,23.0933,2.7404,0.3145,0.1682,15.6732,20.9811,-18.097,23.9855,92.8759,g
16.4981,11.4279,2.1155,0.7848,0.498,-17.8973,-7.5738,7.4205,88.1266,71.0375,h
19.7759,9.7122,2.29,0.5795,0.2949,-25.7146,-5.0977,3.1553,24.5228,143.108,g
40.0616,17.2468,3.0088,0.3332,0.1935,15.5818,36.7101,9.8772,3.265,225.938,g
23.2649,12.7491,2.4742,0.4128,0.2232,7.939,10.2332,-5.3246,32.049,155.821,g
25.8305,7.7487,2.2967,0.6566,0.3561,-14.1712,13.8887,4.454,17.392,196.769,g
84.6121,13.0972,2.8079,0.2931,0.2015,-72.8229,-63.7562,3.656,77.2783,100.8148,h
17.4031,11.109,2.4378,0.5511,0.3011,0.4025,-4.4399,4.8201,52.56,171.206,g
37.3147,24.2468,2.7497,0.2989,0.1521,-38.759,-36.4776,5.8525,53.5987,116.117,g
17.4006,7.4357,2.3334,0.7981,0.5499,-1.4761,-2.6265,4.5371,55.4594,214.62,h
20.8898,16.0191,2.3444,0.3846,0.1968,-25.4987,-9.0974,5.9278,4.268,53.1367,g
12.7148,11.6813,2.1351,0.7179,0.37,-15.308,6.3158,-11.411,7.3446,200.364,g
89.316,24.3075,2.9348,0.1534,0.0808,-33.6276,-90.2728,10.627,38.4332,89.1789,h
27.9249,7.5792,2.2148,0.5793,0.3323,10.1629,-5.3507,-3.2343,31.265,165.977,g
26.5358,17.3757,2.6946,0.402,0.2293,27.6417,19.5369,5.7024,11.496,208.413,g
24.6124,14.6224,2.3086,0.5012,0.2826,9.13,14.101,-13.0228,4.646,225.773,g
39.5334,15.2625,2.7931,0.3994,0.2262,44.792,35.8567,-11.5271,4.914,152.726,g
28.5807,18.1143,2.7131,0.3969,0.2372,10.7497,17.9294,14.9383,13.2274,89.1136,g
35.0604,26.8094,2.8112,0.3166,0.1598,14.266,18.5099,26.258,85.5947,134.219,h
23.921,0.0,2.0663,0.7382,0.3906,26.1375,14.7545,0.0,14.407,104.421,g
21.3947,7.0055,2.055,0.6784,0.348,-25.5487,-6.5731,6.4017,24.7313,201.238,g
36.155,10.4277,2.4487,0.4555,0.2295,-18.0505,-23.2194,8.2334,5.836,168.882,g
20.7684,7.203,2.1629,0.6873,0.3608,-0.406,5.7016,-6.0033,26.499,145.125,g
78.6274,22.6585,3.2048,0.1548,0.0808,83.4542,57.6317,14.5411,3.4898,203.78,g
148.32,22.5856,2.854,0.2869,0.1547,-148.402,88.1925,-17.2577,27.1274,207.409,g
24.7085,20.0298,2.749,0.3832,0.238,17.2362,-9.3095,-15.7201,62.637,58.5226,h
38.5256,27.3874,2.7368,0.308,0.1677,-14.5138,-18.8234,14.8145,31.9183,224.813,g
26.7498,15.6235,2.7235,0.3781,0.2013,7.5013,19.633,-8.3525,15.4262,214.837,g
36.5896,15.3447,2.8102,0.2864,0.1525,31.1707,18.1519,-5.9338,2.1648,213.781,g
22.073,10.7299,2.4614,0.7002,0.3547,-7.0037,6.8825,3.2942,51.7331,136.6233,h
12.9964,10.857,2.4949,0.752,0.472,-13.6806,5.6924,-8.245,0.4508,117.09,h
22.3333,18.4564,2.541,0.4288,0.2144,-0.118,19.3682,-13.0363,51.452,76.9939,g
30.8287,6.7464,2.6037,0.6999,0.3823,23.5088,28.3289,-8.6426,1.459,190.334,h
25.6832,19.078,2.6808,0.3399,0.17,-11.3454,-17.1703,-14.0911,9.831,217.715,h
23.5602,17.8801,2.6243,0.3492,0.1841,2.1093,18.9767,5.9243,25.4166,90.719,g
116.741,30.9644,2.9557,0.34,0.2386,-41.5767,-102.561,12.9299,2.334,339.714,g
49.9318,16.424,2.9699,0.3762,0.217,-56.3724,31.161,10.6782,4.3301,273.474,g
190.008,133.858,4.9518,0.0158,0.008,187.39,-95.8101,97.3814,32.083,117.085,h
79.0178,18.898,2.8055,0.3099,0.1557,31.0588,69.9837,-7.8861,9.0533,221.657,g
23.3398,6.8631,2.2401,0.7755,0.3955,15.5493,3.1633,-10.5454,23.0812,201.1968,h
61.5347,33.2967,3.53,0.1484,0.081,24.4551,44.6312,-20.6327,0.5733,234.05,g
103.986,88.3068,3.7911,0.0891,0.0446,-20.9427,73.417,32.6773,55.2066,52.3304,h
95.724,20.0338,2.9731,0.3074,0.1569,-85.9442,-53.9602,15.2288,1.197,242.81,g
12.997,11.2291,2.2109,0.7508,0.3908,14.9557,-4.606,11.7194,67.496,166.971,g
227.071,68.9698,3.2999,0.219,0.1276,-232.513,-169.42,-48.9747,75.756,286.85,h
27.2344,23.7909,2.639,0.2955,0.132,18.8201,31.0591,9.3609,35.7024,221.0659,h
20.9711,7.1236,2.0354,0.7005,0.3548,24.6388,9.2732,6.1364,8.9281,182.127,g
15.189,14.8031,2.4451,0.5498,0.2808,4.7623,22.5193,12.5042,72.0368,183.7103,h
22.3238,11.6049,2.5231,0.4888,0.2504,28.8057,10.4378,-11.5998,18.82,206.474,g
25.5178,8.7685,2.5581,0.6113,0.3472,-17.6809,-13.615,-11.356,55.861,159.337,h
24.978,10.4139,2.372,0.4713,0.2611,4.7655,19.6654,-7.2048,52.3631,71.2231,g
27.5004,21.8717,2.9055,0.2834,0.1535,-7.2898,-17.3721,-10.7677,14.5326,184.115,g
17.4019,16.4024,2.5459,0.6458,0.3428,-20.6599,-10.8113,17.2912,72.654,120.608,g
97.4109,59.8146,3.8301,0.1524,0.0664,-44.4895,-46.5256,-56.5179,24.2656,303.2103,h
33.4997,20.8424,2.6258,0.3101,0.1598,0.5451,-21.9975,14.4993,24.9095,230.422,g
47.8975,17.0376,2.7828,0.3067,0.1608,57.744,-19.6382,10.2557,4.0989,187.607,g
75.6701,22.2969,2.9477,0.2527,0.1427,95.5105,32.3579,-2.598,59.637,160.765,h
25.2651,17.9293,2.8822,0.3446,0.1836,-18.3011,24.4749,-7.6379,46.9569,87.8103,h
112.009,49.9894,4.3177,0.0718,0.0387,-66.0778,86.8751,25.9309,2.6087,295.838,g
92.3287,33.9942,3.8473,0.1494,0.0782,-54.5674,67.4872,18.6972,1.5216,329.357,g
12.9801,10.8815,2.4175,0.7457,0.4723,-13.697,6.0371,-7.0019,30.803,78.2618,h
52.179,6.0128,3.0017,0.3246,0.149,-24.019,-44.2395,5.4896,89.1295,182.6925,h
41.6172,27.5223,3.3406,0.2131,0.1134,1.9107,42.088,-13.3336,25.23,135.35,g
162.209,22.7251,2.8045,0.4894,0.2753,-174.709,105.138,-16.0026,46.4946,304.912,h
20.6646,12.6322,2.3589,0.5208,0.3304,15.6523,15.338,5.2813,54.346,244.19,h
70.8315,22.3982,3.3197,0.2227,0.1252,81.8166,69.0231,19.2635,10.385,248.983,g
118.601,44.2479,3.5558,0.1769,0.1003,-95.8266,14.9809,29.3812,4.134,286.69,g
91.1777,24.5063,2.993,0.2063,0.1082,78.8095,72.0013,-14.9402,9.031,255.071,g
34.6176,15.4927,2.6031,0.4214,0.2756,34.8654,31.8528,13.7698,22.7129,87.4655,g
285.8368,179.2924,3.4879,0.1226,0.0706,-316.2152,-189.4393,-88.5047,35.5504,175.6979,h
39.168,12.3841,2.6469,0.3269,0.168,37.1215,25.2002,-7.0187,27.4221,207.379,g
50.6018,21.8851,3.0296,0.2475,0.1415,51.4898,46.9723,-9.7504,21.9881,294.823,g
207.828,73.897,4.4711,0.0383,0.0199,-151.074,-162.423,-74.2912,89.1486,181.611,h
75.0392,66.8244,3.1966,0.2169,0.1262,-28.2031,35.1826,39.2999,63.239,136.967,h
34.9475,19.1081,2.8021,0.7476,0.4424,35.2414,26.8836,14.6569,35.6925,370.114,h
65.8891,12.799,2.6031,0.3292,0.1733,-22.3348,-21.2681,-10.7821,11.9282,266.509,h
51.472,10.4108,2.5453,0.3276,0.1838,73.5451,17.7028,-7.1886,16.7782,176.559,g
66.0313,24.1756,3.2999,0.2201,0.1105,-98.4239,48.162,-13.9845,3.082,242.548,g
12.8557,9.8076,2.4141,0.79,0.5723,11.1126,8.5403,4.8509,78.748,169.005,g
71.9121,12.378,2.7088,0.3539,0.2258,77.1682,68.7411,9.8796,1.6899,273.559,g
154.811,29.136,3.2806,0.2358,0.1208,40.2521,158.988,27.4137,0.697,147.761,h
23.9355,15.7287,2.4393,0.4836,0.2564,-20.9615,-11.3804,7.0833,86.6051,211.768,g
53.9765,21.0655,2.5557,0.2837,0.1433,6.8371,40.0827,14.2929,1.843,170.195,g
38.844,14.0209,2.7882,0.3681,0.2174,-12.2549,-24.9124,9.4878,4.582,197.56,g
92.7481,49.2103,3.6815,0.2387,0.1178,-80.5429,-67.9887,-30.7957,37.0921,391.7841,h
25.4301,14.9489,2.3149,0.4988,0.2639,13.5399,-13.3006,15.2313,4.087,117.678,g
25.7471,16.467,2.541,0.3942,0.1971,20.0279,13.593,-14.6255,28.4117,134.837,g
35.7929,16.2839,2.937,0.3468,0.1983,-26.7915,-16.5182,10.0584,6.769,181.39,g
22.7945,14.8676,2.567,0.5203,0.294,-8.7481,-20.3785,12.765,6.7835,110.258,g
25.6487,14.1931,2.5723,0.3989,0.2075,22.8128,-16.0054,6.9977,25.688,135.352,g
36.8174,9.5267,2.4942,0.4359,0.242,17.218,26.784,-2.3707,7.2759,204.873,g
73.9242,56.4758,3.1469,0.2709,0.1629,-112.736,-34.9512,65.3261,56.295,271.875,h
50.6955,34.9227,3.8675,0.1511,0.0784,49.1489,40.381,22.3072,13.7648,127.808,g
110.867,40.7858,3.0616,0.2542,0.1297,88.0994,91.5093,32.7225,21.8577,326.927,h
80.9042,27.99,3.5396,0.2052,0.1168,-44.7173,44.6066,16.671,1.267,316.669,g
50.3586,17.9568,3.1857,0.1943,0.1079,24.153,40.261,7.824,2.068,128.144,g
64.5254,46.8133,3.03,0.2613,0.1321,-28.5505,53.0272,40.8204,26.525,304.326,h
220.728,33.6722,3.6362,0.1003,0.0572,-333.067,165.442,28.5552,71.0839,24.9837,h
43.2949,12.6941,2.7054,0.3232,0.1665,10.1203,35.6792,-7.3071,0.5486,244.195,g
23.9025,17.3947,2.5185,0.5121,0.3288,10.598,15.9701,-17.7075,14.9967,203.366,g
21.3893,11.3137,2.2355,0.5988,0.3866,14.2103,19.8364,-7.4647,40.003,236.686,g
18.4641,10.246,2.2923,0.6173,0.3087,23.3684,9.6363,5.9097,11.6166,210.507,g
15.6621,10.816,2.3139,0.6845,0.4879,1.0542,4.042,9.2239,3.957,130.76,g
83.4713,18.4533,2.9581,0.391,0.2439,27.5574,31.2314,7.9963,3.1439,357.692,g
68.4537,41.0211,3.1464,0.1963,0.1117,-17.6822,-42.6359,-39.3113,18.6079,119.13,h
41.6183,21.03,2.6871,0.2898,0.1634,52.1226,-17.8683,11.412,0.8604,155.93,g
113.2256,74.9455,3.7172,0.1724,0.1037,-73.9057,58.0487,47.5306,79.5444,370.3518,h
37.5611,17.6858,2.7308,0.2677,0.1348,21.3794,27.5768,-7.7317,19.7833,202.754,g
63.8088,18.346,2.918,0.3092,0.1552,43.7516,65.9962,-8.3016,8.966,225.819,g
99.0174,17.1708,2.5647,0.4659,0.2738,-135.235,77.3718,-11.5277,56.435,263.869,h
64.5254,46.8133,3.03,0.2613,0.1321,-28.5505,53.0272,40.8204,26.525,304.326,h
39.9861,12.7419,2.8689,0.3951,0.2097,43.2503,30.3841,-9.1395,62.8224,171.0423,h
20.8258,7.0223,2.4523,0.5816,0.3295,13.9772,-5.4278,9.4527,33.6243,149.7986,h
26.8718,10.8443,2.5798,0.4789,0.2829,4.5245,21.7144,11.0975,14.5319,202.706,g
159.9055,75.9563,3.3458,0.1176,0.0722,79.9708,58.5895,24.1594,85.6268,241.3654,h
13.3691,10.4927,2.273,0.7947,0.408,14.8075,3.0611,11.8904,78.021,128.056,g
152.899,65.6971,3.0932,0.1727,0.0924,-103.599,-175.449,37.4065,76.2965,137.666,h
149.998,20.3267,2.785,0.4167,0.2535,128.74,96.4835,-14.2222,12.27,73.912,h
286.427,161.099,3.4646,0.1365,0.0722,-313.453,-136.443,104.738,87.6742,264.825,h
147.318,23.5303,2.6395,0.4495,0.2603,96.1868,143.681,-16.3267,15.957,152.734,h
42.4826,17.1329,2.6365,0.3533,0.1767,48.9592,30.9446,9.2541,5.978,180.709,g
51.1771,20.5913,3.3264,0.2349,0.1323,11.5448,44.2203,10.4863,1.203,178.254,g
24.6852,16.8385,2.6821,0.3867,0.1965,18.0093,10.8386,-12.5505,7.086,147.553,g
95.8843,23.7653,2.8139,0.3162,0.2018,95.1811,64.2982,-20.3877,65.137,153.985,h
19.1839,12.9379,2.5152,0.5191,0.3191,-13.5598,-12.8677,5.8076,79.2185,66.7467,g
162.1957,55.2847,3.8238,0.1675,0.1101,97.5898,83.9108,27.1699,66.7174,347.6828,h
66.7492,22.9442,3.334,0.2025,0.118,12.5977,59.1877,-13.8721,3.241,250.978,g
90.5962,31.939,2.8636,0.2615,0.1431,-151.02,90.1058,13.8028,14.916,290.188,h
18.6982,15.1509,2.3971,0.5251,0.2665,-20.5662,-17.8466,6.8823,14.281,168.012,g
55.9818,18.2547,2.7889,0.3512,0.1829,13.2042,62.6131,9.032,14.579,266.739,g
12.6909,11.6845,2.3375,0.6989,0.3931,-15.7631,9.6199,-5.1042,7.208,194.397,g
27.4824,15.8466,2.5688,0.3779,0.2119,-6.2649,-24.1055,-12.8959,1.8427,130.834,g
93.0153,20.421,3.2082,0.2062,0.1297,-125.899,35.997,12.9228,1.656,204.191,g
57.9092,15.1095,3.0056,0.2833,0.1772,7.5798,21.283,-15.869,38.2102,133.881,h
32.1806,14.5155,2.6415,0.3858,0.2386,21.2644,9.3273,-8.6302,5.0736,152.21,g
27.0994,10.6958,2.4969,0.4841,0.2723,8.453,15.2155,7.4016,1.5977,145.424,g
22.7496,12.5323,2.6304,0.5012,0.2822,-4.3983,18.3082,-4.183,13.8325,188.477,h
41.1158,13.7023,2.5218,0.4571,0.2662,-40.7765,-10.6796,-11.5665,61.9923,186.264,h
69.6579,25.3342,2.9738,0.2974,0.1492,16.4035,67.5653,-14.5996,64.6319,151.41,h
30.1648,16.639,2.4166,0.4176,0.2395,-37.5295,-16.9582,9.4955,7.586,111.562,g
31.7974,17.4881,2.7931,0.2834,0.1441,2.519,-24.1423,11.437,18.694,214.053,g
209.539,22.3619,2.9253,0.2506,0.1443,-130.038,107.644,16.0794,61.0499,263.965,h
38.587,17.8993,2.8322,0.2929,0.1479,33.5047,38.0459,9.9766,83.2992,220.687,h
24.4189,7.6296,2.4232,0.7057,0.3755,14.9386,-13.6852,-5.4684,25.8956,121.145,h
93.3058,37.8474,4.0093,0.1059,0.0546,17.869,77.124,-31.0384,1.7696,322.353,g
17.9676,10.7983,2.1644,0.5411,0.2842,-0.9338,6.3821,-4.4997,77.35,230.022,g
93.5072,35.7955,3.3054,0.1678,0.0928,-101.059,39.8282,-7.802,2.266,279.101,g
13.1404,10.8527,2.1775,0.7708,0.4352,14.3006,-3.6418,-11.3646,20.124,222.525,g
53.3331,21.4744,2.9287,0.231,0.1208,-12.7397,23.5127,12.3721,13.565,248.333,h
20.3985,10.6294,2.3032,0.6169,0.3358,5.7936,-16.8918,6.796,32.3189,160.266,g
23.6294,17.2811,2.5366,0.3314,0.202,4.5248,16.7613,-5.1778,28.4342,183.704,g
81.2634,20.0779,3.0271,0.2236,0.116,87.5914,71.385,19.9127,2.447,237.359,g
18.9525,10.2432,2.5786,0.533,0.281,-25.2272,-6.7203,3.2979,82.8252,212.087,h
28.1793,19.9194,2.736,0.3306,0.1754,-2.881,-26.1843,-7.9702,10.836,96.4366,g
24.8223,12.0167,2.4378,0.4124,0.2354,-9.028,-12.5426,-5.085,8.302,159.235,g
20.8139,8.5075,2.3243,0.6777,0.4336,-21.057,-14.7265,-1.3472,9.508,189.241,g
19.5635,9.3726,2.3962,0.6667,0.4438,1.7222,-12.9348,7.2756,15.0,180.234,g
290.9274,63.2814,3.8407,0.1196,0.0427,-293.1875,-248.5843,42.2985,43.2185,220.5279,h
73.449,27.4219,3.3005,0.1949,0.1313,-106.4777,-42.2207,27.3266,46.4513,270.7084,h
54.2229,22.3161,3.3312,0.18,0.0921,-4.4633,19.5038,7.054,7.4935,204.327,g
18.9028,9.4943,2.3674,0.6824,0.4657,2.9614,-13.2914,-7.2136,64.045,215.763,g
33.357,18.8499,2.5527,0.3221,0.1695,27.6771,-15.8973,-11.3963,15.405,227.734,g
36.7154,4.5711,2.1036,0.5463,0.283,-17.1025,0.387,1.2842,69.8405,142.6569,h
16.5068,11.4704,2.243,0.5943,0.3457,-1.354,5.3857,6.3518,36.3007,126.345,g
22.5749,21.3632,2.7509,0.3514,0.189,-1.8733,-13.4638,5.4356,6.9432,78.0296,h
22.9549,6.9761,2.4757,0.7391,0.5134,2.9803,19.1889,5.5873,26.4472,142.796,h
29.0494,15.9232,2.6117,0.3374,0.1748,20.0904,-18.7681,-7.9116,9.703,230.14,g
17.9477,12.9279,2.5982,0.5927,0.377,10.4941,14.8981,6.2992,41.8467,123.624,h
23.5359,16.5009,2.6112,0.3721,0.1946,5.7906,13.8326,-14.7116,24.91,80.7549,g
16.0252,12.2164,2.5792,0.693,0.4361,-5.1404,10.511,8.6775,33.6311,216.617,h
60.0416,15.9079,2.8392,0.2578,0.1412,-102.003,37.1624,-7.5732,2.7873,259.734,g
125.748,45.7545,3.1707,0.299,0.1792,-69.1855,-110.114,-22.1891,6.949,260.528,h
70.4825,23.8289,3.5782,0.1783,0.0992,58.6184,71.1424,-6.3053,4.159,226.179,g
65.9351,17.4857,2.4669,0.4983,0.2782,53.5414,53.0839,-15.6082,5.663,162.499,g
38.9507,10.7738,2.6665,0.3944,0.2252,-21.0756,-28.2104,11.8885,2.2136,189.058,g
19.6098,10.781,2.3243,0.6303,0.3531,-7.1604,16.9706,7.8383,5.895,122.995,g
24.9339,13.984,2.6518,0.3969,0.204,31.3671,16.6398,8.3578,55.496,167.37,h
32.0222,8.6668,2.3454,0.4966,0.2551,-36.883,-23.0419,-10.2571,35.625,43.7536,g
150.7271,104.9672,4.0169,0.1549,0.0787,-123.5467,-154.5906,-92.1893,54.9163,396.9053,h
19.5194,9.0427,2.3424,0.6409,0.4523,-19.014,-15.3234,2.3086,88.1611,254.891,h
70.8699,24.5387,2.8503,0.3827,0.2235,-89.0722,-38.5892,18.6729,39.2105,260.2122,h
23.8218,15.636,2.5099,0.4049,0.2087,12.3478,13.7196,-9.4416,17.721,140.768,g
22.0371,13.0093,2.3349,0.52,0.2428,33.2551,7.0413,-9.1354,53.2979,25.2892,h
34.5433,15.8949,2.4166,0.4253,0.2165,-5.6666,20.5557,-13.8463,10.46,263.666,h
38.859,14.3258,2.8924,0.34,0.2423,18.6246,20.2685,8.789,38.7344,206.017,h
12.9604,11.2107,2.1569,0.7456,0.4216,-14.7113,6.7743,10.7389,28.2782,223.592,g
74.7577,25.4668,3.684,0.1675,0.0856,-88.8636,65.2844,-6.7255,0.8433,252.295,g
28.9007,24.1482,2.9987,0.2828,0.159,-4.2095,-5.3399,18.5449,77.094,60.8754,g
67.2201,33.9891,3.3646,0.1352,0.0702,17.8674,52.1944,-10.902,5.667,243.943,g
51.2156,14.4635,2.8376,0.3198,0.1897,44.5729,41.9129,14.3092,12.3212,149.965,g
22.0057,11.8316,2.4208,0.5085,0.2751,-27.7526,-10.8543,-11.3273,29.699,180.377,g
23.8686,16.2113,2.3883,0.5153,0.3211,25.2185,15.2242,-11.02,68.464,158.83,g
86.0885,36.2589,3.4839,0.2359,0.1337,-12.8931,-56.7464,-4.0291,4.158,372.98,g
68.6109,22.6018,3.0204,0.2786,0.1675,-58.6499,29.7816,10.1557,8.918,284.22,g
26.9835,14.6847,2.7638,0.4496,0.2351,13.1428,-12.7168,6.3876,6.259,206.543,g
22.5206,10.0033,2.6483,0.6405,0.3681,5.019,7.9027,8.1936,32.7289,153.5811,h
116.2639,23.4636,2.6875,0.3479,0.1826,-101.4558,-98.4907,-0.8442,45.4343,107.5904,h
35.7142,13.3068,2.6274,0.4009,0.2229,33.8589,29.111,-4.9483,0.7669,141.214,g
20.3091,10.2339,2.42,0.6616,0.3441,-5.1257,16.1035,-6.6826,26.9241,88.1338,h
25.2942,9.5862,2.4207,0.5272,0.2657,-15.1865,22.3986,5.4272,37.1494,133.2073,h
44.932,20.694,2.5883,0.3252,0.1871,-8.5346,-40.3541,-11.0593,10.503,160.204,g
70.1859,18.7977,3.1942,0.2673,0.141,22.418,68.0417,-11.5645,4.216,257.178,g
52.4878,15.4352,2.6749,0.3425,0.2125,46.3269,50.526,-10.9669,26.0436,233.078,g
31.6176,17.0671,2.7767,0.3629,0.1931,25.9072,11.435,-7.234,2.98,146.036,g
92.3071,34.2421,3.9473,0.1339,0.0688,-55.6408,74.7856,-31.5922,0.0972,304.384,g
18.8734,17.772,2.5821,0.4686,0.2579,-14.6576,-16.9343,-14.4939,17.1286,114.938,g
34.1403,24.525,2.9219,0.2406,0.143,10.8774,10.9488,-16.5945,20.826,142.351,g
80.5879,32.6355,3.6311,0.0998,0.0502,80.4431,49.5641,17.2874,2.7956,210.673,g
20.553,7.038,2.0881,0.7592,0.4122,-21.8092,-13.2078,-5.7289,75.842,99.9503,g
201.6499,81.4976,4.1753,0.07,0.0398,-137.0352,-140.3983,-52.9086,75.1975,294.8581,h
57.604,24.2308,2.8675,0.2524,0.1309,9.4981,28.327,17.036,81.42,210.691,h
174.8438,86.838,4.1427,0.1332,0.0435,-200.2293,-165.9498,52.3581,44.9263,315.7514,h
78.6562,39.4167,3.6073,0.1831,0.1209,-42.1342,49.7004,25.7261,46.6821,314.058,h
33.4044,24.8757,2.8379,0.2513,0.1387,31.8588,21.0436,15.2057,29.609,59.978,g
45.9156,17.6895,3.0269,0.2218,0.1114,16.6237,-31.5821,7.998,6.3431,198.699,g
60.5159,13.579,3.0125,0.3476,0.2103,61.5637,60.1913,5.2105,2.8626,247.4307,h
34.1051,19.3005,2.7649,0.3625,0.1967,17.0549,32.6086,-14.6188,40.152,156.488,g
233.1126,63.385,3.852,0.1121,0.0583,-191.9953,-267.005,-54.4777,33.7212,316.122,h
29.8424,11.0503,2.2857,0.4764,0.2834,-3.9082,-16.1008,-8.3781,62.5605,142.3577,h
20.0155,12.4255,2.4141,0.4855,0.2871,-1.4892,9.718,-10.5191,3.954,194.395,g
180.7107,43.4046,3.6852,0.0896,0.0392,-21.5309,67.5287,-27.3058,33.9,125.6218,h
12.7926,11.5696,2.0626,0.7273,0.368,-15.0824,4.1787,-11.6336,27.0422,199.19,g
38.9699,14.8991,2.8264,0.3908,0.2573,17.0108,34.8474,-9.8419,14.53,215.223,g
23.8297,15.3356,2.638,0.4465,0.298,10.1102,13.4365,-15.0399,5.397,220.885,g
43.7906,17.3936,2.7135,0.3114,0.1809,28.9941,37.4027,15.2006,3.101,238.182,g
27.0156,7.4843,2.2945,0.6091,0.3832,12.3822,6.0053,3.7229,89.3958,185.013,h
19.2724,13.4125,2.4241,0.5763,0.3785,2.7885,-14.9153,-5.5295,17.8512,189.852,g
46.6559,13.9374,2.7131,0.3466,0.1965,9.6048,34.2839,7.4314,2.771,195.068,g
60.0031,24.1569,2.8267,0.3025,0.1513,39.2525,59.9483,11.9767,15.517,230.417,g
53.8028,32.9317,3.6384,0.1885,0.1024,-40.1283,38.5475,18.7867,5.2892,298.301,g
24.8227,15.4603,2.6556,0.3779,0.1934,37.0003,9.2891,-13.6161,20.949,228.843,g
104.113,41.2098,4.1523,0.096,0.0545,-28.4823,83.5112,20.8342,1.828,311.279,g
21.8031,9.7761,2.2672,0.5946,0.3162,5.1895,-16.8994,-10.6724,23.2813,110.329,g
53.051,8.7223,2.8438,0.4071,0.2126,4.064,21.3111,-6.1979,68.4705,250.0441,h
100.953,37.9854,4.0455,0.0993,0.0498,22.5653,75.94,14.6762,0.804,297.083,g
31.603,13.406,2.6004,0.4141,0.2321,17.876,-14.1279,4.1158,40.2361,252.235,h
28.4409,20.246,2.7723,0.3851,0.2627,6.2512,17.6182,7.2573,3.397,135.597,g
84.8561,45.2814,3.3627,0.2508,0.1351,-38.5649,-69.8309,10.9705,19.928,278.961,h
44.3695,16.8796,2.7271,0.2699,0.1396,57.5556,38.491,-14.2284,0.577,240.02,g
16.6413,11.1562,2.238,0.6012,0.3902,0.3693,-3.2179,-7.6557,20.0897,249.817,g
23.5264,19.3466,2.643,0.3595,0.2332,18.7937,13.6245,-4.6144,52.2065,70.9672,g
183.752,108.762,4.1826,0.0479,0.0251,34.8266,-163.055,-103.61,47.536,179.807,h
101.526,75.7229,3.2306,0.2217,0.1126,-53.1276,-110.431,61.4389,71.158,232.424,h
86.569,23.4751,2.8466,0.2975,0.173,-84.687,-52.6124,-16.7203,41.156,108.593,h
85.9475,34.3101,3.522,0.1133,0.0624,100.878,68.2724,19.3524,11.692,230.166,g
78.8641,22.674,2.7466,0.2061,0.1066,108.928,-57.1446,-14.1646,85.0956,23.7638,h
38.9589,22.2936,2.798,0.2659,0.1393,-10.7617,-22.966,15.807,20.615,182.32,g
86.9716,28.3568,2.9775,0.2344,0.1538,-69.4579,-62.6945,21.712,24.9483,242.9762,h
20.6487,11.5458,2.2532,0.717,0.4204,-2.5787,17.6078,6.0702,87.3569,233.5546,h
19.7587,10.2029,2.3139,0.6505,0.3908,4.7648,-15.4466,-6.551,42.972,127.285,h
21.7894,11.7212,2.567,0.5264,0.306,38.9411,13.385,-7.8003,27.4297,243.0327,h
30.567,22.8223,2.7835,0.2815,0.1638,13.8402,19.1444,-20.7635,43.7885,147.107,g
157.4846,44.9801,3.0862,0.2802,0.2301,-174.4684,118.0335,35.963,69.0026,227.9841,h
61.7264,31.8462,3.1037,0.2187,0.1713,-51.011,-20.0329,-14.3575,38.7303,299.8863,h
16.082,2.4686,2.536,0.8703,0.6098,2.05,6.6183,3.7406,67.027,200.1501,h
48.2398,7.2881,2.8264,0.3244,0.1653,74.2398,21.2112,15.5844,69.1637,140.5233,h
34.7695,29.1035,3.0235,0.2094,0.1075,36.598,-18.8624,22.0723,4.018,145.068,g
18.0652,16.1578,2.357,0.5055,0.3099,5.8033,-16.5923,-5.0432,67.7358,139.591,g
41.7348,16.041,2.9513,0.2785,0.1482,-37.4923,-21.6896,-2.3961,5.686,201.078,g
31.2102,12.0088,2.4786,0.392,0.201,24.9965,19.9731,-11.1524,5.3152,129.722,g
27.254,19.1195,2.7948,0.3962,0.2045,-7.2657,-18.9432,-14.1285,3.7435,188.881,g
158.312,46.8503,3.0995,0.2911,0.1555,-224.389,141.528,-29.9037,2.9828,106.176,h
27.0815,20.8539,2.738,0.3327,0.1782,-0.3479,-19.9146,-10.5905,30.1103,161.725,g
13.1994,10.8032,2.224,0.7761,0.4209,-14.5262,1.8356,-11.7029,54.0277,181.817,g
59.1682,14.8932,2.798,0.2946,0.1537,-108.977,51.494,-8.1425,1.915,221.458,g
38.4073,19.4175,2.8893,0.3239,0.1968,-28.6286,-25.369,-17.1513,11.4565,158.769,g
20.8402,12.3622,2.4691,0.5059,0.2733,-15.2932,-14.9558,-8.7076,13.2241,164.167,g
88.5664,45.1884,3.8493,0.156,0.0789,-22.6832,-33.2713,-28.6093,5.1478,378.331,g
55.6335,15.8567,2.7016,0.3042,0.166,13.7655,51.8675,-14.811,10.4907,127.726,g
68.9088,26.5542,3.3161,0.1657,0.0867,56.9762,57.051,11.8513,0.7358,266.31,g
38.9602,27.5297,3.3717,0.1972,0.1064,39.1493,20.9165,17.0329,3.7694,206.494,g
36.6834,23.4707,3.0529,0.278,0.1598,39.1191,32.8215,-14.863,66.6917,148.279,h
23.3601,17.863,2.2999,0.4361,0.2281,-25.7814,-11.9629,-8.402,62.949,99.3695,g
27.0632,17.9493,2.527,0.4339,0.2571,12.8337,18.5124,7.9811,4.588,195.439,g
39.6308,16.3212,3.1149,0.287,0.15,3.3051,21.604,-5.4977,3.026,161.4,g
26.04,9.8212,2.4661,0.6154,0.388,-18.473,-10.9135,-6.9071,31.6781,94.5966,g
46.8533,18.5177,2.501,0.4341,0.2507,4.1388,-37.606,2.339,49.1002,109.4236,h
55.6762,25.6956,3.4948,0.2272,0.1339,50.1669,44.5951,14.2184,4.2001,246.598,g
22.4603,9.5484,2.5521,0.6676,0.3408,14.6276,16.1824,8.7832,66.465,99.6135,h
13.1518,10.457,2.1538,0.786,0.4877,13.1788,5.5659,10.5332,2.463,279.904,g
26.9052,12.155,2.5259,0.4869,0.2473,-2.601,-20.1639,-7.6542,84.1917,199.24,h
53.7433,23.089,3.0471,0.1974,0.1135,54.9339,44.502,-9.4969,0.9229,84.9414,g
19.5841,12.9099,2.5581,0.5062,0.2891,-14.2997,-12.6451,-5.675,10.7079,142.077,g
34.8237,18.5148,3.0109,0.3345,0.2072,31.235,18.6614,-7.5348,14.577,159.61,g
78.1818,38.0072,3.6764,0.2142,0.1128,-54.817,-43.2986,13.5114,0.796,378.614,g
31.8734,12.036,2.6279,0.3863,0.2108,26.3504,16.1088,7.1191,7.0622,131.402,g
12.787,11.5763,2.0473,0.7265,0.3722,-15.1619,5.3573,-11.5712,72.426,126.472,g
38.471,9.7177,2.3636,0.6147,0.3615,19.4342,28.5282,4.484,7.346,207.761,g
33.6195,24.7136,2.757,0.273,0.1671,-3.4119,31.5837,15.3934,31.8731,103.945,g
25.7942,18.599,2.959,0.3505,0.1918,1.763,18.8544,8.7311,3.903,181.89,g
80.0806,33.6578,3.5588,0.1972,0.1054,20.1725,48.9749,19.6337,1.8161,381.406,g
31.3615,16.1367,2.8663,0.3401,0.2088,22.1002,21.3391,-9.7653,0.094,159.321,g
25.801,21.5157,2.6187,0.3049,0.1519,16.8513,13.8349,-14.1239,29.4336,142.0574,h
13.0035,10.7911,2.1089,0.7549,0.4786,-13.5147,5.1007,-8.1224,11.7248,95.0795,g
13.8117,9.2433,2.3253,0.8511,0.4563,14.2011,6.2643,11.5703,62.4361,205.991,h
21.3299,8.2421,2.4099,0.7276,0.4222,20.2004,18.8271,-10.9809,71.5,225.617,h
57.2363,8.4897,2.7338,0.3711,0.2273,-3.1795,28.4301,-2.471,51.5428,129.2225,h
69.0482,15.9119,2.9167,0.252,0.1423,-133.608,62.8196,-11.7357,5.638,288.171,g
24.0748,16.458,2.6112,0.4798,0.2925,-2.9543,4.8933,-8.1687,0.893,127.049,g
25.1609,14.8969,2.5231,0.4138,0.2324,5.0132,16.9284,-11.748,28.351,95.1335,g
78.6836,22.724,3.0265,0.207,0.1058,-113.173,75.4384,-4.4445,1.732,216.981,g
36.2124,9.5335,2.3838,0.3884,0.1963,-22.2515,-24.4503,-5.3397,27.4653,53.5635,g
23.6039,20.9673,2.638,0.3728,0.2198,-10.6964,-13.8416,2.4591,6.139,170.939,g
21.6096,12.4518,2.4257,0.5103,0.3058,1.2677,-9.7323,6.3671,9.9943,80.425,g
28.9061,13.2796,2.527,0.4577,0.2808,-13.1491,-16.8158,9.4613,6.021,169.915,g
34.9502,16.0121,3.0663,0.297,0.1644,-12.5192,11.1413,-7.5776,17.6684,201.404,g
32.7206,16.2832,2.7832,0.3937,0.2018,3.8106,26.3171,7.5338,36.3443,200.61,g
33.0776,12.6328,2.5126,0.3963,0.2473,12.1478,-23.3928,-7.7522,29.307,97.1445,g
67.6373,32.5679,3.4624,0.1662,0.0905,37.8883,48.8606,23.5379,1.646,220.402,g
37.3728,17.1148,2.9786,0.2794,0.1612,-10.6577,-26.2855,10.301,1.006,186.091,g
24.4994,16.7933,2.3997,0.3984,0.2092,6.4444,-12.0052,13.2763,33.0576,118.655,h
80.7602,23.753,3.2176,0.2072,0.1057,26.2943,86.821,12.9443,12.3487,300.014,g
12.6191,11.8,2.1945,0.6965,0.3802,-16.0483,9.8061,7.5212,81.1099,165.104,g
69.4357,13.3956,2.5563,0.3583,0.1986,85.3984,27.1742,5.1791,4.053,194.037,g
24.5536,12.5983,2.4843,0.4557,0.2443,-13.2441,-17.6015,5.4512,12.362,180.003,g
16.5728,15.793,2.5072,0.5443,0.3313,8.6408,-14.1881,11.3575,88.0664,165.33,g
50.8907,15.9078,2.4433,0.3315,0.1784,41.9773,44.9566,10.2157,31.0686,206.409,g
32.6893,16.7666,2.4166,0.4406,0.228,31.2234,30.4854,7.1258,0.562,218.408,g
70.5449,9.6552,2.9898,0.3108,0.1498,59.5511,43.0347,11.1466,38.441,112.7577,h
18.8375,11.9932,2.472,0.5565,0.3558,-0.4388,-8.7199,-9.8301,32.256,242.418,g
26.3338,20.7068,2.8576,0.2887,0.1534,-14.8353,2.55,-14.557,23.314,117.675,g
101.658,8.7698,2.7292,0.347,0.2155,-146.071,63.2514,3.5902,7.891,313.536,g
106.087,18.9681,2.9225,0.2104,0.1118,91.3772,114.887,-11.0818,2.801,250.174,g
28.9642,11.014,2.6609,0.4279,0.2172,-19.0459,19.5525,9.75,5.3282,196.925,g
29.2374,13.659,2.5416,0.4368,0.2284,42.7098,-18.5499,11.0718,1.9738,121.736,g
76.5021,16.5627,2.9232,0.21,0.1116,78.7603,73.1186,-5.4465,15.8142,219.806,g
73.9743,21.9254,2.8199,0.489,0.246,76.2625,51.5217,-11.3532,8.09,284.793,g
28.7443,12.5415,2.4771,0.4533,0.2483,-15.4538,-14.0753,6.6917,0.3681,92.0298,g
92.9059,38.1139,3.9986,0.132,0.0684,-21.3504,65.0133,-21.5186,0.21,319.265,g
34.4273,11.1924,2.3502,0.6205,0.3192,20.311,29.9444,7.3949,17.991,200.925,g
41.9013,16.4931,2.7372,0.3516,0.239,28.0929,-27.4963,-8.9019,4.6235,208.321,g
80.2907,26.6736,3.5756,0.1791,0.1024,53.0573,81.0599,13.8783,4.036,212.309,g
48.1061,43.2783,3.462,0.09,0.0714,3.5902,-34.4019,31.1157,20.8127,136.0762,h
56.484,23.799,2.8331,0.2313,0.1389,-22.8223,36.9168,-9.8337,73.4803,111.9264,h
51.131,20.6924,2.7644,0.2604,0.1413,-26.6051,47.0326,14.4365,40.7608,149.4814,h
94.2532,33.9989,3.5462,0.1254,0.067,56.9238,97.6832,24.3629,2.6004,184.646,g
91.1981,64.4944,3.5599,0.2796,0.145,-37.0212,-100.797,40.3146,30.1407,446.488,h
83.3679,33.9628,3.5177,0.1901,0.1019,-76.4035,42.1707,23.2448,0.914,283.209,g
41.7032,11.9532,2.6201,0.3957,0.2242,49.3896,28.6082,-11.0039,0.598,169.314,g
29.6226,11.9796,2.4728,0.4108,0.2138,38.4427,19.2054,10.6377,19.914,108.279,g
25.7902,16.0891,2.317,0.4627,0.2578,-13.7917,13.6434,-15.1651,22.684,101.92,g
63.8426,20.616,3.0348,0.287,0.15,28.5964,66.0377,-14.9429,11.7311,198.348,g
31.3847,13.2101,2.6561,0.4238,0.2219,25.5832,11.6885,-3.6973,55.967,43.9642,g
19.761,12.2279,2.4057,0.499,0.3163,0.442,-8.1121,-10.8094,36.6026,136.117,g
12.6884,11.6886,2.0737,0.7004,0.3924,15.7698,-9.602,6.2513,63.8857,85.7348,g
36.2652,16.2752,2.6803,0.2651,0.1347,-1.7525,-15.3032,10.9965,5.0774,134.804,g
41.6722,15.7646,2.6311,0.4242,0.2463,-1.9945,22.8555,12.9769,75.4234,172.1233,h
44.6242,21.2982,2.8466,0.2206,0.1203,-26.688,-5.6345,-10.8822,8.758,155.424,g
86.4077,46.0472,4.0415,0.1018,0.0509,44.787,97.2492,5.8431,18.0251,128.668,g
37.2552,16.6907,2.43,0.3448,0.1874,-41.1337,-11.0278,6.478,84.5037,145.1456,h
26.4076,14.7294,2.6915,0.3906,0.2106,13.517,-7.4281,-4.8817,4.7804,170.996,g
31.7305,28.514,2.8722,0.2093,0.1241,5.8368,10.0492,26.4307,52.5425,258.0376,h
15.6021,9.4685,2.5682,0.6312,0.3582,24.1607,22.8723,-9.1663,14.5812,225.2564,h
80.1507,27.6908,3.0946,0.2115,0.1194,52.3891,85.8081,14.8604,0.302,265.984,g
18.5594,10.1974,2.2355,0.6047,0.3459,21.9107,11.4938,-4.4105,17.4835,50.4178,g
25.3092,10.3855,2.2589,0.4518,0.2286,-12.8814,-18.5686,4.6308,65.202,114.698,g
27.435,17.3805,2.639,0.3559,0.217,-23.49,-18.7215,-8.0961,21.0606,63.1648,g
16.5057,13.608,2.2253,0.5356,0.3059,4.893,-28.4937,8.8944,11.851,91.6204,h
105.044,52.2112,4.276,0.0817,0.0427,53.6271,73.2952,-31.8463,1.96,287.767,g
27.9177,21.0394,2.6269,0.3329,0.1688,9.5282,22.2612,15.5846,48.484,90.9682,g
37.1223,12.47,2.5563,0.3333,0.1708,-25.6932,-12.8929,4.3534,3.823,208.651,g
52.8983,29.197,3.6656,0.1479,0.0854,26.3712,38.5675,-12.555,7.4762,146.821,g
24.1987,12.1882,2.6964,0.5332,0.3068,6.2631,17.3827,-7.2861,28.9777,159.148,g
32.5865,11.3165,2.6449,0.3941,0.2412,14.6847,26.3602,-7.5781,37.384,212.728,h
22.4155,16.3549,2.5763,0.4748,0.2851,-4.1728,8.8698,9.9436,89.9155,131.98,g
54.025,17.8851,3.0241,0.2753,0.167,21.5915,43.6579,6.1489,2.499,266.968,g
66.5198,22.7195,3.038,0.2217,0.1214,64.3091,51.4504,-13.0401,3.481,261.514,g
32.2737,13.8695,2.6782,0.4554,0.2719,-20.5075,-13.1159,-12.7632,16.5691,197.294,h
30.1452,16.1708,2.7578,0.3266,0.1686,-45.7699,-15.2411,4.8417,31.5548,261.486,g
33.295,30.515,3.0067,0.2421,0.1302,13.2514,-5.688,14.3104,2.7741,105.3283,h
57.1117,22.3814,3.0828,0.2083,0.1103,-55.2154,48.9989,-16.2457,10.734,280.705,g
47.8108,20.5476,3.0445,0.1913,0.1015,57.6978,-19.8689,7.6107,8.4572,196.396,g
20.4262,8.99,2.3139,0.6408,0.3956,-22.071,-13.2272,1.2753,61.917,118.875,h
138.085,50.5402,3.9738,0.0803,0.0406,-179.053,75.5048,31.2204,5.931,254.744,g
15.966,11.8254,2.2672,0.6216,0.3162,0.7171,-3.9839,3.1696,8.014,105.672,g
50.0677,17.6383,2.8052,0.2443,0.1245,-69.2489,-33.4756,-12.1053,21.887,233.149,g
37.5673,20.572,2.9383,0.2628,0.1343,36.9857,-19.7759,18.4041,15.4657,173.63,g
57.1342,17.0415,3.2002,0.2151,0.1088,22.2337,44.1026,-4.7512,0.7289,229.847,g
67.6087,26.6783,2.632,0.3851,0.2462,-56.6298,-57.9631,19.8064,79.6662,227.191,h
17.4844,7.3006,2.3064,0.8296,0.5358,3.9056,-3.7655,5.0078,44.6217,86.7621,g
28.0589,8.254,2.4448,0.6104,0.4075,27.6969,23.227,6.6783,11.659,209.914,g
67.0744,20.1901,3.0844,0.4584,0.3572,-33.1382,-61.3223,-4.2609,12.4831,290.1345,h
34.6337,7.1569,2.5971,0.5613,0.2819,11.8635,27.6383,-5.0869,8.051,207.105,h
48.6658,10.9483,2.6716,0.3046,0.1608,24.9887,12.365,-5.5849,0.1985,180.874,g
105.135,64.1772,2.7067,0.2809,0.1503,35.1194,39.3859,-46.0033,1.344,355.497,h
57.0409,24.7225,2.9848,0.204,0.1072,41.5483,45.0503,-10.0069,6.0385,161.631,h
82.0557,31.9178,3.4785,0.2785,0.1739,27.188,39.5205,17.7326,2.2334,367.051,g
95.5353,16.219,2.6128,0.5366,0.2817,-16.4813,-74.6842,15.1027,6.552,344.887,g
29.3424,16.1814,2.5496,0.3272,0.165,-51.8263,23.7665,7.7365,39.189,168.084,g
33.0433,13.7721,2.8144,0.4156,0.2291,18.8399,-6.7622,4.5087,22.2233,197.9669,h
96.9122,33.1062,3.1444,0.1377,0.0692,101.674,93.4082,27.6784,20.674,157.337,g
26.6711,10.4738,2.5079,0.5311,0.309,17.8012,-13.5101,10.3036,37.168,45.3787,g
166.073,132.015,5.0118,0.0162,0.0086,-257.948,84.3519,41.5151,37.371,162.484,h
19.704,12.7106,2.4778,0.5691,0.4043,12.106,16.7573,8.7064,58.1885,211.29,h
72.5798,40.6827,3.0197,0.279,0.1715,-69.4912,59.8818,-22.7043,8.304,262.487,h
32.5175,20.2779,2.7828,0.3479,0.2003,-3.0618,-21.3123,16.818,13.229,134.954,g
16.7272,10.9885,2.5769,0.7285,0.6159,8.9765,19.1379,-11.3508,28.904,177.274,h
126.759,60.8921,3.4827,0.1346,0.0683,-116.023,-105.697,-48.5353,20.616,228.911,h
23.7562,15.4405,2.6048,0.4298,0.2646,-18.1515,-10.8795,7.6493,24.237,250.624,g
105.299,63.2194,3.9254,0.1333,0.0709,26.649,56.1306,-31.8837,25.87,366.247,h
20.2339,18.7936,2.5058,0.3775,0.2075,-19.4777,-11.7949,-11.544,42.79,64.4979,g
19.2745,8.455,2.6658,0.4793,0.252,17.2679,6.1012,4.5504,35.4363,215.0508,h
80.4473,40.7292,3.6723,0.2235,0.1222,-15.8774,-38.1022,-15.2322,1.385,363.678,g
21.8056,0.0,2.1833,0.8066,0.4426,5.1148,-14.1388,0.0,55.95,62.714,g
178.3478,51.8335,3.3362,0.2505,0.173,-149.9392,-112.2758,-23.8339,38.8303,200.6793,h
24.9831,17.0385,2.5422,0.3816,0.1966,22.3242,20.9416,-10.4299,6.432,108.469,g
94.7731,74.473,3.0027,0.3104,0.1987,-10.3572,30.0436,-62.2613,22.4103,348.3267,h
25.7828,11.8424,2.7508,0.4602,0.2261,19.5791,15.7364,-8.1274,2.0598,95.7006,h
47.8357,20.8121,3.3922,0.2562,0.1413,19.2355,37.4746,-8.7009,0.468,215.892,g
21.6816,13.2289,2.4893,0.5835,0.3549,18.4128,19.4601,8.5961,55.7262,103.012,g
90.3223,27.2951,3.6603,0.1801,0.104,-58.925,76.4706,16.4178,3.7332,281.179,g
19.7752,11.7143,2.5838,0.5737,0.3377,19.4423,14.2667,7.5062,74.0078,177.452,h
25.8419,18.5717,2.6304,0.377,0.1932,25.4122,17.9303,5.4656,1.8424,145.416,g
71.5181,19.5946,3.1573,0.2514,0.1155,49.3394,48.8108,9.4687,0.5301,259.5957,h
27.8545,8.0432,2.2201,0.5783,0.2922,-14.4813,16.6641,2.9849,64.398,182.43,h
19.1651,15.8722,2.4706,0.5922,0.3841,8.824,-11.8129,10.5599,74.952,128.431,g
34.6655,12.5733,2.5472,0.4113,0.2227,23.5384,11.9924,12.4028,6.9113,205.613,g
41.28,26.0503,3.3525,0.1952,0.0933,18.5883,-46.5309,-15.1777,66.6318,98.1673,h
75.5491,24.8864,3.3198,0.1853,0.1113,1.4511,57.6754,-16.2244,4.418,277.086,g
24.4126,11.7612,2.6274,0.4528,0.27,9.1242,13.2079,-6.205,53.7096,180.677,h
39.3646,16.0335,2.8055,0.3756,0.1886,15.5438,26.6207,-15.2482,19.4174,155.325,g
22.4755,17.3344,2.6106,0.3736,0.2126,-27.598,19.4539,3.1056,23.8599,229.4376,h
16.0175,11.621,2.2253,0.619,0.378,-0.9426,3.7521,-7.2613,81.0796,150.079,h
86.049,28.6534,3.0276,0.1924,0.1159,-92.4275,72.593,-16.6192,21.984,269.68,g
87.6679,24.0653,3.3732,0.1465,0.0773,101.123,62.753,9.8767,0.145,251.117,g
59.0249,13.5471,2.6345,0.3991,0.2587,-85.8805,44.7229,-6.6479,0.057,255.293,g
33.7918,24.5442,2.6964,0.2616,0.1338,54.6992,-23.6825,13.4797,1.6003,133.764,g
25.7066,14.1612,2.4362,0.4029,0.207,3.4381,19.4335,-5.115,84.4922,217.425,g
21.7361,15.0599,2.4757,0.4482,0.2659,24.5098,13.5533,6.4398,31.4724,166.674,g
49.7239,16.8773,2.8779,0.2609,0.1331,53.1722,21.4719,-15.6775,2.233,211.993,g
106.456,83.5168,4.0233,0.1101,0.0573,-102.783,-73.8359,47.3775,67.316,365.016,h
18.7532,10.2804,2.2648,0.5598,0.2853,0.7603,-6.4056,5.0807,3.5066,208.996,g
63.6936,25.9812,2.9976,0.2273,0.1232,-76.4985,54.3458,-21.9607,2.844,285.506,h
19.4371,9.0561,2.2788,0.6632,0.45,-19.0207,-15.2036,-3.7914,16.244,61.034,g
31.1549,13.4921,2.7447,0.4428,0.2277,18.7514,22.0389,-9.3737,1.5067,205.165,g
27.5561,17.2682,2.5237,0.3293,0.1901,-3.8289,18.361,11.1617,63.146,130.112,g
40.0929,10.4147,2.7773,0.3492,0.2045,5.1414,33.9537,4.541,55.2876,203.8478,h
135.273,65.3513,3.5261,0.1096,0.0603,-23.0291,98.8722,-30.6597,24.4469,31.5625,h
34.2265,24.0467,3.1511,0.2331,0.1176,36.2208,20.0492,7.5914,4.551,144.794,g
44.9551,18.914,2.7885,0.2799,0.1408,-14.2513,-35.4151,-11.3157,18.5166,182.324,g
33.2327,14.4435,2.5058,0.3526,0.1981,18.4146,-3.9771,-9.8572,10.291,222.612,g
38.7824,25.7038,3.2171,0.2408,0.1368,13.3523,28.4911,11.2312,21.516,165.672,g
31.011,0.0033,2.243,0.5886,0.3514,-13.0285,-16.855,0.0001,15.774,95.5705,g
31.0586,16.9068,2.5999,0.3668,0.2123,13.709,21.735,15.4354,11.7643,210.618,g
24.002,11.544,2.3572,0.5516,0.3571,1.5807,-5.1194,-6.7626,75.7846,98.3481,h
41.0163,20.4484,2.4518,0.2898,0.1502,44.137,28.1236,11.7974,4.1807,181.842,g
23.7968,12.5196,2.5403,0.4409,0.2493,-17.4553,-15.0968,-7.7301,4.534,161.05,g
33.8598,22.8472,3.0073,0.2901,0.1568,6.0886,-15.9408,-14.6213,8.9398,111.115,g
85.6354,36.3469,3.6848,0.1674,0.0908,-66.825,68.3573,-25.4877,4.0749,353.088,g
66.7794,16.3312,2.5807,0.3774,0.2363,-46.9305,-46.8947,-7.5701,24.948,83.1796,h
101.703,39.5491,3.9457,0.1462,0.077,-157.872,70.4115,22.1504,4.0677,327.251,g
31.9523,17.6019,2.5688,0.3914,0.2173,-6.8808,-20.0884,7.9241,18.6087,225.822,g
47.2156,18.7115,3.07,0.2119,0.1213,-1.0962,-22.7595,10.4226,3.4,195.922,g
29.8636,22.1331,2.67,0.3402,0.182,32.0557,14.0443,-4.4904,41.9342,154.911,h
21.491,15.6538,2.5328,0.3871,0.2009,28.2548,3.828,6.4868,70.1989,161.573,g
29.6989,10.8918,2.2122,0.5565,0.2925,-0.5062,14.8697,-5.8006,88.1524,225.8803,h
22.1614,15.3687,2.7987,0.2914,0.1358,11.4247,-10.3657,-20.4911,13.592,141.7225,h
38.436,21.8075,3.0412,0.2547,0.1578,11.8304,24.5385,14.2542,11.0947,168.621,g
34.0847,22.3498,2.6191,0.3265,0.1809,-35.6894,-39.5396,-14.1016,74.0676,81.3918,h
56.9366,10.2765,2.6774,0.3516,0.2034,30.2751,45.1287,-1.2219,53.2187,262.199,h
13.2023,10.4981,2.1973,0.7873,0.473,-13.4981,-5.2649,11.0078,52.1667,109.21,g
38.4451,14.0055,2.5459,0.293,0.1835,-0.4145,8.1759,5.3335,7.8286,196.255,g
267.768,145.251,3.5586,0.0804,0.0405,374.603,-136.673,120.53,44.655,85.569,h
64.9081,16.3647,2.8241,0.2279,0.1282,-22.8831,-42.0859,10.438,8.841,202.51,g
70.3295,29.3458,3.218,0.2488,0.1577,-20.358,64.4925,-19.8294,0.3953,341.265,g
84.2237,27.3557,3.455,0.1708,0.0858,59.6588,86.462,-10.9931,0.0759,189.846,g
18.5368,8.6372,2.1299,0.7111,0.3821,33.1508,-6.1591,-7.7178,23.7001,231.405,h
20.4844,12.5957,2.4556,0.4518,0.2469,0.549,-2.548,-9.8238,63.2473,188.014,g
28.8657,19.3367,2.5883,0.4542,0.2568,5.4789,24.7443,-14.8651,34.7137,129.327,g
90.9146,33.2279,3.4884,0.2075,0.1233,4.2173,60.9262,-17.9418,7.4612,330.435,g
36.3425,9.2414,2.7926,0.3956,0.2214,25.3189,23.2299,9.2156,32.5796,186.0689,h
18.0787,10.2187,2.4082,0.6523,0.3613,20.8493,11.8441,5.8978,24.1656,139.102,g
40.3242,15.8403,2.6994,0.4396,0.2767,-54.3309,8.4771,-12.121,1.682,286.93,g
24.1038,15.8991,2.3729,0.4788,0.2521,12.8385,20.2538,-2.877,37.5625,170.952,g
32.7377,16.3811,2.9337,0.311,0.166,22.3459,17.2871,-8.9872,15.842,200.285,g
142.286,70.9921,3.2997,0.173,0.0895,-121.795,-120.157,42.9686,48.019,87.1874,h
75.8672,20.0816,2.9738,0.2772,0.1514,-124.634,69.8653,-17.3874,1.861,260.741,g
93.3756,56.9617,3.3768,0.16,0.0825,-7.6621,18.5969,32.2942,47.454,332.296,h
108.8311,20.0206,3.3431,0.1505,0.0914,92.5337,-53.1948,-25.5589,81.1956,60.374,h
33.1611,8.9994,2.2776,0.4538,0.2401,47.7227,-21.2335,-9.3072,5.6594,197.583,g
34.6882,22.6579,3.049,0.2305,0.1184,23.576,28.0075,-8.4395,2.0522,160.775,g
98.0185,34.7769,3.1977,0.2766,0.1507,-80.7267,-58.5457,-27.1038,3.6065,397.197,g
36.1806,17.9444,2.6015,0.2803,0.1414,21.7259,14.442,-10.2895,8.2714,179.442,g
43.3619,12.2234,2.6004,0.3764,0.197,54.7943,-21.1953,11.4956,0.5462,162.807,g
25.1684,12.5271,2.5809,0.4304,0.227,6.7492,15.2191,7.3546,53.537,42.7011,g
40.7402,14.4881,2.7582,0.3054,0.1667,24.9647,20.277,7.8186,2.063,183.588,g
19.2963,19.039,2.4526,0.4749,0.2592,-6.6629,-18.1211,10.6565,86.5376,205.2974,h
50.5608,24.0338,3.1101,0.1777,0.1044,-11.465,-14.1498,14.1619,21.156,189.873,g
19.3013,12.7265,2.3664,0.486,0.286,-0.1253,-1.3205,9.4365,79.7947,89.5562,h
61.5993,11.4756,3.0115,0.266,0.1467,14.4526,-26.8287,-6.8771,88.0191,168.3521,h
35.4783,19.0951,3.0037,0.2786,0.1423,8.7399,-20.377,-12.5216,60.676,49.4711,g
20.9214,12.7453,2.3627,0.4729,0.2451,27.4875,10.2574,-8.1419,1.19,146.967,g
24.7319,11.598,2.5575,0.446,0.2535,10.9503,-5.9315,-6.2544,12.2473,194.993,g
254.0912,129.8571,3.5467,0.1239,0.0697,369.5594,-132.2893,111.7821,63.6941,68.6075,h
24.6165,15.9126,2.7443,0.4757,0.2676,7.9465,-18.4872,13.7342,15.114,190.977,g
89.4662,70.6759,3.8886,0.1613,0.0839,23.6602,-19.2773,48.4484,31.1847,352.874,h
27.9279,15.4882,2.5205,0.4133,0.2247,28.892,21.0378,-5.5457,12.21,212.898,g
72.7273,21.5659,2.6908,0.4211,0.3053,63.7225,72.1245,-8.4182,34.3892,109.5826,h
21.3993,14.8735,2.2956,0.4608,0.2354,-34.1837,17.5329,6.3148,17.51,75.1693,g
35.9941,20.0994,2.9666,0.2613,0.1496,20.7795,28.7567,4.268,4.761,151.185,g
195.084,84.4386,3.431,0.1805,0.1055,-161.696,-150.661,70.18,33.768,222.845,h
20.2662,7.1979,2.1446,0.7527,0.3763,3.8412,-11.5307,5.4841,72.587,118.057,g
24.7191,15.3082,2.738,0.4077,0.2057,13.0371,12.345,8.9074,64.5648,41.7459,g
30.5805,9.5479,2.4762,0.516,0.3338,20.5723,32.8776,15.0238,48.152,250.5888,h
37.5565,11.9738,2.7356,0.2964,0.1858,26.4228,7.1043,-3.811,34.4077,83.7628,h
34.9814,13.3332,2.5508,0.4529,0.3165,-22.4672,-30.2027,-9.7852,49.902,278.431,h
96.032,39.9332,3.0166,0.3118,0.1593,60.8547,97.0464,-32.1138,69.8492,264.674,h
29.7465,11.671,2.3531,0.4967,0.3171,35.0728,13.8927,6.3463,25.441,192.77,g
26.8136,12.9271,2.5004,0.5719,0.3428,13.8773,22.0226,6.0542,0.708,209.888,g
24.8069,15.3206,2.6527,0.3582,0.1969,-9.8548,-10.8912,-13.3818,6.1642,198.377,g
26.691,18.6079,2.7868,0.3611,0.1855,-15.1237,19.2808,-8.4267,0.533,92.9824,g
70.93,35.7181,3.8856,0.1253,0.0662,20.1338,60.9939,22.3921,2.062,236.218,g
29.3091,17.9348,2.766,0.3685,0.2151,18.5997,20.5415,16.9561,24.9607,135.511,g
21.9109,9.4128,2.4552,0.6956,0.5012,11.5372,11.3575,-12.2756,66.4151,122.2868,h
60.2085,12.6926,3.0844,0.2528,0.1272,55.8285,33.2663,-9.2564,40.222,148.591,h
26.0561,12.0224,2.4969,0.4777,0.285,-6.0085,-21.2166,11.0144,2.8978,83.9991,g
83.4719,36.2252,3.9645,0.1203,0.0613,29.332,80.8385,-25.6948,3.994,239.336,g
20.2926,9.4958,2.2923,0.6582,0.3852,-6.1566,16.0219,10.7907,28.986,123.604,g
48.1067,19.5465,2.86,0.3368,0.1746,33.6645,49.8953,-7.6822,5.884,229.414,g
105.305,22.0399,2.9963,0.2451,0.1427,-30.1695,69.6331,21.6329,4.985,310.321,g
47.2397,19.8187,3.3769,0.2629,0.1426,-9.6875,38.8557,12.4598,3.032,200.467,g
29.7941,19.9263,2.8254,0.42,0.219,32.4555,30.0186,-13.2494,25.428,56.8985,g
122.595,35.7976,3.6811,0.1661,0.0962,-53.1761,19.0332,23.6593,10.239,291.848,g
27.3848,12.1636,2.4778,0.5724,0.2912,18.9417,27.3697,-3.8737,6.383,153.617,g
62.9301,21.2148,3.2015,0.2201,0.1204,8.0752,28.6155,-2.9876,10.598,252.088,g
57.4269,20.2649,3.2958,0.1827,0.0939,64.8393,48.4879,14.5873,9.716,211.043,g
30.8978,13.8836,2.8488,0.4391,0.2812,14.261,29.9884,-6.0247,14.4319,63.7038,g
44.9124,18.8047,2.8642,0.2707,0.1401,-33.0305,-34.0672,13.3701,60.9026,53.0291,g
77.0262,32.288,3.3502,0.3152,0.1868,-28.6712,-35.9464,-31.4001,0.894,357.044,g
76.8587,28.5152,2.8564,0.3034,0.1691,-2.287,-50.0302,17.7811,3.196,356.486,g
25.4911,15.4594,2.7153,0.4784,0.249,14.4384,-15.4368,4.1073,75.1657,163.4802,h
21.0846,16.5656,2.601,0.4737,0.302,27.4684,-9.8819,-7.4203,3.6007,158.11,g
22.0672,12.6997,2.3493,0.4966,0.2528,17.1709,11.1048,7.6263,52.585,195.671,h
74.8515,17.9728,2.7924,0.2597,0.1589,77.9846,50.8338,-10.3462,12.006,227.853,g
69.7376,22.0464,2.4928,0.418,0.217,37.86,43.8114,-9.3744,0.306,245.704,g
20.7757,10.0606,2.2201,0.5964,0.3524,5.4293,-16.4601,10.1672,0.513,172.443,g
21.2876,11.4904,2.4771,0.6167,0.4117,-13.26,-20.5012,-8.1759,14.948,186.382,g
28.4858,9.5755,2.4224,0.4802,0.2779,38.8574,-15.1118,6.6867,40.871,72.355,g
16.1743,7.0416,2.6351,0.5996,0.3211,1.7071,13.8844,3.7664,19.9777,207.8836,h
23.1882,14.8885,2.4502,0.4362,0.25,-10.4881,9.837,13.4023,9.004,93.4713,g
16.496,11.2599,2.5,0.5795,0.3487,12.2759,-4.1539,-7.5753,61.2842,257.6402,h
172.566,44.289,3.0548,0.2248,0.1186,-90.0616,-185.264,30.7393,27.4831,109.322,h
105.339,12.2392,2.6243,0.5226,0.2815,-71.1146,-52.9658,-7.4399,5.388,309.037,g
93.3775,33.6521,3.4508,0.2901,0.1797,-27.0864,-67.2331,15.5624,4.669,353.462,g
25.7563,19.0266,2.6196,0.3842,0.1933,8.2673,24.5412,-12.0506,38.164,224.119,h
145.2085,128.5932,3.9396,0.113,0.0518,124.1654,-73.7007,95.9337,44.045,313.0308,h
63.4558,23.6207,3.2119,0.1762,0.0985,69.7127,27.8829,-5.1909,2.8194,248.237,g
84.0324,29.9255,3.2917,0.1619,0.1014,-69.83,65.0036,13.1296,1.839,269.468,g
100.686,20.2,3.2508,0.2161,0.1148,44.4752,83.4147,-16.1377,0.667,278.761,g
19.8927,0.0,2.2,0.8013,0.5584,0.0,0.0,-7.2609,68.347,211.231,h
49.8944,16.6318,2.9122,0.224,0.1255,2.9045,-27.0807,-4.106,23.1963,123.305,h
20.0406,7.175,2.1383,0.7709,0.3891,22.1636,12.1501,5.1753,40.244,91.5956,g
53.238,20.45,3.0406,0.2723,0.1389,54.0039,43.6942,12.9959,5.6926,235.78,g
52.026,18.7414,2.9124,0.216,0.1312,-59.3847,-30.5249,5.8067,86.2773,175.3454,h
151.776,59.303,3.3893,0.1175,0.0594,174.771,146.056,53.6036,15.6891,211.673,h
34.706,7.9521,2.7012,0.4417,0.2828,9.3057,12.7077,-9.4878,40.0399,107.9123,h
34.2306,17.4427,2.7352,0.3109,0.1573,51.4683,20.0774,-12.9813,1.3814,111.12,g
77.8656,32.3037,3.5645,0.2129,0.1168,48.0801,79.9021,11.5384,1.775,314.071,g
23.919,18.5958,2.7778,0.352,0.196,-1.1588,-15.3057,-10.8149,27.0943,128.141,g
144.264,76.2978,2.9872,0.3491,0.2291,-78.9021,-128.883,-59.0729,12.0694,235.422,h
65.3683,22.7606,2.613,0.56,0.3235,-35.7992,-68.712,-4.1928,42.0088,323.6534,h
16.1266,6.3588,2.1016,0.7827,0.4686,3.7918,-8.1461,3.0273,34.2326,207.2686,h
180.1015,135.4331,4.2896,0.0541,0.0416,-61.2026,-179.0611,113.4518,58.4545,281.2776,h
49.9507,20.1441,3.2653,0.1873,0.0953,16.9113,17.9832,-5.7283,0.4481,226.752,g
158.566,20.3113,2.8837,0.651,0.3523,-157.761,-49.77,20.9613,16.7015,338.706,h
22.2888,12.2423,2.472,0.5295,0.2648,25.9538,6.9253,9.6848,14.999,159.003,g
13.2479,10.6409,2.3334,0.7842,0.4385,14.207,3.8366,-11.5902,57.4463,207.357,g
68.7734,19.1491,2.9245,0.2986,0.1648,-87.3385,23.0281,-17.3409,2.2482,243.143,g
44.7252,24.5245,3.1733,0.1939,0.1057,35.5333,26.6332,-19.6672,4.908,144.138,g
30.5778,16.2932,2.9358,0.4046,0.2301,15.225,-13.3502,-11.6571,5.5419,164.463,g
44.3788,14.3154,2.8704,0.4363,0.2825,33.1641,36.0734,9.8899,60.4565,162.1778,h
20.0302,9.8235,2.5688,0.7206,0.4791,7.9487,16.3175,9.2826,24.3,177.565,h
10.7015,10.2689,2.6054,0.5717,0.2778,-17.8989,-15.5452,0.8136,3.6583,169.5017,h
24.4766,10.2554,2.4706,0.511,0.2961,-6.2021,-18.3492,7.5862,73.9672,146.967,h
19.4162,16.5386,2.5257,0.5663,0.3353,23.7922,7.6174,-17.4922,10.8246,205.363,h
142.872,110.85,4.4417,0.0431,0.0231,5.3578,88.068,65.575,81.3496,267.828,h
18.1865,14.1157,2.3829,0.5756,0.3458,7.6399,-16.0789,-5.9486,83.5322,210.051,h
150.376,21.72,2.6542,0.5831,0.4002,-122.46,-106.522,-20.3734,23.5935,367.831,h
50.9993,14.2055,2.8506,0.2779,0.1615,13.0493,-23.2999,-9.7623,5.341,179.417,g
53.8192,44.3944,3.2793,0.1023,0.0653,21.7456,-41.474,-23.1915,29.1155,204.7433,h
38.549,24.3501,3.3116,0.2371,0.1344,-9.3125,2.3232,8.6266,24.017,102.78,g
70.2768,24.5132,3.3917,0.1294,0.0651,83.3498,48.9676,-12.3834,2.9261,233.617,g
217.837,39.323,3.0903,0.2835,0.1458,-265.374,132.336,17.4287,42.682,244.432,h
123.7507,88.0211,3.4831,0.2012,0.0985,48.1103,79.9657,-103.8981,44.4057,301.3919,h
32.562,11.9144,2.7413,0.4036,0.2396,-15.3967,9.9211,1.4978,76.0223,136.6519,h
241.876,170.862,3.4333,0.177,0.1067,-156.806,-204.822,170.692,8.9743,226.317,h
37.6961,20.2253,2.708,0.2586,0.1459,40.4884,12.2489,18.9649,1.203,92.325,g
100.591,20.344,3.1458,0.3295,0.1976,-82.3443,-53.7804,18.4263,1.0996,338.489,g
25.0,11.6843,2.5378,0.4348,0.2246,35.1489,9.2603,6.4437,64.5331,53.0931,h
18.9158,12.618,2.3512,0.5301,0.314,-1.5261,9.4734,-9.8483,17.822,46.7008,g
75.6987,12.4807,2.4725,0.576,0.3544,-23.41,-72.4374,-10.7766,72.1787,67.289,h
96.0679,26.9201,3.4808,0.1887,0.1023,-51.0279,63.4326,22.1025,3.045,311.037,g
29.6033,18.6805,2.874,0.5843,0.3664,17.9836,30.8345,16.7199,67.2374,176.1317,h
20.2467,10.4762,2.3096,0.6275,0.3162,8.6645,-18.0061,10.9604,79.4844,161.749,g
77.7891,22.0943,2.9908,0.2615,0.1486,53.5162,52.3456,-16.006,5.253,279.93,g
23.8432,20.0915,2.4433,0.3459,0.2036,1.3026,-19.6504,8.9295,21.1916,65.7449,g
21.9979,6.653,2.1156,0.728,0.4176,-23.2915,-12.6647,6.6528,27.9743,177.286,g
30.1039,16.9787,2.9151,0.3453,0.183,14.0798,26.4652,-7.5275,14.6972,180.238,g
29.3356,15.7717,2.9017,0.4176,0.21,20.6689,-7.4555,-13.2832,65.015,245.117,h
41.0677,16.2578,2.7308,0.3532,0.1812,47.4405,37.9125,16.1237,17.671,213.317,g
20.503,12.8121,2.3627,0.4772,0.2712,13.6595,13.4942,-8.2177,11.4507,153.191,g
43.6702,20.8285,2.9167,0.2617,0.1423,20.9315,43.5221,11.4343,6.903,231.242,g
18.5533,7.4793,2.1717,0.7677,0.4882,-1.4627,5.8926,-2.3056,76.6555,194.414,g
34.3377,16.1589,2.9941,0.2788,0.1414,14.7366,-13.8061,10.6127,0.811,196.852,g
32.6585,16.7311,2.7585,0.3522,0.177,41.6592,23.4397,-6.9897,6.5984,148.984,g
21.4272,11.9259,2.4764,0.5109,0.2855,-27.9283,6.0503,-8.6339,12.6618,233.439,g
48.8028,14.6764,2.7384,0.2886,0.1525,32.6729,39.3987,5.7309,27.6226,243.873,g
91.9897,27.3844,3.2073,0.1461,0.0744,61.9153,93.7197,11.5553,33.8874,223.0459,h
51.3155,11.598,2.4166,0.4713,0.251,-70.1741,20.7189,-11.2107,8.8813,271.059,g
25.3993,14.0419,2.5334,0.3953,0.2533,6.6444,16.4517,9.2754,8.4814,164.808,g
49.0854,12.9422,2.8293,0.4148,0.217,4.4968,31.1043,12.6654,51.205,159.726,h
22.7005,13.2925,2.4417,0.5967,0.396,19.0919,19.963,-9.7353,84.8232,117.497,h
48.3365,28.4086,2.8854,0.1916,0.1117,53.3528,24.0503,-28.8925,67.0392,63.0931,h
21.241,11.2051,2.2095,0.5741,0.3241,14.0242,18.9243,5.9074,25.446,192.861,g
58.6891,15.5086,2.786,0.3306,0.2021,-64.4703,47.0768,-9.1711,1.7099,266.071,g
18.8087,12.4114,2.5547,0.5972,0.33,-0.5259,3.3669,-4.2071,11.8816,210.4779,h
39.8855,17.5545,2.679,0.3876,0.2083,43.3267,32.1269,13.2365,89.1354,163.1477,h
45.4425,26.1756,2.8058,0.2142,0.1134,-19.4685,28.2442,-17.4982,42.1325,140.456,h
25.5681,7.4485,2.5257,0.7158,0.388,-4.4429,17.1056,5.0719,9.8852,115.1498,h
22.8645,10.6916,2.6623,0.5114,0.2601,-17.0557,16.7569,-4.9513,75.856,107.46,h
59.2653,32.6689,3.1407,0.2452,0.111,37.8749,-43.4507,21.8569,50.8755,164.3214,h
18.2209,17.3462,2.4224,0.4612,0.2325,-7.6009,17.7841,8.1034,3.7849,189.153,g
38.6653,19.3423,2.5812,0.3512,0.1757,-7.4013,-37.8833,15.457,47.4316,145.2052,h
104.44,26.8363,3.0,0.218,0.1315,-113.72,-62.6959,14.8523,3.2824,285.612,g
94.9897,55.072,3.1227,0.2412,0.1308,80.7443,95.2638,53.2694,50.8115,283.939,h
128.256,46.3484,4.0138,0.0923,0.0479,-108.93,102.411,20.2247,3.208,231.841,g
36.4858,9.4858,2.6596,0.6099,0.373,-9.6632,9.2725,-2.9336,1.3705,122.4467,h
27.0828,15.3809,2.776,0.4539,0.2303,30.1999,24.9191,-9.786,3.791,149.6,g
92.3147,29.3381,3.6418,0.1777,0.0989,0.6611,65.2471,10.4268,1.3333,330.901,g
85.9685,46.078,4.1192,0.0875,0.0471,80.4417,77.7503,-37.1788,4.561,188.566,g
87.028,20.9835,2.9759,0.1903,0.1052,-120.361,69.5958,-6.8439,10.7918,282.555,g
67.9094,36.4645,3.4214,0.1812,0.0919,42.1917,83.9585,31.5758,8.6395,147.316,g
141.4681,65.7044,3.5155,0.2149,0.1501,-104.6055,-168.8951,81.1526,33.4305,270.6249,h
35.8348,17.3889,2.9355,0.3132,0.1572,26.9894,-12.9673,9.0782,3.335,157.997,g
34.9632,20.9011,2.7885,0.3092,0.1961,-12.363,21.8051,14.5036,3.901,203.146,g
123.1291,70.0888,3.6388,0.1435,0.0654,-148.222,-84.1803,-60.7439,41.8865,326.6975,h
33.2691,9.1269,2.6728,0.4437,0.2553,12.3981,19.9081,-5.3204,20.78,180.4168,h
26.5153,12.6908,2.49,0.5146,0.2994,-5.7087,18.4502,-8.7745,0.4206,160.912,g
32.5717,18.4936,2.8707,0.3219,0.1623,-16.7857,-10.8447,11.6068,20.151,193.305,g
82.1036,33.9271,3.829,0.1382,0.0761,-63.2793,-79.2515,28.0387,35.311,130.391,h
16.0412,6.6282,2.3151,0.5094,0.3107,-3.6182,11.0145,-10.9277,56.1641,168.8122,h
47.3516,11.2472,2.7054,0.4138,0.2414,58.7,25.9334,-7.3072,6.594,224.921,g
76.0124,13.3124,3.0348,0.2538,0.1361,22.1245,47.4091,10.7422,71.108,87.4189,h
37.9472,6.7096,2.7039,0.4723,0.3376,33.0542,11.6496,-7.4722,79.512,201.0388,h
17.3444,11.0591,2.3711,0.566,0.3255,-0.9829,5.7716,-5.9806,45.5211,148.163,g
19.0237,12.7709,2.3512,0.5523,0.2829,13.464,13.4941,8.1203,41.866,107.452,g
66.6985,15.4241,3.0648,0.2329,0.0944,-2.7719,44.0388,-17.4514,63.9193,157.8242,h
222.238,87.3398,3.246,0.2123,0.1234,-307.122,-82.4761,78.8522,63.245,249.948,h
66.1343,19.7841,3.0964,0.2555,0.1478,-76.453,47.9461,-20.9157,4.103,284.839,g
40.0976,11.4319,2.5198,0.5287,0.3489,45.8807,19.0919,9.9237,2.622,242.382,g
78.6022,16.852,3.0445,0.2735,0.144,17.914,69.495,-19.1926,43.552,208.574,h
182.252,28.4761,2.7563,0.1946,0.099,-268.332,-86.4682,-17.2389,55.435,164.832,h
33.4507,7.9721,2.4637,0.5826,0.3822,7.6158,18.0634,7.7288,54.2724,194.9774,h
51.115,18.5114,2.752,0.2159,0.1142,8.1215,-25.515,-12.2658,21.9356,123.759,g
23.5439,12.7811,2.2122,0.5706,0.2853,29.6103,-8.9195,6.6115,2.964,208.681,g
13.0769,10.865,2.1538,0.7649,0.4526,14.0145,-4.7157,10.6247,42.603,161.94,g
26.1827,22.0968,2.3757,0.7621,0.4021,29.6271,-8.1313,-23.4816,14.6067,425.267,g
19.7512,16.1373,2.3646,0.5443,0.2959,-19.4271,-19.964,8.7017,86.0164,184.508,h
24.4091,12.8134,2.5065,0.405,0.2103,21.2555,-5.3426,-6.1367,22.24,133.157,g
16.2656,12.1606,2.3605,0.7584,0.3952,22.6327,7.5013,16.462,17.9789,239.4078,h
37.6892,15.6921,2.5977,0.3384,0.1806,-30.8069,16.0417,7.9877,11.546,215.244,g
56.2778,16.7935,2.8048,0.2351,0.1183,12.3558,11.6558,-12.8811,4.439,169.973,g
24.8861,11.3642,2.659,0.5197,0.3081,-7.4299,-12.0184,10.3272,12.957,144.052,g
19.3257,10.0227,2.2945,0.5533,0.2767,25.981,0.0,2.594,61.973,221.165,g
21.8627,9.4429,2.29,0.5897,0.341,-2.8708,14.9846,10.2016,65.5458,103.146,g
33.7228,18.2951,3.0639,0.2676,0.1394,32.5576,18.3456,-4.4196,11.0782,94.1792,g
80.2186,25.8725,3.5354,0.1959,0.1173,-46.4415,60.0831,-8.5273,0.8713,283.766,g
31.7518,14.9318,2.6817,0.3517,0.1883,-8.1542,18.4968,11.5886,4.706,202.458,g
39.5097,18.4043,2.6294,0.4038,0.2148,17.02,32.6702,-14.8209,3.056,213.216,g
17.809,10.7648,2.1875,0.5844,0.3149,1.8625,-7.6735,5.875,88.6601,163.45,h
26.9276,11.8845,2.2636,0.485,0.248,9.3925,11.4899,-10.1253,40.449,80.5489,g
17.8704,15.087,2.3703,0.4966,0.3115,16.5736,27.3345,5.6102,19.9953,180.5857,h
17.3998,11.1244,2.415,0.55,0.275,-0.9991,6.1629,0.1948,33.5627,217.054,g
13.2009,10.4273,2.3064,0.7901,0.4815,-13.3062,-5.7732,10.8975,40.863,121.953,g
45.3424,21.6612,3.1103,0.2529,0.1509,33.768,43.0001,-12.1145,5.028,267.265,g
21.8711,14.8478,2.6031,0.5287,0.3404,26.1102,7.1398,6.0112,30.5423,154.523,h
63.3502,19.559,3.0374,0.2404,0.1317,0.2617,53.4626,18.7123,50.283,281.477,h
19.6873,12.2639,2.5629,0.5773,0.4227,14.1354,17.2019,9.5648,44.5774,225.46,h
43.814,23.5591,2.7415,0.3064,0.1804,15.0611,24.9308,13.7095,19.0193,168.601,g
21.4072,12.7942,2.3473,0.4764,0.2449,12.4497,12.7655,-9.0269,6.27,133.245,h
15.7018,12.2335,2.528,0.6525,0.3579,16.3805,6.333,-4.6724,30.8802,212.2398,h
118.4908,66.9402,4.0546,0.1039,0.0658,-25.0086,-107.2853,49.8532,79.3923,285.8099,h
19.07,15.388,2.4526,0.5044,0.3122,4.2803,-16.4114,8.2747,63.687,169.363,g
25.2385,17.4634,2.6839,0.4389,0.3075,23.4366,20.7609,5.9767,9.1044,189.923,g
38.2245,28.3284,2.8648,0.2594,0.1536,11.8309,-21.6217,16.1872,10.5115,149.794,g
19.0958,16.1704,2.3434,0.5896,0.415,-18.4869,-14.1089,13.0868,80.5135,81.318,g
90.0481,13.9973,3.1377,0.2466,0.1413,-101.4084,35.1786,-4.0346,3.509,217.2128,h
37.1805,8.7493,2.3233,0.4703,0.2447,23.7108,20.4353,-2.2727,22.9248,176.229,g
18.8377,8.8786,2.5617,0.6039,0.3234,0.4589,15.5433,-8.4175,31.508,164.8029,h
182.0891,42.573,3.3349,0.2253,0.1339,-270.2421,124.0546,-31.3042,22.8369,235.5909,h
82.2528,28.1044,3.4551,0.1697,0.0882,-4.8321,78.99,25.291,5.1396,280.75,g
152.254,27.5316,2.8166,0.267,0.1457,-101.86,-61.9595,-22.2483,17.072,232.039,g
33.2574,15.3579,2.7934,0.2944,0.1537,-5.0074,17.3116,-6.9279,52.234,109.506,h
72.969,19.2006,3.008,0.2749,0.1537,-47.3236,42.1489,-10.2088,4.087,291.175,g
29.2191,12.5891,2.5139,0.3951,0.2343,-4.9909,18.6529,-8.5386,28.8593,88.4362,g
85.6991,16.5385,3.2141,0.1944,0.0864,18.166,68.4694,14.5353,39.0355,177.91,h
133.8881,114.3125,3.4859,0.2422,0.17,-78.818,-158.8424,71.7338,84.8106,344.2077,h
21.1516,12.3907,2.2878,0.6495,0.4149,-11.4064,-15.6257,10.6124,21.755,100.137,g
19.2521,16.8339,2.4265,0.4831,0.3352,13.9856,17.7007,-11.065,47.858,136.634,g
49.2169,24.285,3.2258,0.1683,0.0853,21.7454,35.9682,9.9752,2.1269,140.718,g
38.8799,21.5881,3.0573,0.2025,0.1047,18.7566,-24.0106,11.6233,0.704,185.251,g
59.0483,24.8113,3.2908,0.1566,0.0852,42.7597,-23.8426,14.0244,8.161,226.055,g
28.7044,17.0811,2.7352,0.4029,0.2272,-36.5949,-13.776,6.8482,49.667,209.13,g
15.5815,12.8089,2.4522,0.7167,0.369,-8.2746,23.0532,-12.6156,51.4362,106.8125,h
38.0437,21.9132,2.8624,0.2924,0.1682,14.6147,39.3731,-18.5477,14.454,193.068,g
18.936,15.0925,2.5287,0.5216,0.2563,-2.7392,-7.3072,-7.9778,36.3083,207.9632,h
24.8923,17.9013,2.7702,0.3803,0.2126,39.5991,-17.8956,-13.778,70.726,237.9777,h
54.2662,10.2121,2.867,0.3094,0.1874,1.5908,31.0882,1.9858,19.808,135.9448,h
76.074,28.2607,2.6993,0.2601,0.1932,-91.4748,-47.2547,20.8358,35.4976,238.7182,h
30.0286,12.8014,2.632,0.3827,0.2019,-1.0485,16.2906,10.4785,62.3642,219.34,h
25.6039,16.1015,2.6799,0.3678,0.1912,-4.3692,9.8804,9.9835,10.268,135.066,g
70.4444,32.0827,2.9403,0.2169,0.1199,-2.9524,-93.982,-19.5125,76.3636,61.9936,g
29.8866,18.92,2.7664,0.2945,0.1515,24.996,-9.1786,-4.8501,19.5579,177.893,g
98.3607,25.1592,3.4009,0.1538,0.0801,115.75,92.2918,13.2956,2.9063,282.081,g
50.2236,11.1068,2.8901,0.2627,0.1346,12.8571,20.3994,-2.9316,11.44,92.0361,h
21.6457,12.6951,2.4005,0.4573,0.2366,-29.5819,6.9841,8.7935,30.9668,204.558,g
21.0921,10.8638,2.4249,0.6353,0.4041,-18.6783,-20.5978,11.5414,35.604,170.859,g
33.5414,11.6431,2.5378,0.4319,0.2217,11.4003,21.0699,11.6025,9.224,117.892,g
31.3764,8.9014,2.4502,0.5,0.3209,-21.3569,-21.8757,-5.5281,44.14,250.659,g
100.18,49.9918,4.1525,0.0828,0.0419,-111.054,78.9598,-42.6672,2.266,287.722,g
41.3433,12.2299,2.6866,0.3519,0.1883,48.8743,37.1246,10.7865,9.474,124.853,g
37.7762,11.7127,2.8338,0.3724,0.2133,-38.9174,8.173,2.1212,82.1786,226.909,h
33.8356,17.0413,2.5922,0.3657,0.2161,11.987,26.5376,-8.9685,23.115,178.094,g
19.9277,7.2519,2.3395,0.7643,0.3959,-3.9818,11.1709,5.0815,70.244,189.333,h
180.0573,25.183,2.6991,0.393,0.2264,-269.0959,142.5782,20.3564,18.3953,247.7279,h
22.2424,9.5742,2.2878,0.634,0.3737,-21.8203,-19.1496,-11.3251,60.172,263.527,h
53.3643,18.3319,2.9289,0.2179,0.1125,77.0344,32.3906,9.9774,11.5856,181.76,g
182.071,17.209,2.889,0.2931,0.1607,-114.714,115.518,14.4658,45.6762,286.955,h
19.3929,17.3868,2.4955,0.4058,0.2125,-12.5429,9.9028,-14.4024,12.553,181.769,g
60.2951,27.9635,3.4553,0.1724,0.0931,55.3522,53.1801,13.5627,56.335,50.2019,h
59.9017,18.8812,2.9802,0.293,0.1606,41.6961,54.062,-10.1987,1.9107,251.432,g
40.9913,20.5501,3.1227,0.2902,0.1459,37.2103,29.5254,-11.3689,13.4983,156.834,g
21.4297,10.5062,2.5601,0.6384,0.4393,-3.75,17.368,-11.3864,7.4151,151.917,h
59.3778,18.3907,2.7118,0.3165,0.1738,-70.3242,-29.9143,-13.9255,8.789,256.883,g
40.9677,20.7897,2.9685,0.2462,0.1328,20.8746,25.5428,-7.9817,4.929,218.327,g
31.4384,19.1617,2.6812,0.2875,0.176,-21.8172,15.7767,-9.3084,45.8751,95.7784,g
51.5372,21.2864,2.9578,0.1939,0.1008,1.3913,-27.5072,-7.0619,0.7045,197.527,g
38.5541,12.5228,2.5391,0.4884,0.2905,20.0958,35.2245,-5.088,3.055,179.057,g
40.811,9.7607,2.6412,0.4273,0.2759,24.3405,37.6193,10.0571,86.2961,232.1721,h
24.4102,10.8908,2.3334,0.5058,0.29,-7.0266,-19.5335,-6.8932,4.738,95.0864,g
70.217,18.8949,3.1154,0.1947,0.1031,-111.158,46.3781,11.8901,8.293,230.3,g
127.9088,31.7282,3.0046,0.3839,0.2434,-68.7546,-80.2098,-23.7039,39.212,298.2361,h
87.9333,70.2379,3.1797,0.2896,0.159,-98.4032,53.8995,-67.0434,42.493,260.422,h
50.4295,19.4545,2.7938,0.2347,0.1182,-64.6291,20.0551,9.9499,46.857,186.067,h
102.156,46.3169,4.0587,0.095,0.0504,86.8128,96.1798,-34.8443,3.511,217.867,g
26.9187,17.3692,2.7498,0.4678,0.2777,-36.2269,-23.6332,-9.253,73.6034,92.6105,h
86.7619,16.6586,2.9991,0.2725,0.1618,-54.7479,40.5963,14.6462,5.057,285.249,g
20.9468,17.7919,2.8602,0.355,0.1795,10.8769,8.6884,-10.4359,65.7603,102.09,h
65.739,24.7642,3.4049,0.1779,0.1175,13.6016,41.4762,-17.7319,2.7714,223.683,g
18.52,15.7801,2.2956,0.4861,0.2911,6.7766,-16.9967,6.8573,76.716,188.581,g
58.5807,36.5795,3.516,0.1753,0.0928,47.7038,58.625,-21.7586,6.582,150.3,g
159.0142,92.2572,3.3439,0.2028,0.1361,209.7211,-70.7409,77.5179,63.5359,326.1471,h
14.2556,12.5353,2.3201,0.6986,0.3565,-0.5321,-3.1969,-3.7707,63.8003,117.127,g
22.3493,11.469,2.5922,0.5396,0.3261,-6.4752,-10.0721,-7.5444,9.2904,132.145,g
30.8885,20.3166,2.667,0.3122,0.1604,-3.4256,-16.6435,-11.5359,54.9356,226.905,g
43.0769,17.081,2.721,0.2452,0.1245,-3.0213,26.8079,-3.4921,15.9601,165.809,g
24.0263,9.8877,2.7384,0.3735,0.2117,2.2505,-18.5272,-11.0226,54.7703,157.5552,h
25.7371,16.4992,2.721,0.4392,0.2519,16.669,23.3348,-8.9524,17.512,152.866,g
36.3933,14.9178,2.9292,0.3308,0.176,46.1626,29.8447,-11.6154,2.6313,177.111,g
80.8223,27.3299,3.3308,0.2689,0.1632,-34.7264,-39.1719,-15.6433,1.29,294.867,g
21.6674,6.6144,2.1021,0.7273,0.4545,-21.4209,-14.8866,-6.4934,4.344,134.69,g
23.1425,12.903,2.2577,0.5414,0.3011,-15.3818,-11.4526,7.3136,12.137,76.1859,g
21.2211,6.8795,2.07,0.7319,0.4213,22.1921,13.4931,-6.259,56.2975,92.9938,g
82.6154,34.4947,3.5741,0.2674,0.1561,25.4538,46.5931,-18.1965,1.979,387.259,g
23.8385,14.9777,2.7109,0.3858,0.1863,38.5933,21.3687,-2.2535,20.3408,188.5054,h
128.4049,19.2881,3.223,0.1685,0.1103,-167.998,-98.5733,-5.6622,16.5788,172.3054,h
33.3046,14.5828,2.5569,0.4827,0.3343,33.7169,31.6559,14.9136,28.9934,187.749,g
28.4847,26.6785,3.0835,0.2434,0.1234,-11.4567,13.0877,-22.8509,42.931,88.1528,g
39.0798,20.0139,2.9643,0.253,0.1341,7.6154,9.8348,-12.7683,15.7293,220.279,g
29.0865,6.6934,2.2041,0.5188,0.2594,38.7475,8.445,-2.4604,28.4635,142.266,g
125.278,39.8098,3.0179,0.2946,0.1627,73.9883,136.223,37.5513,50.4921,286.965,h
47.4276,10.4305,2.6435,0.3591,0.2057,-10.4049,-40.5853,-7.4343,5.442,187.039,g
58.8799,17.0451,2.8774,0.2507,0.1267,-58.515,46.9975,-14.4734,2.622,246.013,g
18.9718,9.1695,2.5369,0.6263,0.331,-18.1494,-10.4171,-1.7737,79.1202,175.8149,h
37.6859,14.4913,2.5694,0.3342,0.1712,23.3557,26.5261,9.8269,0.588,182.013,g
19.123,7.4602,2.0846,0.749,0.4568,-1.2612,6.5021,4.0706,45.0122,142.169,g
13.1627,10.2177,2.1775,0.7973,0.5083,12.6782,6.9816,10.451,68.7784,109.814,g
25.9904,14.2871,2.5804,0.3863,0.2194,-5.5335,-18.5802,3.284,19.6912,253.019,g
23.6193,12.8889,2.2068,0.5839,0.3137,-26.7249,-14.1641,-3.6675,2.442,110.011,g
20.5596,11.9139,2.3747,0.6413,0.3945,10.8123,20.7127,4.4688,82.4568,173.159,g
21.6757,12.5449,2.3829,0.4928,0.3002,1.6125,-10.5968,2.1647,42.3811,109.292,g
60.8587,23.1061,3.3442,0.263,0.132,-60.2013,49.0632,14.4724,0.7451,270.195,g
95.5849,9.9083,2.6902,0.3531,0.1929,23.7516,87.6339,-7.2335,0.7801,250.242,g
29.1943,16.9534,2.7582,0.4049,0.219,-25.0672,18.2287,15.6984,1.067,141.99,h
36.384,15.988,2.6946,0.2606,0.1444,19.4698,-14.6052,12.6059,6.303,243.653,g
42.9189,11.153,2.7694,0.3503,0.1981,-21.9937,-25.156,7.2946,21.995,66.845,h
59.3429,20.1505,3.1977,0.3476,0.2204,-32.9171,50.9459,-16.8899,3.982,298.244,g
31.1218,9.766,2.7139,0.4941,0.2746,36.4769,37.0727,4.5705,74.2123,134.5963,h
141.6016,72.8248,3.9616,0.1071,0.0573,-12.0544,-69.1813,-24.9297,81.6422,407.1576,h
16.9178,9.7218,2.444,0.7662,0.4155,7.4157,-9.1341,8.7334,8.235,195.865,h
19.3469,12.8122,2.4735,0.4941,0.2639,8.6242,11.4169,-7.5557,14.634,106.922,g
31.5306,10.9719,2.4564,0.4126,0.208,0.23,15.0154,-9.2573,6.686,236.961,g
81.7275,39.215,3.4594,0.2226,0.1186,17.6366,-41.565,-23.659,0.345,347.305,g
45.4329,10.4937,2.49,0.466,0.2605,56.2918,25.3086,5.1673,72.747,189.825,h
93.4214,17.8618,3.1178,0.1899,0.1087,-54.5623,85.6221,-6.0429,7.6036,307.538,g
63.3325,26.8284,2.9513,0.1969,0.1135,88.5303,-26.456,-25.5823,60.4225,175.941,h
89.7222,23.8906,3.5741,0.1554,0.0806,48.2377,85.261,15.4428,2.759,235.462,g
32.0093,14.5778,2.659,0.3487,0.1941,-29.9439,-25.0603,10.5972,72.0623,250.414,h
22.6319,11.392,2.3901,0.5295,0.3035,27.7013,10.5715,-11.479,55.519,189.644,h
20.7106,12.0267,2.4976,0.5183,0.2782,-0.8819,-6.5739,-10.4168,33.1494,134.543,h
50.589,22.9554,2.7792,0.5287,0.3367,-36.2332,-52.5121,15.5852,23.132,88.937,h
88.7589,23.1967,3.1999,0.1654,0.0843,11.9805,79.4269,13.7617,6.278,265.285,g
23.8172,9.5728,2.3385,0.6147,0.3922,27.2107,-6.4633,-7.1513,10.449,116.737,g
42.0674,22.097,3.0065,0.2552,0.1305,-3.4064,-39.5615,-15.2805,62.159,96.4143,h
20.0516,7.1417,2.1599,0.7751,0.3979,21.8401,12.5352,5.1684,23.469,141.557,g
74.7915,22.9493,2.9836,0.2264,0.1137,-45.5277,69.2272,-12.5623,11.45,295.343,g
27.8651,22.4944,2.8701,0.2927,0.1593,26.8529,-25.2281,7.6651,88.7812,201.9045,h
64.4241,12.0032,2.4175,0.5736,0.3576,-64.5959,-48.5435,-6.9758,6.6945,265.905,g
39.191,14.4806,2.7067,0.277,0.1444,-24.0162,22.5502,6.225,2.5603,79.814,g
30.2573,12.6829,2.2304,0.5647,0.3265,18.1574,18.4985,7.175,29.865,153.207,g
16.5767,11.4318,2.3181,0.5817,0.3053,2.8674,-7.538,4.3312,20.1778,223.696,g
18.3861,10.3691,2.3541,0.5752,0.3341,-22.1874,-11.0277,1.9842,4.135,212.175,g
28.602,0.0034,2.534,0.652,0.4254,7.6315,20.989,0.0001,66.546,169.924,h
40.1108,7.4124,2.281,0.5759,0.322,25.8725,18.8003,-4.242,0.7557,181.725,g
37.3553,7.9149,2.4223,0.5277,0.3138,23.018,22.8409,10.1021,71.2449,187.516,h
17.2438,11.1238,2.1673,0.5646,0.3231,-1.1709,6.0553,-5.8436,18.272,190.922,g
44.7358,28.6487,3.1326,0.2645,0.1547,12.8945,-43.2946,15.1173,89.9042,219.3789,h
214.806,43.6493,3.2238,0.2037,0.1275,-144.483,-176.873,-25.9975,52.9093,275.151,h
72.8641,22.9807,3.1635,0.1599,0.0827,18.8737,44.6984,11.5621,0.343,234.499,g
24.4953,9.0016,2.3927,0.6194,0.3583,29.6978,-11.4657,10.2695,5.0927,119.492,g
48.8179,11.8139,2.7782,0.5041,0.2638,34.9309,40.7307,-3.6443,18.7259,132.2972,h
29.811,10.8874,2.6526,0.4412,0.2508,-9.6388,20.32,6.5625,70.9211,127.3103,h
26.986,16.8134,2.5717,0.3834,0.2587,9.5514,19.838,-16.386,19.4692,121.151,g
97.3356,19.7729,2.9901,0.2148,0.113,59.3851,95.5804,15.9745,68.5852,194.153,h
135.1552,105.2155,3.4443,0.2501,0.1261,0.9334,-83.7826,62.5007,44.1076,357.727,h
50.0755,23.0582,3.0772,0.2285,0.1201,22.2418,55.4458,15.723,5.647,237.61,g
151.944,50.3368,3.3734,0.2438,0.1577,-163.797,-56.6262,-29.3757,56.64,203.853,h
26.3916,13.7325,2.7003,0.5204,0.344,1.7013,-11.195,9.9599,22.2594,166.723,g
29.3823,13.6088,2.5605,0.3796,0.1939,18.0043,-14.1318,-8.658,16.7793,213.751,h
92.3374,77.28,4.0936,0.0897,0.0519,60.524,102.36,-82.4042,48.2051,136.831,g
8.2304,8.0896,2.4662,0.6341,0.3148,-35.358,-11.1001,3.106,42.9222,148.2906,h
32.8666,17.7862,2.3683,0.4797,0.242,-29.696,-9.0224,12.1372,58.601,68.4377,g
25.8321,7.2485,2.3182,0.3941,0.2325,-4.4431,28.1198,-5.1603,70.5676,249.4178,h
30.9203,18.9283,2.8179,0.2692,0.1361,12.1482,23.322,-10.537,5.861,64.2661,g
18.6247,10.2444,2.1875,0.5844,0.3344,-22.4409,-11.0143,3.7287,35.4935,131.329,g
104.511,26.9024,3.4007,0.2023,0.1226,72.1124,86.6275,-21.7557,2.425,280.192,g
43.8728,19.0744,2.8817,0.323,0.1832,-56.0637,13.1093,-14.8955,6.3685,272.114,g
20.8003,9.5045,2.2405,0.6264,0.3764,-4.7991,15.6805,-10.5121,63.5975,131.829,g
26.9212,23.6803,2.846,0.2865,0.1504,36.2038,20.6749,10.8888,26.9893,144.937,g
77.7137,28.0408,3.1989,0.2479,0.1382,-13.7509,66.8555,-21.8082,15.5424,306.642,g
47.8005,9.9435,2.8161,0.56,0.3115,-39.1436,-36.2118,-3.9047,15.9265,327.6241,h
55.6614,24.3087,2.9841,0.1795,0.0928,-54.6395,45.8857,-9.7536,6.2916,205.049,g
38.4109,29.424,3.4013,0.2239,0.1228,11.2064,26.2921,-13.1971,0.167,90.1031,g
72.1032,44.7142,3.5153,0.2015,0.1323,-15.4422,-62.6886,24.4375,28.376,363.5335,h
61.7836,19.4197,3.179,0.2397,0.1348,28.4396,52.7687,-9.8663,9.52,211.355,g
22.3855,6.5197,2.2343,0.7464,0.4052,24.3649,10.9294,6.7801,13.9756,132.618,g
13.1375,10.9211,2.1055,0.7686,0.4196,14.5628,-3.8238,-11.6055,30.754,113.645,g
19.391,10.1452,2.273,0.5081,0.2901,-23.396,-19.7125,9.4549,86.4626,77.0838,h
12.9327,11.1117,2.0986,0.7331,0.4502,14.2703,-7.4493,-6.7747,73.437,191.579,g
48.158,14.8748,2.4346,0.4265,0.2298,32.3106,34.6064,-13.9092,20.997,227.967,g
76.1338,10.3505,2.2175,0.5758,0.3,-85.9953,17.2788,8.2329,1.1506,130.364,g
78.4363,23.4979,3.5105,0.2473,0.1736,-52.3365,43.3518,-12.1062,0.26,288.838,g
214.4978,142.4835,3.7784,0.1397,0.0578,-193.8046,126.0923,101.2199,56.4216,247.6554,h
238.202,95.1143,4.5848,0.0383,0.0199,-209.673,-142.109,-81.5795,88.1881,286.833,h
74.3186,23.4183,3.4752,0.1624,0.0892,33.7267,60.1494,11.4887,1.714,248.998,g
45.5915,10.4855,2.8943,0.4907,0.3011,27.8879,40.5332,3.8857,23.2142,167.0981,h
19.2566,15.5684,2.3883,0.5112,0.272,-12.522,-18.0362,11.7476,39.924,108.674,g
37.8219,18.562,3.0099,0.2463,0.1452,39.9748,14.2941,9.3195,4.3698,177.772,g
88.3846,29.7673,3.3742,0.1876,0.1088,43.919,98.9246,-10.9787,10.06,173.821,g
45.9104,20.7149,2.8485,0.2481,0.1254,-7.2447,-22.0213,-14.1643,7.206,189.415,g
30.3031,11.8554,2.5781,0.3567,0.181,14.9382,-21.9329,-6.1281,0.274,201.537,g
27.6242,15.654,2.6488,0.4242,0.2256,11.5104,17.2621,-13.0954,18.353,145.793,g
16.8791,10.4149,2.4624,0.6793,0.4086,18.1153,12.3424,5.6396,22.4722,213.275,g
38.186,33.988,3.033,0.278,0.1636,-10.5306,15.734,-20.799,89.3256,298.492,h
39.4323,19.5409,2.7547,0.248,0.131,-28.116,21.8879,14.4097,3.7246,138.428,g
35.4359,29.2378,2.9757,0.2094,0.1158,12.5759,-16.4937,16.0692,15.8652,161.253,g
88.6611,23.5917,3.3842,0.1866,0.0981,41.6122,91.629,11.0464,0.71,279.442,g
35.6137,19.4724,2.757,0.294,0.1654,15.3924,30.6005,7.5152,83.468,53.5997,h
20.8989,5.6895,2.2589,0.8099,0.6088,15.5585,19.6433,-6.1962,31.9848,252.106,g
34.9792,22.7377,3.0222,0.247,0.1363,4.3277,13.4747,16.9388,4.075,94.4528,g
43.9587,25.1267,3.333,0.1728,0.0964,20.3493,-10.1441,17.9319,1.5723,207.306,g
48.8366,22.2845,2.9802,0.3192,0.2025,-62.0644,27.0951,5.1744,0.0805,278.888,g
70.2697,17.3377,3.0497,0.2599,0.1748,19.7213,23.8731,-16.4564,36.7882,136.4736,h
26.6921,22.1137,2.6186,0.3249,0.1889,10.6669,11.5049,-19.1834,2.96,89.9074,g
48.8644,25.8063,3.0885,0.23,0.1301,14.9229,35.6104,-15.1241,5.42,230.259,g
42.9026,19.7604,2.955,0.2607,0.1514,-2.7236,-17.8472,11.9466,9.3727,222.587,g
90.0067,18.334,3.206,0.1904,0.0914,50.0513,-25.7003,12.6015,51.0427,134.8266,h
65.5126,24.1665,3.2583,0.1501,0.0764,-18.981,45.7314,-16.8557,0.087,242.144,g
58.3502,12.9165,2.7497,0.331,0.202,-82.3078,-37.6572,10.9989,2.826,248.444,g
31.0617,26.5938,2.8485,0.377,0.2077,-22.5709,15.7857,17.1143,31.0487,228.891,h
93.1864,28.2204,2.8503,0.271,0.1475,-77.5131,-34.3062,21.0606,4.5743,399.088,g
20.5388,16.9771,2.5403,0.3746,0.2003,-1.5779,4.7362,-5.8939,0.0276,155.316,g
42.9062,16.1197,2.5905,0.3492,0.1861,55.6813,9.1125,11.6622,7.357,273.566,g
60.9285,15.7068,2.8995,0.2268,0.1216,73.4867,32.5575,7.1581,1.0066,253.304,g
25.2166,11.0266,2.5063,0.6487,0.3276,-30.1906,4.478,2.1342,71.0579,88.1776,h
34.9077,21.9432,2.8779,0.2384,0.1225,37.3566,27.3424,-6.7122,19.1787,89.6273,g
85.028,26.4405,3.5842,0.2292,0.1384,-36.4167,56.3023,-17.8439,1.323,304.831,g
56.5912,29.0345,3.0775,0.2298,0.1248,-25.5512,-9.6603,17.2837,43.3511,268.6244,h
86.4685,25.9656,3.7818,0.1438,0.0811,-107.384,42.9666,11.3322,0.8473,254.285,g
52.1461,15.5664,2.8666,0.2828,0.1638,56.3544,19.926,10.0639,3.901,187.496,g
86.9886,32.8868,3.4965,0.1326,0.0748,-17.8399,89.8199,-13.9605,10.8854,256.601,g
54.1831,21.9595,3.0792,0.2658,0.1437,-84.935,27.3935,12.2755,1.5703,255.374,g
56.6411,14.6306,2.8482,0.2667,0.1525,15.6556,26.5244,10.9717,5.714,226.106,g
114.6393,27.0328,2.9563,0.2257,0.1407,-117.6203,-60.2645,-23.2071,8.5969,306.7322,h
13.4134,10.192,2.1861,0.8078,0.4593,13.8063,6.1638,11.6237,4.157,133.432,g
39.4299,16.5665,3.0477,0.2751,0.1375,5.4314,18.0685,-10.9443,0.04,187.888,g
79.6249,39.2926,3.5103,0.151,0.078,-24.2103,66.9794,26.9459,7.07,307.477,g
14.7912,11.7955,2.3075,0.6749,0.4557,1.3533,4.7675,-9.0611,62.25,62.5245,h
46.1925,12.4181,2.6238,0.3496,0.1748,48.5413,33.9312,-4.0739,10.7331,153.351,g
13.2862,10.6282,2.1688,0.7864,0.4237,-14.4844,-3.5736,11.7789,60.7289,163.135,g
16.8602,11.149,2.4216,0.6136,0.3352,-3.5675,8.1895,-6.5193,10.828,180.96,g
90.5838,25.593,3.3384,0.2785,0.1961,-14.7829,81.6437,25.5043,0.443,346.398,g
111.015,60.4622,4.4604,0.0526,0.0269,128.299,83.2291,24.3567,2.6075,284.34,g
22.3087,0.0028,2.1089,0.7626,0.4397,-2.5678,11.5485,-0.0001,19.732,76.9504,g
53.9516,22.0433,2.8245,0.2637,0.1551,-0.1816,24.2568,-23.2317,0.3291,187.171,g
65.9081,27.4018,3.0569,0.2465,0.1355,40.1205,59.4037,-5.9048,17.3988,274.022,g
228.2337,160.8347,4.2233,0.0228,0.0112,-179.9957,-234.6538,66.3715,3.8134,177.4198,h
48.9883,13.8838,2.8306,0.2511,0.1292,-44.3238,29.3484,-7.4223,8.287,153.18,g
96.6184,34.4729,3.268,0.1646,0.0947,-14.3374,46.8293,-18.6157,2.6775,316.374,g
22.1065,15.2659,2.3454,0.4786,0.246,35.0102,-18.7617,9.04,4.692,214.956,g
26.7323,10.33,2.3274,0.4424,0.2282,11.8964,20.7749,6.335,22.5005,136.458,g
36.5312,20.5986,2.8633,0.2822,0.1678,-2.5466,17.0686,-3.6591,7.0737,134.997,g
55.3259,10.7461,2.9661,0.3178,0.1681,35.4621,16.3418,10.5974,71.629,142.504,h
54.9077,23.3412,3.3212,0.1943,0.1196,25.5997,49.3289,16.1328,2.224,205.557,g
50.6003,10.4472,2.8876,0.4761,0.2508,18.9452,28.7274,-1.143,50.4959,149.4257,h
15.0205,12.1918,2.356,0.6608,0.337,1.9014,-2.0715,3.6258,89.274,105.214,g
16.6762,16.1934,2.703,0.4072,0.3124,-5.9387,-16.5137,-5.4097,31.8432,228.4581,h
68.2261,35.264,2.6522,0.4053,0.2372,-48.6004,20.9658,31.5966,54.509,175.194,g
27.3301,18.1564,2.3711,0.4128,0.2362,3.3111,20.968,13.5505,23.2359,105.775,g
22.9349,13.1887,2.4158,0.5413,0.3436,21.3271,18.2315,8.3815,47.1919,177.369,g
44.7394,15.6364,2.638,0.3107,0.1715,14.043,37.2246,12.4183,3.251,221.806,g
28.5608,6.7988,2.1931,0.5256,0.266,-10.2006,-12.0474,-2.4207,12.69,67.1719,h
78.2133,29.4079,3.4203,0.2006,0.1005,-96.0215,45.7148,25.5287,3.555,322.599,g
41.4346,11.6508,2.7756,0.3604,0.2238,12.3269,32.1689,-9.3097,8.356,193.48,g
87.7908,37.578,3.712,0.1741,0.0905,10.1767,44.0412,24.4337,1.661,351.427,g
176.969,81.3581,3.4637,0.1736,0.0871,-227.241,-89.0242,119.928,84.4018,297.574,h
32.002,22.0948,2.6149,0.2718,0.1566,-19.6795,-25.2602,-10.9333,19.576,157.839,g
25.4553,17.4804,2.639,0.3881,0.2101,37.8819,-9.9466,-13.5388,19.0188,224.987,g
94.1881,55.801,3.4351,0.1076,0.071,91.4071,-76.9703,-53.0506,84.1267,195.0257,h
30.0741,7.4778,2.5545,0.5551,0.3194,-11.1855,-20.1186,9.6589,78.5791,159.612,h
19.7129,9.4478,2.3464,0.6081,0.3761,22.0115,12.6034,-3.8002,26.3583,199.787,g
97.9934,40.8371,3.1827,0.1393,0.0703,-125.432,-66.7,40.2406,74.9474,211.4398,h
24.5037,15.9261,2.5205,0.4223,0.2247,-9.5675,-18.9287,-6.0403,12.0755,104.378,g
41.2354,25.2222,3.0504,0.1825,0.0966,5.1049,-11.5183,-11.5986,0.936,142.597,g
23.3283,12.853,2.2253,0.5536,0.2887,-17.0868,-9.4313,-7.0042,0.663,179.457,g
134.1794,78.8633,3.3328,0.1777,0.0936,108.3131,144.882,44.6199,72.6378,363.1135,h
20.4474,15.1399,2.3927,0.6194,0.3138,-25.8726,2.013,-17.4205,31.0795,152.921,h
188.191,65.72,3.4717,0.1934,0.1021,-241.525,-158.837,-67.2893,29.9206,225.437,h
50.5583,16.2167,2.642,0.4082,0.2452,19.8599,48.0472,15.4879,87.5167,227.25,h
19.0268,16.856,2.5465,0.4688,0.2798,-5.5718,-11.5339,-10.4764,24.686,105.204,g
102.773,46.6037,3.8745,0.1486,0.089,-82.4554,-70.5694,39.4394,64.378,316.956,h
31.0872,7.9259,2.4464,0.5438,0.2844,-2.0291,-15.6589,-4.3387,78.6684,49.1054,h
63.4852,34.8438,3.7149,0.1461,0.0774,67.1108,47.3921,-30.8343,4.366,253.871,g
19.7551,14.5851,2.6345,0.5336,0.3028,-20.3719,-15.006,8.1704,58.335,101.027,g
81.5429,15.3532,2.936,0.19,0.0991,68.7619,38.8592,6.7577,2.008,205.866,g
135.4783,16.6427,2.5376,0.5093,0.2695,-108.3521,-106.6342,9.1775,75.6578,138.554,h
67.9187,18.5575,2.9001,0.2605,0.1479,-0.1913,29.7202,15.8403,9.654,232.656,g
211.048,91.3653,3.541,0.0912,0.0493,-84.4925,-125.602,-95.2833,86.5759,49.1527,h
27.1111,14.7768,2.5826,0.3817,0.2288,15.8706,-12.3721,11.6509,12.4588,225.281,g
62.4352,9.0876,2.7892,0.3428,0.2007,76.8777,40.9385,5.0307,4.996,104.25,h
28.8217,17.2907,2.8007,0.3623,0.1859,10.3339,24.6497,7.692,3.879,140.62,g
58.8909,20.3842,2.9484,0.2376,0.1188,48.7265,51.1341,-10.6031,2.718,258.23,g
23.5463,13.5595,2.6309,0.4772,0.2538,-7.8784,-7.2848,-3.5004,52.9529,77.7417,h
22.35,14.565,2.7701,0.4431,0.2368,23.1078,11.831,-7.2555,15.335,244.838,g
166.9502,83.7963,3.2665,0.1796,0.0998,-84.1298,-116.1314,-64.0975,22.6114,298.205,h
52.9512,18.4642,2.8982,0.2402,0.1321,-11.5361,36.6526,10.5417,15.7762,243.849,h
23.7482,18.1092,2.8806,0.3372,0.1681,25.6071,19.3269,17.6258,72.7475,122.9703,h
37.0734,19.0059,2.9006,0.2313,0.1201,4.5659,22.914,-9.098,20.7994,183.389,g
109.46,18.5694,2.683,0.4461,0.2251,-68.1987,-107.324,10.6969,75.191,182.762,h
26.0407,15.271,2.702,0.4786,0.2592,22.0287,22.1988,12.814,59.637,132.006,h
12.9417,11.2148,2.2467,0.7422,0.4278,14.6566,-7.1915,-10.1873,73.397,271.258,h
71.554,24.851,3.0835,0.2417,0.1357,47.2151,54.2777,-18.5105,59.965,50.8815,h
13.1179,10.449,2.1351,0.7839,0.4945,-13.0324,-5.5794,-10.1718,10.313,184.207,g
101.301,21.5306,3.1079,0.1825,0.0932,93.7526,76.9919,-15.8726,2.349,243.958,g
63.0772,28.5331,3.3701,0.1911,0.1064,50.9233,51.3763,14.7155,6.295,267.428,g
36.8728,33.0103,3.4899,0.1958,0.1015,21.8712,17.1648,-11.6833,22.961,116.492,g
210.508,61.4402,3.8251,0.0865,0.0488,-233.028,-150.683,-40.2403,83.4866,228.551,h
67.4516,2.7156,2.6688,0.4514,0.2726,50.6202,47.8936,-5.706,26.8693,77.2194,h
46.5789,18.729,2.658,0.3626,0.1857,69.1589,-34.0911,-17.6522,9.2336,173.75,g
54.0131,16.1275,2.7252,0.319,0.1724,-18.6467,-29.3298,-8.7327,39.1059,131.0242,h
23.8914,11.447,2.5347,0.5606,0.2964,9.808,21.9157,-5.3552,47.8615,121.409,h
17.5606,10.8413,2.3385,0.5826,0.3096,22.2881,9.9063,-3.7475,16.7345,158.607,g
51.2637,11.81,3.0342,0.3124,0.1567,29.511,-24.8424,3.0669,77.258,155.03,h
35.8082,21.3985,2.6365,0.3164,0.1605,-33.2369,-22.8807,8.6511,3.755,202.696,g
76.5687,34.0259,3.2982,0.1339,0.0687,28.6697,51.3486,-16.8529,28.9443,211.489,h
17.6969,10.9349,2.2253,0.5417,0.3006,-0.4971,4.9412,5.1002,25.6011,172.146,g
45.985,26.2917,3.1091,0.3407,0.2034,24.2692,34.8531,8.323,1.926,258.696,g
77.9731,28.946,3.8051,0.1419,0.0729,50.714,58.899,16.888,2.4615,237.506,g
30.925,10.3404,2.4928,0.4405,0.2235,-30.2295,18.9497,-4.2359,6.255,77.099,g
30.4808,28.0867,2.82,0.2132,0.1048,37.8499,28.0849,24.9483,41.3919,224.0925,h
173.832,20.7553,2.792,0.3793,0.2607,-166.968,-133.812,-15.6473,41.8462,195.129,h
19.0206,14.3772,2.5527,0.521,0.3011,3.004,-10.6864,-3.7082,89.1761,159.873,g
83.381,26.181,3.4373,0.2671,0.1405,9.4793,65.7381,13.4268,2.332,347.909,g
24.615,18.3923,2.4609,0.4394,0.2301,13.0494,18.7937,-16.3336,16.7914,216.224,h
20.2919,16.2356,2.6004,0.4768,0.2999,8.9987,-6.3068,-10.4155,22.438,86.1205,g
25.9769,12.0758,2.5024,0.456,0.2311,35.1988,10.7045,-6.7547,16.071,168.539,g
57.111,15.9127,2.5711,0.4295,0.2161,31.4437,62.9231,-15.8723,39.9411,145.202,g
12.6471,11.7783,2.1569,0.7108,0.3589,-15.1635,4.742,11.4747,31.776,172.725,g
46.1716,13.0382,2.8021,0.3186,0.1617,10.5899,30.2373,7.7737,2.6994,190.364,g
34.3084,9.2682,2.4969,0.4299,0.2182,-35.7422,25.3377,7.4421,3.927,122.989,g
17.3029,11.088,2.179,0.5563,0.3278,0.3834,-4.1781,-6.0185,3.5463,208.628,g
185.738,27.0053,2.8998,0.5441,0.3797,-126.919,-188.579,-18.6711,2.507,361.465,h
21.4822,6.9123,2.1383,0.6982,0.3891,23.8235,11.3333,-6.4328,13.7252,132.253,g
34.5557,15.2649,2.6753,0.2957,0.151,45.8224,22.8035,-8.1748,52.9638,221.013,h
39.627,23.0171,2.6762,0.2887,0.1612,19.1209,37.185,-20.3293,22.3488,199.27,g
18.0642,10.4007,2.3655,0.6293,0.3341,21.8701,10.8837,5.7515,71.9141,141.818,g
52.8873,21.6376,3.0466,0.3457,0.1903,35.5261,46.9113,-6.1959,88.7428,167.667,h
25.636,17.0778,2.4757,0.4548,0.2659,-17.0515,15.8265,-15.917,36.759,97.3621,g
37.8325,20.1834,2.5587,0.6906,0.4489,8.6316,-29.3001,-21.6315,64.525,379.307,g
20.6035,10.4368,2.238,0.5896,0.3324,6.6446,-17.2788,10.1291,6.7081,95.8627,g
22.793,16.3756,2.586,0.4099,0.2062,19.4971,10.0263,11.8048,9.132,176.007,g
90.6506,40.0201,3.9078,0.1512,0.0766,-33.8112,44.6946,-17.1077,0.568,346.733,g
51.2581,21.3086,2.7709,0.2729,0.1805,49.7429,33.7075,-14.0483,5.1346,128.682,g
222.77,24.8556,2.8765,0.3269,0.1654,129.91,231.446,14.6602,20.158,78.7911,h
56.5578,48.6038,3.2653,0.1596,0.0915,-6.4467,-43.9431,-36.0663,57.104,40.7657,h
20.5998,6.1069,2.1804,0.8053,0.571,16.4545,18.482,5.9756,39.8963,177.897,g
56.542,46.8944,3.1996,0.2229,0.1127,-78.345,51.2526,61.6314,24.289,279.467,g
41.0084,12.212,2.6656,0.3866,0.2171,-11.0705,-29.2432,6.7442,11.2425,165.258,g
75.469,21.3266,3.1438,0.2205,0.1189,-67.8031,64.5172,-20.2588,3.0461,262.858,g
61.9873,32.6745,3.525,0.1809,0.0909,38.66,65.0219,-26.7645,3.783,205.094,g
23.8241,10.0087,2.2175,0.5939,0.3182,24.9824,18.1984,-10.7838,0.572,162.121,g
77.1642,21.3003,2.9852,0.2162,0.1164,0.4049,66.7085,-6.7083,7.7247,215.397,g
33.8279,21.1245,2.4778,0.3594,0.188,-16.7273,-24.0378,13.1486,20.2701,197.505,g
170.6943,79.2224,4.0972,0.1103,0.032,-33.1598,-157.8983,-22.7035,32.1636,314.7692,h
33.725,11.8651,2.5631,0.5287,0.2944,5.4777,23.8152,9.0226,57.2969,267.952,h
134.515,26.6047,2.8457,0.2996,0.1676,-154.023,-57.1252,-7.9841,16.052,284.937,h
97.31,27.2794,3.0054,0.3674,0.2573,-113.862,69.5471,13.74,75.2753,181.786,h
41.8804,17.7293,2.8965,0.2627,0.1402,-49.61,-19.7398,7.061,6.862,185.801,g
77.4178,26.4332,3.1074,0.1773,0.0941,-163.214,71.5944,17.2717,1.357,258.131,g
25.5468,9.4973,2.4322,0.5434,0.2976,7.2206,-6.477,2.7766,63.086,243.501,h
102.169,14.76,2.9378,0.2227,0.1148,88.4737,103.867,-10.3877,3.2589,274.737,g
18.1406,10.5832,2.1818,0.5789,0.3059,23.0806,9.7451,-4.4156,45.7654,146.202,g
32.3397,11.5883,2.5982,0.3959,0.2216,42.6557,19.9213,6.4039,49.5985,143.0258,h
12.974,10.9058,2.1021,0.7431,0.4704,13.7506,-6.2434,-6.5973,42.2408,168.245,g
17.5108,12.8155,2.7279,0.5706,0.3602,5.4014,11.7473,6.8457,12.6649,247.928,h
20.4629,11.8765,2.4175,0.5277,0.2925,0.0718,-10.4111,9.6084,51.793,156.841,g
27.4773,21.7036,3.0513,0.2968,0.1559,-13.1776,-10.5479,-18.545,17.8597,141.443,g
69.1158,20.1654,3.0461,0.2392,0.1245,24.6108,56.1297,13.4596,0.206,264.562,g
33.9833,21.3778,3.0904,0.3207,0.175,15.6891,17.1457,-16.6572,7.211,182.731,g
242.833,44.1927,3.3866,0.2312,0.1201,-153.824,-261.873,-20.2995,65.3292,255.576,h
19.1704,17.5386,2.4969,0.4299,0.2245,14.3046,12.844,15.7468,12.502,203.272,g
19.5747,16.8555,2.2956,0.4861,0.2557,9.8701,19.1194,10.5454,11.296,150.092,g
28.3794,0.0,2.5132,0.6564,0.4371,8.8343,20.4291,-0.0001,56.4812,124.652,h
71.3117,23.1143,3.0598,0.237,0.1277,-41.0354,48.3128,-18.3897,6.3073,295.655,g
82.5928,29.2513,3.0633,0.2161,0.1327,-138.208,71.4978,-14.8785,34.3027,269.966,g
104.763,46.3311,4.0666,0.1006,0.0529,-26.7202,58.1887,30.0512,0.151,334.841,g
194.165,70.5358,3.4461,0.1192,0.0693,-165.08,139.542,-65.7539,51.668,182.822,h
33.0473,18.5401,2.6875,0.4476,0.2659,30.3266,21.0689,16.3566,9.5992,168.663,g
202.6095,95.6413,3.3929,0.2038,0.1018,-186.2289,-182.7665,120.3763,12.0447,274.4544,h
18.7822,10.2648,2.1987,0.5506,0.3133,-23.5141,-9.8662,-2.1102,61.8767,170.276,g
30.7503,11.788,2.3829,0.5052,0.2754,25.9505,25.7983,6.5823,54.4208,207.886,g
46.8155,15.6726,2.9383,0.2513,0.1262,29.3578,30.6222,-11.844,8.035,161.382,g
76.8511,25.4188,3.1508,0.3208,0.2025,9.6662,27.0457,14.8198,1.1889,340.193,g
20.338,12.7461,2.6518,0.4348,0.2241,-0.9577,4.7392,-8.5004,43.436,223.037,h
36.6371,17.8658,2.4983,0.2921,0.1476,-51.3737,14.5003,-13.7279,15.401,157.466,g
77.7889,24.1179,2.8768,0.3073,0.1824,59.4018,55.4367,-20.9408,66.1116,196.362,h
36.7882,17.8497,2.6435,0.3659,0.208,-29.5756,16.1901,-16.0704,33.1019,138.899,g
21.9456,15.4575,2.6785,0.5577,0.2987,-16.9664,-16.0607,12.9644,75.842,219.356,h
118.539,50.9314,3.4032,0.3173,0.2136,-76.833,-104.408,-22.2363,17.7939,388.062,h
31.5203,11.2299,2.7047,0.3874,0.1896,2.8913,19.2771,-1.2324,70.9436,129.4407,h
23.385,11.423,2.4575,0.6127,0.3839,7.5995,13.0986,11.6698,58.3073,73.6947,h
121.289,35.3162,3.2188,0.1474,0.0873,-82.2599,-103.834,-9.1555,62.234,179.875,h
22.8668,11.1914,2.2672,0.5622,0.3,13.6674,19.5615,-8.2848,20.949,226.003,g
21.795,18.957,2.7396,0.3679,0.1922,5.606,15.6861,8.3744,62.0277,132.613,g
23.145,14.3228,2.5843,0.5,0.2773,-11.0961,-9.208,3.7516,66.6152,219.329,g
67.3022,14.3018,3.0689,0.3413,0.1856,6.7963,69.8929,-6.649,2.319,164.624,g
56.8271,19.8059,2.7467,0.3081,0.1644,5.6574,45.8035,-17.1076,47.7849,74.2929,h
22.2736,10.0467,2.2253,0.5774,0.2946,2.0416,-15.0238,-8.1715,2.1861,168.749,g
21.9625,1.7216,2.0597,0.6889,0.4272,-10.3566,-1.7922,-18.8264,24.6146,230.7296,h
123.7626,91.9404,3.8054,0.1267,0.0382,-124.5672,-50.1655,-34.5905,51.9655,375.1035,h
60.4391,49.7525,3.1466,0.2269,0.1159,-33.01,-60.5389,-31.5351,87.5028,216.221,h
110.4091,25.138,3.4295,0.2603,0.1332,-61.084,78.3212,-20.9697,16.5937,284.8169,h
54.3344,14.562,2.5838,0.4068,0.2699,-12.3226,-46.8887,-11.9187,16.129,139.731,g
46.5636,10.8151,2.8591,0.2891,0.1459,19.7174,28.9494,-3.9063,17.1893,174.841,h
24.7837,14.3136,2.5237,0.4521,0.259,-1.1806,-20.3545,-7.9676,1.3628,214.993,g
20.5359,12.1304,2.4289,0.5177,0.2812,-2.2525,9.8922,-10.9555,18.331,238.503,g
42.1149,18.9718,2.8052,0.3743,0.1934,38.4907,43.5791,10.3548,16.9055,248.17,g
18.621,10.2621,2.2529,0.5754,0.3101,-0.4827,5.3309,-5.7644,26.1461,173.48,g
19.186,15.6962,2.3683,0.5182,0.2805,-5.5894,16.8472,-11.7533,43.216,251.305,g
33.7908,8.9799,2.4609,0.481,0.2785,26.6154,-16.5715,6.0364,13.7763,182.081,g
40.7164,20.4274,3.1565,0.2441,0.1308,24.2966,19.2059,-9.7279,3.235,191.634,g
23.1649,16.3238,2.6893,0.4438,0.2832,-19.9288,3.7574,12.97,12.968,243.848,h
38.6531,5.9628,2.7111,0.3872,0.217,-0.5892,45.0142,8.0533,25.195,267.2944,h
22.9543,12.7254,2.5441,0.4657,0.2557,7.511,14.1919,-4.1941,19.4197,141.534,h
34.7496,22.6172,3.2101,0.2318,0.1261,19.608,26.5456,9.1426,7.8384,80.2686,g
118.801,99.6421,3.5763,0.0804,0.042,215.373,-117.005,-87.0201,51.4494,61.5123,h
51.3789,19.0995,2.702,0.3098,0.1698,-35.7317,-40.116,-16.2932,22.1294,231.842,h
230.5499,145.5639,4.5685,0.0757,0.0092,-144.2809,-188.5031,-142.5894,69.9989,296.5465,h
250.3896,68.1111,3.2738,0.2148,0.1571,-295.9686,126.1365,29.6148,27.686,109.1046,h
84.7379,22.0081,3.0993,0.2132,0.1269,20.2899,88.0172,18.9077,6.3777,247.2,g
70.5182,26.5995,2.9861,0.2034,0.1089,-95.8823,43.7858,-21.4002,43.593,259.545,h
22.2454,12.4406,2.6138,0.528,0.2981,4.9286,11.7127,-10.4876,47.5827,226.528,h
24.7614,10.4777,2.3627,0.4685,0.2408,13.2568,-17.4548,1.8392,19.5461,145.109,g
103.407,64.4265,4.1762,0.0668,0.0349,-0.7411,64.3895,49.2008,74.192,159.135,h
23.4302,21.4301,2.7712,0.3387,0.1719,20.5951,13.0648,-16.4784,1.6094,207.901,g
20.6496,8.9581,2.3263,0.6415,0.3703,23.41,11.6179,2.3654,42.2038,66.3873,h
21.4104,6.9318,2.1123,0.7027,0.39,-23.6931,-11.4999,6.3929,80.5502,207.262,g
12.6451,11.7799,2.0881,0.7102,0.3633,-15.3579,6.3034,-11.363,61.0,134.474,g
48.9731,19.9284,2.9467,0.2826,0.1543,34.7889,47.4344,12.7581,3.7944,261.857,g
182.1988,30.1159,3.6056,0.1217,0.0534,-235.4168,-218.1265,13.2204,2.0516,93.7571,h
36.7334,19.1008,2.941,0.3562,0.1919,21.2301,6.8988,9.9665,21.5907,177.979,g
65.9154,26.1476,3.5573,0.1688,0.0896,20.9779,64.6643,-19.6683,3.5743,177.199,g
24.578,16.9487,2.4691,0.3599,0.1817,-8.3699,-11.9526,-14.6811,23.8051,147.502,g
184.7094,108.3136,3.3591,0.1069,0.0539,-177.7154,-135.9046,104.9312,44.1299,222.2196,h
46.3787,16.4464,2.7868,0.4363,0.2655,-64.9737,29.6298,10.865,25.804,280.1,h
157.684,74.3316,3.8503,0.1688,0.0915,-111.192,-138.151,-47.3886,49.2403,391.029,h
62.5917,33.8031,3.5301,0.2148,0.1258,-63.029,39.5295,11.1327,4.523,299.124,g
48.5197,14.857,2.6165,0.312,0.1705,-82.256,34.1182,9.3196,5.5783,279.304,g
53.9679,25.405,3.0243,0.2175,0.1121,16.7438,50.671,-11.1705,8.986,261.066,g
30.4034,19.9899,2.5635,0.3333,0.1735,10.5352,-14.8259,11.9969,52.828,142.683,g
52.3941,19.6636,3.38,0.2709,0.1536,24.2068,43.4488,-11.0781,8.7641,174.065,g
81.1628,25.2375,3.4946,0.1876,0.1013,43.1695,87.2852,-19.4008,1.577,208.863,g
50.9035,18.5658,2.8672,0.2539,0.1419,24.1447,25.1034,10.6959,8.5367,234.42,g
22.8962,8.6891,2.6453,0.5457,0.4265,13.1812,25.2332,-1.7451,40.9458,99.6347,h
21.2653,7.0229,2.1629,0.6942,0.3677,-24.4647,-9.8968,6.3205,2.5515,157.815,g
23.393,17.642,2.4401,0.3557,0.1942,-10.5439,8.1856,-15.3245,23.0778,175.294,g
23.9382,22.147,2.7257,0.3055,0.1699,-6.1041,-8.861,-9.0594,3.7058,197.0325,h
31.3688,20.0133,2.9104,0.3307,0.1801,28.6427,18.2652,-16.1644,2.3965,131.908,g
19.7062,17.9125,2.3589,0.477,0.2516,12.2868,18.3755,-10.408,29.7652,177.847,g
28.5463,8.9766,2.732,0.5505,0.3123,-21.8688,18.7674,9.1991,20.271,146.741,h
12.7274,11.6587,2.0626,0.7186,0.3766,15.3994,-7.186,11.2012,5.9251,164.643,g
24.424,9.2825,2.4734,0.7387,0.6224,11.1066,-9.3485,-2.9965,48.3799,161.8753,h
30.9096,17.6984,2.7778,0.3253,0.171,17.9362,22.9527,-12.7614,10.519,178.36,g
25.4707,17.1778,2.732,0.4152,0.253,12.8666,22.5066,-6.4506,1.7633,132.825,h
58.9334,16.5973,3.0378,0.1903,0.137,30.379,55.6722,8.344,14.9142,140.4382,h
215.716,54.1181,3.1143,0.4343,0.261,-101.23,-212.177,-49.5716,1.9377,357.026,h
90.2839,16.6147,2.8089,0.3509,0.1918,47.3189,85.7331,8.6487,6.969,257.629,g
54.4075,27.4901,2.8976,0.2316,0.1196,26.9251,58.4949,-18.4373,65.913,105.012,g
51.4664,8.8279,2.8346,0.4391,0.2162,46.2015,43.7837,6.9968,39.6762,159.3202,h
20.157,14.3053,2.4771,0.5067,0.295,2.295,-10.8326,5.9907,60.424,135.619,g
23.6343,12.6911,2.4579,0.4599,0.2422,-8.4408,-14.4885,3.6345,24.9633,134.229,g
36.514,23.9292,2.7016,0.3375,0.1743,57.8373,-16.5444,-2.705,73.9862,103.854,h
59.2224,11.9014,2.8719,0.2525,0.1283,-25.6841,16.0284,-10.7358,87.7284,230.66,h
68.8405,16.3463,2.6128,0.3171,0.1695,-104.369,65.8943,6.9582,39.069,94.7686,h
21.0144,7.1339,2.1287,0.6766,0.3457,-0.2184,4.76,-6.1752,80.0502,147.092,g
38.0888,27.8921,2.9715,0.2264,0.1233,-5.2831,9.6439,-17.8351,23.484,135.323,g
32.2964,17.2756,2.6585,0.36,0.1811,0.5956,-21.3147,6.6299,35.1875,192.477,g
80.5967,31.8121,3.5604,0.0999,0.0541,90.83,57.0513,11.1907,5.9931,219.884,g
38.5942,28.2244,2.839,0.2595,0.1366,10.6494,22.4972,23.7012,35.4255,213.8245,h
20.617,12.0228,2.4401,0.5191,0.2704,19.341,12.9878,6.3557,44.111,201.677,g
26.089,9.577,2.3664,0.486,0.2731,-12.2339,13.7206,5.8939,13.935,169.1,g
43.949,8.2965,2.6392,0.4338,0.2133,23.4507,16.0698,-4.8768,26.8478,121.1938,h
45.6732,13.7702,2.5599,0.4711,0.2769,38.5189,39.5442,8.6794,0.762,175.781,g
18.7737,10.5601,2.3927,0.6397,0.3947,-7.6647,16.1053,9.3097,32.593,99.1806,g
16.9011,10.5483,2.4133,0.6757,0.4228,2.5201,-5.9124,-8.2169,73.5542,227.385,h
22.7882,8.6526,2.2923,0.6888,0.3954,25.4,11.0382,8.6672,63.8216,190.409,g
20.0062,10.9525,2.2878,0.5825,0.3119,-8.4534,18.0523,-9.9211,72.9346,71.5935,g
72.7622,26.5519,3.0271,0.1935,0.1123,-106.193,41.1035,-17.1872,8.582,222.183,g
86.2251,30.2328,2.9047,0.3711,0.2049,-44.3659,-88.8014,24.4509,68.428,209.172,h
76.7162,25.0038,2.9741,0.1911,0.0982,77.3171,72.404,-19.5876,2.292,233.37,g
52.1851,16.7679,2.6415,0.2694,0.1427,15.2084,25.1794,7.8606,9.544,201.888,g
33.4625,12.0403,2.5289,0.4586,0.2559,-49.1632,22.8248,8.6119,2.578,292.159,h
13.0958,10.0499,2.3414,0.8018,0.5308,-12.1347,-7.7397,-9.9359,88.4759,197.628,h
26.0981,19.0882,2.8722,0.3812,0.2221,-13.3977,-22.078,8.4573,9.518,190.556,g
69.0182,17.9498,2.8842,0.2324,0.1273,-12.7302,50.8668,8.4063,7.312,253.205,g
21.2283,11.7792,2.3096,0.6471,0.3309,-19.2114,-20.9541,-9.8108,5.0985,129.562,g
53.1843,20.4815,2.8521,0.2685,0.1414,50.682,65.4537,15.1972,13.9468,255.0306,h
12.9925,10.8812,2.2799,0.7507,0.4698,13.7373,-5.8894,-8.2227,13.0028,180.114,g
71.6524,29.8215,2.857,0.1718,0.1214,-32.8875,57.5237,-18.7872,45.1009,42.9246,h
24.7543,9.5211,2.4354,0.5284,0.2954,18.0484,-15.2965,5.5949,48.384,33.1645,g
24.2089,15.7238,2.6569,0.4305,0.2259,-5.7419,15.6285,-6.7643,50.3873,205.7639,h
69.4337,23.0851,2.9602,0.3101,0.1693,-34.2454,25.8116,15.9571,9.5359,291.627,g
30.7789,17.663,2.3107,0.4743,0.2616,15.189,23.1036,-4.9621,19.811,171.58,g
18.1158,10.4259,2.3655,0.6121,0.3384,21.7377,11.1294,-4.8886,47.2489,144.116,g
27.5402,7.9365,2.29,0.5949,0.3154,17.1615,-16.7625,-5.4287,9.928,213.261,g
88.8685,35.2379,3.8589,0.1438,0.0745,-53.3806,84.1881,-12.8327,1.445,307.669,g
161.6096,37.6592,3.0323,0.3069,0.1891,-145.8625,-97.9689,28.9056,82.6862,180.6341,h
39.5991,29.3927,3.0276,0.2027,0.1178,-1.9512,17.624,15.9953,1.0378,156.545,g
16.4287,11.4137,2.3444,0.5792,0.2964,3.8433,-8.2382,-3.472,15.576,57.7603,g
13.0287,10.9544,2.2,0.7571,0.4511,-14.0985,5.7807,-10.1748,64.87,182.98,h
21.1265,0.0,2.1599,0.7751,0.5017,0.0,0.0,-8.6224,37.923,197.613,g
22.4411,16.5939,2.4116,0.4612,0.2345,-13.8813,-15.9051,9.4234,44.78,103.951,g
100.2775,21.8784,3.11,0.312,0.1446,-48.1834,57.6547,-9.6341,20.7848,346.433,h
73.489,43.6088,3.926,0.12,0.0602,51.1807,68.3708,-24.5087,1.302,206.475,g
45.2838,21.1341,3.3893,0.2395,0.1202,20.9706,27.63,-12.4612,3.777,216.952,g
21.3715,16.0779,2.5159,0.4177,0.2149,-13.0871,-6.8394,-10.852,18.5084,122.292,g
80.5865,17.6853,2.7288,0.3735,0.1895,-72.7811,-48.078,13.0506,55.523,84.8962,h
108.878,26.494,2.5521,0.345,0.1865,-104.076,51.1615,18.1802,22.6807,291.132,h
18.784,14.837,2.3702,0.5558,0.3578,-4.7494,-10.8727,-8.938,15.3501,93.2232,h
179.314,57.936,3.516,0.1536,0.0791,-279.543,84.5489,-52.5033,3.8061,195.287,h
24.8839,8.9001,2.5982,0.6683,0.3997,24.1194,23.4441,-7.8026,1.8198,182.854,g
42.4667,21.8903,2.7789,0.2196,0.1106,-16.5391,31.0034,-9.7202,4.9852,170.72,g
23.2823,11.9064,2.5119,0.4892,0.2846,12.3782,10.1816,5.7956,16.6009,222.446,g
38.2154,15.328,2.7774,0.4524,0.2479,16.4993,25.9978,13.6191,79.448,219.851,h
21.3385,10.4966,2.2529,0.5531,0.3045,-5.8033,17.4759,9.7582,17.1321,55.6086,g
32.7685,13.3518,2.5943,0.3229,0.169,4.6168,-33.6999,9.8317,13.2406,73.0136,h
34.7547,15.8012,2.8192,0.3078,0.1721,17.3265,-20.6272,10.6691,1.236,176.077,g
42.5547,10.4196,2.7997,0.3775,0.245,19.8116,18.0841,-5.8287,84.6029,51.065,h
15.9549,10.1359,2.2355,0.761,0.504,1.1938,6.9677,9.2342,3.7232,122.2161,h
28.1075,16.6515,2.7059,0.4114,0.2392,26.5774,18.9105,7.0052,43.177,55.5549,g
21.5929,12.4539,2.3512,0.49,0.3096,0.1172,-4.3583,2.5525,58.329,52.0772,g
183.615,71.5243,3.3483,0.3686,0.2226,-174.906,-149.21,105.178,72.373,450.349,h
159.654,62.1215,3.6205,0.1067,0.0628,-281.2213,-125.142,-66.6812,88.0923,225.399,h
33.4593,15.542,2.7177,0.3755,0.2059,-15.7864,23.7646,-10.6204,6.2132,270.461,g
36.728,11.3341,2.666,0.361,0.1988,8.137,33.2899,10.9258,47.1913,133.0124,h
29.0263,15.184,2.8528,0.3593,0.2014,3.3138,21.0581,-11.094,41.0899,212.825,h
33.8305,15.2366,2.8099,0.3145,0.1758,27.3322,-9.3742,-7.1819,12.0413,174.492,g
21.9338,11.0025,2.3424,0.6045,0.3568,20.4956,20.4004,11.0123,18.299,159.7,g
35.8676,29.0348,2.9157,0.2635,0.156,47.374,25.8304,-28.3054,4.5394,152.473,g
27.4926,8.2153,2.1931,0.5962,0.3365,-13.9212,-18.9347,-4.5283,58.4118,143.198,g
15.4497,11.5981,2.3365,0.6452,0.4309,-1.3083,-3.0694,8.5597,47.9462,223.977,h
28.339,21.0019,2.6585,0.2964,0.157,28.045,15.3476,-14.723,9.2091,76.6665,g
19.4513,16.4712,2.2601,0.5604,0.2885,26.0807,-7.5631,17.5195,33.419,241.255,g
26.0372,9.3234,2.4691,0.5739,0.4194,4.8807,21.0046,-4.8025,19.042,202.127,g
45.989,11.4069,2.8112,0.3907,0.2077,37.5871,33.2423,6.1523,24.65,67.2814,h
155.5731,99.8859,4.55,0.0139,0.0047,72.5346,-99.744,75.8539,38.281,224.9873,h
33.1799,24.9684,3.1119,0.2242,0.1328,-16.3067,-28.6791,-11.8774,68.2681,50.8242,h
29.1726,11.2124,2.3865,0.4723,0.2485,23.5843,-20.746,5.9364,21.0941,185.15,g
48.6724,13.5327,2.6866,0.358,0.1944,49.9013,26.2659,-3.5504,2.125,180.787,g
33.3867,9.1907,2.7792,0.542,0.3333,28.612,28.4767,-4.3266,50.444,144.829,h
23.6155,14.2856,2.5752,0.508,0.3285,9.7691,16.852,-9.8192,25.219,132.275,g
102.584,37.8894,3.6564,0.1343,0.072,103.569,85.3717,22.6898,2.2189,210.977,g
19.516,12.7389,2.4354,0.4991,0.2697,-1.0413,9.6528,-8.9162,85.9912,145.206,g
26.433,20.4187,2.7097,0.3259,0.2,9.6858,18.0502,15.6911,12.833,140.745,g
19.7239,11.9991,2.2833,0.6563,0.4193,10.2977,20.551,6.8192,60.3974,95.4172,g
73.3591,21.924,3.258,0.2059,0.1074,63.983,64.7779,-7.384,0.3152,201.318,g
36.2873,11.8537,2.7962,0.4237,0.2406,37.6148,8.9505,6.4411,74.93,79.1382,h
33.8546,19.1791,2.8963,0.24,0.1263,42.8107,12.3582,-5.8403,11.654,124.672,g
18.5161,7.2786,2.2055,0.8162,0.4704,-5.0046,9.3048,-3.1974,6.561,102.124,g
30.336,14.1906,2.4814,0.4521,0.2426,-1.412,24.2169,-10.0886,27.3402,207.87,g
67.9686,25.8978,3.5629,0.1349,0.071,-8.5897,64.5695,9.6351,9.0921,224.889,g
20.7124,15.4876,2.7024,0.4802,0.2629,28.4107,-10.6239,-8.7727,27.142,47.7515,g
20.2904,7.1413,2.0917,0.7611,0.3927,-22.2814,-12.3307,5.4784,82.6073,158.389,g
39.6948,16.6179,2.8837,0.3242,0.2059,2.875,-13.4913,-11.0505,6.11,200.42,g
77.6812,18.8009,2.9082,0.2224,0.1143,-105.826,70.759,-11.0297,5.538,256.647,g
23.8183,14.0974,2.5966,0.4582,0.262,-3.2693,-18.9889,-8.4034,16.8389,129.72,g
67.965,54.9747,3.5111,0.2382,0.1373,-13.281,-34.7578,-53.7324,7.297,342.18,h
39.6993,14.0071,2.9836,0.3541,0.1854,23.3634,26.0502,-10.6023,50.0701,225.706,h
89.3234,31.0659,3.2227,0.1473,0.0793,-112.504,-59.0359,-24.6718,9.3521,220.389,g
13.8441,8.4785,2.3971,0.8778,0.523,-12.66,-9.184,11.1124,20.5565,118.075,h
163.9821,43.4406,3.1114,0.0717,0.0428,141.4739,159.9108,-19.1483,60.3097,181.9187,h
16.4292,14.4969,2.4461,0.4044,0.2544,-23.1917,-15.713,11.9724,28.759,117.78,h
10.8682,9.257,2.3777,0.5395,0.2892,-2.1777,12.2105,-8.011,43.9752,160.7512,h
79.1607,12.687,2.9886,0.2495,0.1258,49.0651,11.1943,-3.3729,5.633,20.8315,h
20.7519,17.6292,2.5688,0.4265,0.2632,-10.4622,-11.4686,12.2482,3.859,68.7853,g
18.3727,17.5871,2.5416,0.4713,0.2687,-1.4588,8.1905,16.7139,61.2797,136.859,g
111.5166,31.2545,3.3398,0.1787,0.1369,-120.0059,49.0567,23.3711,56.1191,225.9601,h
78.6046,16.5706,3.0048,0.2156,0.1182,70.1416,68.387,9.9812,1.56,237.257,g
20.0401,18.1419,2.6258,0.3527,0.1811,-1.6174,9.6775,-8.7658,65.186,128.342,g
23.6038,17.9022,2.4362,0.4689,0.2656,19.3014,18.5554,-15.0722,1.699,228.875,g
24.0557,16.0667,2.4983,0.3968,0.2238,11.9715,13.5878,14.2707,37.151,289.944,h
39.6048,28.1931,3.3446,0.2108,0.1255,14.9919,32.8523,-17.8879,12.0607,121.061,g
28.0178,15.9448,2.666,0.4898,0.2859,17.8295,25.2732,13.5131,30.3436,233.553,g
21.5205,11.0824,2.2656,0.6232,0.4064,-19.0913,-22.3361,-6.5869,0.2671,154.7039,h
58.1262,12.2834,3.0451,0.2346,0.1568,38.5659,30.8514,9.8821,44.9114,124.2684,h
12.6943,11.6969,2.1688,0.7119,0.3831,15.6423,-8.6033,10.2893,12.415,164.357,g
15.8992,9.9494,2.5267,0.5282,0.2889,-5.5882,0.0313,-4.6896,16.2751,229.8505,h
22.976,11.1673,2.5099,0.5873,0.3539,5.3742,21.856,4.2171,16.2339,211.03,h
22.0915,12.539,2.3075,0.6108,0.3818,14.2348,15.4944,9.9261,54.994,89.4429,g
39.4843,19.4408,2.4914,0.4452,0.2565,-17.763,-41.0076,-7.6646,1.4023,189.907,g
29.1454,14.6984,2.643,0.4141,0.2582,-25.2748,-25.6863,12.0643,18.9218,208.133,h
20.0912,7.8174,2.2924,0.8413,0.5316,22.1617,-6.3538,16.1088,73.6545,224.8616,h
31.0746,14.8964,2.2934,0.4275,0.2265,44.9588,-19.9559,8.2377,36.8443,156.357,g
38.2926,25.2371,2.8786,0.312,0.1947,10.9106,23.2339,24.074,89.5333,261.8841,h
18.9259,16.5623,2.4771,0.5233,0.3017,1.3666,-12.5044,11.6818,24.0856,195.693,g
21.9503,16.3082,2.5391,0.4884,0.2876,2.8914,17.6252,15.4778,18.12,150.52,g
106.633,17.3276,3.2084,0.2574,0.1321,22.5895,61.3237,17.7452,12.15,310.688,h
21.1612,6.9873,2.0626,0.7186,0.3939,-23.2157,-12.0341,-6.2376,52.3913,45.2924,g
28.7628,15.7492,2.5453,0.5157,0.2835,20.0838,22.4467,7.7567,14.3708,232.901,g
27.7011,16.692,2.4575,0.6088,0.3096,-16.0303,-20.2057,-18.8298,13.072,86.3553,h
156.238,19.8869,2.7716,0.643,0.3443,-35.1942,-169.783,14.2535,16.183,312.115,h
12.9651,11.2603,2.081,0.7469,0.4025,-14.9099,5.9191,-11.4327,56.521,182.309,g
71.5718,18.1608,3.141,0.1843,0.1124,-96.1817,25.6655,11.0953,4.6137,234.693,g
31.4399,13.6839,2.7892,0.4078,0.2413,-11.9449,21.9508,-6.5675,3.8253,184.477,g
13.3534,10.5215,2.3608,0.793,0.4118,-14.7288,-3.3394,11.8776,67.012,178.043,g
36.8834,12.123,2.8149,0.4165,0.2351,30.7446,30.1455,10.0321,1.1687,189.478,g
92.1213,30.2434,3.763,0.1557,0.0893,67.6719,84.4981,29.2276,0.7519,283.959,g
104.577,37.8131,4.1169,0.0853,0.0427,106.447,85.8523,-16.717,0.111,303.171,g
31.1218,24.1058,2.8172,0.2666,0.1439,41.39,13.3322,12.6525,24.5146,123.205,g
23.7753,0.0,2.055,0.7225,0.3656,0.0,0.0,-12.3998,38.308,165.548,g
33.4349,11.5495,2.6623,0.4113,0.2144,-34.7318,11.4743,-6.842,86.2306,227.897,h
177.8503,51.6826,3.3228,0.1573,0.0985,-69.2537,-157.2164,28.0462,17.1672,306.0614,h
43.9478,24.394,3.2131,0.262,0.1521,-60.8871,37.3313,20.218,9.4355,282.022,g
28.5902,6.7851,2.2279,0.5385,0.287,12.6579,6.5323,-3.3153,3.2759,143.659,g
53.7448,9.3292,2.9636,0.3306,0.1941,24.3175,-32.0804,-8.2516,66.732,112.247,h
37.1967,26.6725,3.2235,0.2062,0.1121,29.6163,18.7062,13.6322,10.3638,138.16,g
27.4821,12.9643,2.7206,0.4738,0.2788,18.0118,23.6865,3.785,23.478,157.695,g
93.2473,27.8615,3.2058,0.2189,0.1279,-126.4139,51.7111,-21.9619,10.055,316.7016,h
12.924,11.3587,2.1629,0.7423,0.3814,-15.0341,4.591,-11.7061,59.2402,227.049,g
54.0435,15.6395,2.891,0.3252,0.1677,34.8228,49.3437,12.3841,9.0974,281.65,g
55.79,14.7213,2.8929,0.2841,0.1452,7.2476,-27.844,-8.8634,7.064,163.084,g
43.072,12.2106,2.6101,0.4049,0.2638,15.0457,29.089,5.78,0.7536,231.376,g
19.8382,7.3316,2.0737,0.7511,0.4093,2.7955,-9.7102,-5.0491,73.499,117.347,g
36.644,12.1712,2.6305,0.4977,0.2728,34.4687,23.3271,-11.7765,4.1453,59.6315,h
24.8845,3.7537,2.1058,0.6877,0.4019,37.7938,17.1743,7.323,41.0122,241.9691,h
80.0141,21.1144,2.829,0.3143,0.1653,71.3703,70.9797,21.1623,3.3695,310.772,g
25.5161,15.2353,2.5472,0.3376,0.1716,-6.0177,-15.7745,5.9165,6.024,175.886,g
18.2028,15.8708,2.4526,0.5115,0.2945,18.9639,18.329,5.3072,2.5957,48.9988,g
29.9916,11.2395,2.2585,0.487,0.28,9.2499,12.8682,-7.226,4.1274,94.8653,h
87.0235,31.8464,3.2493,0.1228,0.0786,-20.5413,69.7586,-25.8311,5.2099,38.1795,h
93.6965,15.2422,2.6959,0.3303,0.2085,-136.343,68.0302,-6.7811,1.151,204.871,g
22.4091,6.5297,2.1569,0.7456,0.3937,-24.9279,-9.4822,6.7907,34.606,220.911,g
26.6758,10.1784,2.3414,0.4237,0.2118,41.8265,-18.2081,-5.724,13.928,118.23,g
32.1456,20.0292,2.5664,0.3962,0.2402,-27.9947,-25.8885,-14.5929,8.564,180.59,g
12.4729,11.9998,2.0588,0.69,0.3537,15.9773,-8.438,-10.6668,19.1153,120.715,g
64.6147,48.7627,3.2645,0.2676,0.1422,-36.6205,46.5261,28.5633,77.993,317.116,h
29.6486,17.0975,2.372,0.518,0.2654,22.994,26.966,-10.7379,59.7912,132.003,g
146.4157,42.4736,2.9893,0.2665,0.2067,-160.4157,-8.524,-29.3919,7.2265,232.5051,h
22.3732,10.8996,2.4057,0.5737,0.336,-12.9103,-18.8408,8.2273,12.6972,224.699,g
42.8278,15.6132,2.6469,0.3788,0.2311,19.0315,-22.1139,10.1236,1.5938,199.1,g
18.2406,10.5498,2.2201,0.5783,0.2922,-23.7999,-8.9074,5.0306,18.975,193.928,g
147.813,27.0996,3.1558,0.3382,0.1863,-128.2395,-54.8827,-5.8287,28.8504,234.5915,h
21.3368,15.52,2.5705,0.4301,0.2245,25.5389,11.0213,8.6243,29.1506,196.1,g
56.7097,28.7761,3.225,0.1719,0.0803,120.5699,-20.5209,2.5029,0.2003,204.8733,h
29.7181,8.0956,2.3324,0.5721,0.3,17.7466,16.6326,3.4419,39.849,71.8972,h
32.2223,21.9359,3.0706,0.3587,0.2104,20.5771,27.6869,-7.2758,24.56,45.272,g
56.6218,11.5258,2.3784,0.4142,0.2364,48.1949,-18.1653,10.7206,1.0356,257.999,g
24.5979,11.3337,2.4354,0.5541,0.2844,13.8569,21.2856,3.034,61.3024,203.104,g
20.3836,6.9632,2.1508,0.7774,0.4346,20.809,14.0899,5.5322,78.236,166.472,g
46.5667,25.5487,3.5403,0.194,0.1059,24.0793,41.5627,14.0566,13.249,153.452,g
36.9438,8.9018,2.6479,0.4032,0.2171,-59.2245,19.4381,-9.645,6.8549,109.6991,h
19.9198,11.549,2.4338,0.5893,0.3297,-2.5218,6.3967,-10.4492,45.987,230.496,g
39.1459,15.9192,2.5635,0.3497,0.2008,5.2531,-19.936,11.137,2.6191,201.986,g
32.7961,11.5855,2.527,0.4487,0.2749,25.0992,19.8378,10.8888,23.5485,129.148,g
34.7848,15.4689,2.7817,0.4384,0.2188,12.074,31.8729,-10.916,34.8364,139.8655,h
41.4656,33.6032,3.3477,0.1724,0.1008,20.9647,29.524,12.8534,13.0923,149.933,g
36.2476,9.6119,2.4378,0.4088,0.2062,31.4966,24.4564,-5.7635,9.7048,131.254,g
49.8633,21.9727,2.866,0.1811,0.1028,-34.0529,32.1426,11.1529,77.711,240.215,h
62.9536,10.3627,3.0372,0.29,0.1455,-11.3256,30.6515,-6.6249,25.276,155.888,h
26.7491,15.7483,2.5384,0.4052,0.2388,36.8381,10.5625,-14.7727,47.68,235.199,h
44.218,17.5294,2.5717,0.3646,0.1917,-42.1748,-19.0475,17.5626,18.537,168.481,g
137.2811,98.5659,3.5602,0.079,0.038,-49.5415,-152.5099,-108.6926,24.82,73.8507,h
12.8789,11.4348,2.1658,0.7372,0.372,15.0295,-3.4,11.7179,9.2006,182.865,g
46.6663,21.6453,3.2398,0.2245,0.1137,30.8924,28.351,-12.2564,3.1992,197.599,g
130.6114,97.7365,3.4709,0.1347,0.06,3.1408,-56.7994,88.2226,59.3291,171.964,h
23.8725,11.8221,2.3444,0.6697,0.3552,28.033,-8.6348,-8.9284,9.027,159.382,g
17.1992,10.3194,2.4983,0.6889,0.4143,-3.2629,7.1593,-8.0473,76.035,126.318,h
19.7918,4.9201,2.1641,0.8302,0.5206,-5.5817,-14.1942,5.6208,23.5772,132.5831,h
20.0297,17.5024,2.4289,0.5326,0.3073,6.6924,-17.2474,-18.7215,88.905,146.145,g
67.8641,18.5765,3.1082,0.1988,0.1002,52.903,53.2713,14.0758,2.5919,211.423,g
98.4509,27.8121,3.2201,0.083,0.0799,-133.637,73.6898,14.3691,81.8677,205.6621,h
31.7461,9.094,2.3811,0.5447,0.2931,41.0632,9.8261,-11.4974,18.1579,170.367,g
17.5968,3.6065,2.2644,0.7134,0.3971,7.1931,-1.5145,-10.731,89.8822,93.0085,h
92.9002,27.648,3.3638,0.2237,0.1352,-42.7538,71.7958,-28.4436,1.324,318.747,g
82.0912,35.5279,3.3356,0.2073,0.1263,-47.8773,-37.1067,-20.0705,2.875,280.825,g
29.579,16.0638,2.5806,0.5729,0.3144,-3.0241,4.4021,-13.1444,62.0819,33.2864,h
16.3165,11.013,2.2718,0.6631,0.4198,2.8513,-5.0345,-8.4312,13.689,266.501,g
12.9504,11.0251,2.2799,0.7349,0.4593,-14.0422,7.0255,-5.8389,87.2895,135.683,g
51.4676,27.9588,3.3262,0.1585,0.088,14.6113,29.5828,16.4148,4.6537,145.576,g
25.6981,17.9763,2.7899,0.3358,0.1906,8.0978,19.0479,7.7408,32.8826,138.13,g
33.1605,23.3651,2.8591,0.2669,0.139,-19.9942,-16.3444,18.8494,9.8738,85.0108,g
71.2165,31.2844,3.5004,0.1479,0.0769,61.683,69.656,23.0812,13.0114,220.547,g
41.6637,13.8484,2.541,0.3942,0.2403,42.81,30.938,10.1984,1.154,224.613,g
85.6186,21.3754,2.7392,0.2717,0.1431,-67.7877,-52.2066,-3.5756,63.924,112.012,h
94.7737,27.0672,3.2785,0.1359,0.0724,15.2127,76.8148,-18.7604,5.0273,198.452,g
27.8453,10.8369,2.3627,0.538,0.2755,0.07,24.5835,6.8806,15.015,217.309,g
62.6872,19.8937,2.9926,0.2187,0.1175,58.3857,43.5989,12.5959,2.3854,216.692,g
19.5478,9.4041,2.3222,0.6381,0.3833,21.5583,12.8937,-4.5847,34.761,155.316,g
90.696,82.1003,3.3201,0.1852,0.1036,2.2389,28.2554,85.0978,69.9,390.05,h
27.2607,17.4652,2.4778,0.3727,0.188,11.3212,12.6389,15.0341,10.741,200.478,g
29.236,14.5626,2.7431,0.4806,0.2556,-27.2762,-24.4974,8.1191,86.7802,195.525,h
26.9974,17.3158,2.6933,0.3303,0.1712,-6.7212,15.7761,-10.553,38.664,149.36,g
28.1957,26.2723,2.747,0.3151,0.162,-10.1333,20.8257,-26.2685,37.3532,93.498,g
49.6933,14.4361,2.9274,0.253,0.1271,-28.3967,-32.5599,-7.3791,2.915,188.177,g
73.9175,21.6947,3.0661,0.1992,0.1155,75.501,56.1312,-13.6287,0.772,234.242,g
15.1916,0.9938,2.1689,0.6914,0.3643,23.1523,8.7319,-5.9245,59.1242,111.0125,h
50.9134,24.0733,3.0881,0.2914,0.2004,-40.8284,30.8456,15.4718,4.3666,319.404,g
79.2893,32.1527,3.5974,0.1241,0.0623,-85.3391,40.0175,-20.2549,0.514,244.51,g
35.5396,9.7332,2.433,0.4096,0.2269,44.3342,24.4111,4.7522,0.9529,226.84,g
31.4119,22.408,2.9469,0.2915,0.1701,23.0568,-7.4329,5.8207,80.8649,260.658,h
65.5206,37.5868,3.2052,0.159,0.0814,4.3072,-45.6124,36.8138,61.024,193.279,h
20.5928,16.3166,2.2844,0.4208,0.2156,-34.9859,18.1458,6.347,37.511,205.85,g
28.1363,17.3482,2.7396,0.3534,0.1794,25.5993,24.9913,12.7907,25.3978,55.5818,g
103.22,80.4596,3.8892,0.0529,0.0274,1.1897,99.4003,47.4361,22.0015,140.695,h
21.2333,6.9168,2.0986,0.7251,0.4104,-22.6371,-12.9263,6.2734,3.7149,238.689,g
23.3895,17.1735,2.5334,0.4305,0.2592,2.121,18.7541,-7.6769,12.6605,62.3795,g
33.9302,15.1474,2.6238,0.4328,0.2295,-8.6904,25.6073,-16.3586,4.7267,178.594,g
33.0193,10.7773,2.5688,0.4318,0.2173,41.9023,26.3367,4.6568,5.84,200.88,g
53.5342,26.3752,2.8671,0.3405,0.1633,-47.1773,51.7397,12.6183,14.8433,276.5844,h
39.2972,16.7651,2.7882,0.2801,0.1507,24.6147,-23.715,-8.0415,6.5895,171.63,g
132.507,58.0044,3.6468,0.1966,0.1138,2.428,-137.157,16.5468,64.9299,293.453,h
35.3809,13.331,2.8395,0.3459,0.1845,47.2649,16.8269,6.3108,8.4671,206.343,g
22.414,7.7158,2.2941,0.6328,0.3397,-8.8176,-34.795,-3.3566,53.737,112.6728,h
19.9908,17.7412,2.6175,0.538,0.2835,14.8796,-13.7601,-13.944,75.1784,78.8644,g
28.1555,11.2633,2.4487,0.452,0.2722,6.4354,22.7847,11.1545,35.72,113.426,g
20.958,12.0301,2.5521,0.5582,0.324,-19.4771,-14.0151,-7.4991,5.271,197.461,g
30.1546,12.2569,2.6026,0.4769,0.2859,-0.2696,-20.3,-7.7299,55.521,168.61,h
45.1917,16.5049,2.9125,0.241,0.1242,16.8674,33.7819,11.9977,3.06,175.676,g
17.0101,11.2578,2.3139,0.568,0.318,1.6458,-6.5998,-5.4826,34.507,189.774,g
147.797,38.5796,3.3336,0.1725,0.0956,-164.1866,106.6114,14.4094,23.9055,285.6875,h
112.902,56.9442,3.3568,0.2599,0.1814,-2.5354,116.248,-38.315,73.2598,319.659,h
13.1446,10.0064,2.3901,0.8065,0.5275,12.2071,7.8856,10.3149,7.9436,143.109,h
47.6497,18.9747,2.6812,0.3958,0.2531,-72.3016,38.602,7.817,21.192,274.053,h
21.1531,16.4359,2.6165,0.4547,0.2648,12.7882,-7.4694,15.4448,7.158,160.527,g
37.8323,21.697,3.0336,0.3665,0.1967,27.7792,32.8632,-18.6043,7.033,273.325,g
14.8508,14.7363,2.4262,0.4417,0.2028,20.056,13.3743,6.5292,18.0463,94.3795,h
23.4908,18.369,2.3721,0.3599,0.1835,12.1999,1.2252,-10.3852,43.2397,186.6566,h
75.1882,18.6423,2.9571,0.2241,0.1209,5.3992,63.8301,-10.5364,1.253,250.862,g
27.9343,11.5799,2.6385,0.4759,0.2655,10.4244,16.4298,-8.8598,73.5647,213.706,h
17.9289,15.7445,2.5085,0.5209,0.2806,19.2617,17.7937,6.3273,79.598,156.122,g
116.935,28.2944,2.933,0.3337,0.1779,87.0188,-100.593,-27.9089,39.109,389.579,h
18.2802,10.9045,2.6055,0.6662,0.3811,4.1718,8.5354,-6.77,62.513,219.8536,h
26.8487,11.0832,2.48,0.4073,0.207,-9.7153,-10.7173,4.161,11.235,159.082,g
97.2091,33.2444,4.0381,0.1009,0.0536,-21.5963,85.6669,-9.6149,0.6959,282.715,g
203.9612,57.2806,3.4354,0.205,0.1218,-208.3347,-167.3541,55.5438,68.0438,240.1917,h
35.1271,10.2434,2.5296,0.4225,0.2408,46.9723,10.7028,-4.7189,1.0485,150.896,g
32.3871,9.7433,2.3632,0.4805,0.2406,20.3923,-2.3033,10.1062,46.2192,178.0548,h
37.2093,12.1956,2.6144,0.3937,0.2005,-18.2252,-31.609,10.4884,46.1597,202.297,h
80.3034,33.2955,3.5595,0.1748,0.0942,-57.4312,62.086,17.8903,2.6827,304.529,g
58.1344,23.1666,3.3556,0.2513,0.1351,36.3407,62.9897,-14.2864,4.935,252.649,g
80.5436,32.1354,3.9092,0.1294,0.0685,-14.8101,68.5262,-11.7479,1.032,289.703,g
29.0126,15.9081,2.4571,0.4712,0.2461,3.9747,16.9729,5.545,63.086,202.882,h
88.3013,45.0557,3.8422,0.1703,0.0858,-77.4339,-39.7509,-21.3901,4.067,381.607,g
30.0029,13.4299,2.7275,0.5169,0.3137,-2.7746,22.387,-11.4591,76.504,226.536,h
90.3487,25.9285,3.1258,0.2507,0.1635,0.2566,68.8734,14.5935,1.81,362.077,g
42.5405,16.8507,2.7892,0.2729,0.1405,-11.211,-21.8661,14.5485,7.963,245.074,g
20.9847,12.5638,2.3253,0.539,0.2955,24.4503,14.9624,9.6203,14.578,237.504,g
94.5656,24.9475,3.1767,0.2057,0.1089,53.6245,77.9926,11.0564,7.7603,290.482,g
28.2704,19.3564,2.5682,0.3892,0.2122,25.6202,4.8137,9.9999,11.4878,126.977,g
59.835,9.6551,2.8963,0.339,0.1873,-95.3795,41.5803,4.1678,47.7762,258.626,h
46.5534,19.7632,3.0092,0.2095,0.1072,40.5851,26.2452,-14.93,2.7,119.542,g
32.115,9.4413,2.4735,0.4672,0.2437,-10.5795,-23.11,-8.2288,7.1086,168.517,g
75.0145,24.7537,3.4029,0.1748,0.09,65.293,55.901,-11.0179,2.5791,305.393,g
49.4032,31.415,3.2742,0.1856,0.1146,28.8567,28.9865,21.632,32.016,102.767,h
12.9839,11.1293,2.0846,0.749,0.4321,-14.5142,6.6103,10.485,49.891,148.162,g
45.4295,21.0393,2.9484,0.2782,0.1537,25.7656,35.8112,12.2553,9.433,54.8131,g
18.3119,14.9824,2.3865,0.5339,0.3142,-7.5793,16.6379,4.1417,74.772,135.392,g
43.999,19.2805,2.5289,0.4172,0.2352,-47.6359,-27.6812,17.9441,1.4941,281.59,g
24.9267,19.7049,2.8189,0.2929,0.148,6.4374,-10.8226,-5.3013,35.902,69.1739,g
22.494,12.1301,2.3856,0.6132,0.356,18.5438,13.4683,-10.1801,52.917,141.972,g
71.3453,21.9241,3.1578,0.2295,0.1165,-93.5369,49.9463,14.0603,17.108,236.35,g
28.4957,17.4665,2.8351,0.4137,0.2303,7.0179,16.2612,-10.0685,45.184,48.2319,g
21.0075,15.9626,2.4903,0.624,0.4377,14.9497,14.2554,10.1394,24.7104,171.7924,h
35.1734,20.9746,2.6285,0.3833,0.2165,-41.7915,-44.9794,-18.225,43.2555,219.9301,h
20.9469,6.4102,2.1319,0.7823,0.5203,-18.3706,-17.1936,-6.1023,65.694,124.276,g
24.6723,20.2049,2.4548,0.4456,0.2333,5.5508,15.9039,18.0809,52.307,139.857,g
22.33,9.9609,2.1584,0.5486,0.2951,-3.6983,16.3181,-10.0558,2.0,104.203,g
78.8048,17.2633,3.1413,0.2752,0.1427,-46.434,62.4402,12.1281,4.2924,283.529,g
26.8933,10.1789,2.3829,0.5052,0.2588,10.0882,21.7456,-5.5168,11.6582,136.793,g
41.3581,22.8099,3.1327,0.2431,0.1249,-8.2096,35.6078,13.5722,13.988,205.323,g
77.9491,23.4312,3.1134,0.2796,0.1613,-28.173,-86.3383,13.3267,52.036,183.833,h
27.8161,10.0825,2.09,0.6972,0.3589,41.2781,3.1957,-7.9897,55.5221,132.0225,h
28.7277,21.6578,2.7076,0.3608,0.248,20.4182,22.1614,14.7272,83.6227,61.5537,g
59.987,28.5751,2.7873,0.2267,0.1375,87.8787,-20.3331,-15.203,54.755,153.4876,h
76.9829,20.2038,3.0888,0.2681,0.1504,95.948,56.8328,-19.81,5.806,276.059,g
37.2558,17.8501,2.7226,0.3371,0.179,18.8022,37.3022,13.4788,14.8817,155.799,g
74.3523,24.1072,2.905,0.2526,0.1713,-27.2873,-65.9507,7.8273,28.7573,114.9315,h
223.3749,62.8629,3.2057,0.2011,0.1496,-236.044,-161.2892,-45.6921,73.0226,280.9125,h
29.0376,18.6644,2.7875,0.3573,0.1868,28.9221,18.4262,14.0835,21.6128,211.936,h
37.6241,14.9219,2.6484,0.3461,0.1764,-5.0723,28.7425,3.6292,5.8992,175.825,g
12.5342,11.9191,2.1945,0.6901,0.3674,-16.335,10.0027,-8.0787,19.242,142.68,g
38.1901,10.8641,2.5152,0.3603,0.1878,3.1457,12.3668,-2.9638,28.1573,261.575,h
20.7779,7.1383,2.081,0.722,0.3693,-23.7708,-10.7906,-5.9792,28.79,177.459,g
46.3055,16.677,2.6803,0.334,0.1764,62.883,-28.1331,10.0957,6.021,191.946,g
135.8838,52.4818,3.4942,0.1159,0.0645,7.5169,188.7137,-45.8003,85.6517,288.441,h
12.8056,11.4689,2.3043,0.7146,0.4144,-15.1891,8.8859,7.0586,14.296,93.5727,g
27.8696,17.6775,2.6977,0.347,0.2116,22.5204,14.7358,11.9333,26.888,177.247,g
18.6836,16.8769,2.2978,0.4584,0.2343,-7.4341,17.8898,-8.5215,16.0875,72.183,g
85.1017,31.2545,3.1878,0.1493,0.0782,-112.775,48.0249,11.8571,41.103,87.0258,h
45.9243,16.9284,3.0815,0.3083,0.1587,50.9613,42.2369,7.9519,4.8845,170.324,g
41.7024,13.0452,2.8119,0.3115,0.1581,65.5422,-12.671,7.3867,5.5843,173.65,g
33.409,27.8563,3.1828,0.2087,0.1152,0.1712,22.5862,14.4342,8.654,120.157,g
27.2155,16.8424,2.6218,0.405,0.2188,1.041,-0.1885,-7.4418,36.1572,88.0796,h
44.4617,19.673,2.73,0.298,0.1629,-27.1792,22.8297,-19.1457,40.2122,84.8384,g
12.9301,11.3184,2.3334,0.7425,0.4014,-14.9693,6.3542,11.3184,17.3121,46.3899,h
99.1099,39.7409,3.8987,0.0934,0.0652,-117.531,-44.9747,28.6933,42.8955,233.9286,h
97.4511,37.7636,4.1207,0.097,0.0518,26.0397,79.8479,8.5045,2.3313,295.34,g
20.2358,7.1978,2.1089,0.7549,0.3774,3.9409,-11.5931,-5.4469,7.1029,81.5759,g
39.0281,9.4129,2.7336,0.4044,0.2151,32.9133,20.8016,7.7568,31.528,160.542,h
30.14,21.4397,2.9261,0.2727,0.1405,-13.1166,-7.2126,-18.1552,19.5075,205.005,g
35.7476,22.835,2.9699,0.2722,0.1367,44.5296,27.3889,-10.1279,13.9774,147.625,g
34.1746,17.1788,2.485,0.3797,0.1948,17.4784,23.6221,12.934,0.9739,183.961,g
35.9913,19.4494,2.7466,0.3297,0.1801,-34.0069,-25.3956,-6.3628,0.2425,175.99,g
49.8695,25.5181,2.9912,0.4061,0.2832,-62.1517,19.4143,-23.0792,0.0097,299.322,h
24.9532,22.0362,2.8069,0.312,0.1599,4.912,-12.9585,9.2707,3.4894,54.5603,h
31.3556,14.3849,2.4757,0.4127,0.2813,19.756,34.1142,-6.2821,4.5864,211.9991,h
45.2596,22.6076,2.8432,0.2482,0.1528,-9.5471,-25.6884,-11.1736,45.9251,28.4825,h
48.908,23.1113,2.4807,0.3537,0.1769,-55.9717,37.9526,13.6168,2.5147,214.194,g
20.7957,12.4996,2.2292,0.4543,0.2448,-0.4562,3.5952,10.2444,70.028,157.901,g
194.348,81.9078,3.0682,0.2256,0.115,-41.2963,-258.154,-61.11,31.156,204.381,h
17.2234,10.5248,2.3747,0.6793,0.3439,20.7148,10.5536,-7.2502,2.7355,124.553,g
28.8753,10.6754,2.5403,0.4467,0.2493,6.2227,22.5345,-11.0576,8.686,192.361,g
17.1908,15.833,2.5855,0.6,0.3909,11.978,13.0369,-7.7887,0.076,101.899,g
59.7826,12.7791,3.0086,0.3265,0.175,-24.5577,41.1759,-3.0207,59.0,192.864,h
102.611,30.6296,3.7644,0.1445,0.0827,33.7303,90.3116,-16.806,1.1606,279.206,g
25.6103,17.6963,2.5508,0.4135,0.2574,7.399,-9.6945,-9.8038,82.0557,122.709,g
37.8069,23.842,3.3945,0.2048,0.1026,17.2787,14.5118,7.4598,10.6904,195.724,g
37.5469,11.4984,2.3046,0.5332,0.3233,15.5362,19.1568,-8.7005,18.6822,159.2978,h
50.6802,28.7824,2.6677,0.3253,0.1733,39.519,48.5249,-34.7856,87.1475,145.3108,h
34.2426,19.3492,2.8971,0.3004,0.1565,31.5941,8.9236,-8.7867,11.5931,196.081,g
33.2966,26.1247,2.9959,0.3322,0.1954,13.3259,31.3099,26.3442,34.7693,204.293,g
96.749,37.6322,3.8609,0.1545,0.0823,-107.834,27.4946,-26.8467,0.087,326.195,g
39.0647,12.8045,2.7789,0.3461,0.1955,24.346,25.7066,-9.1902,35.9843,246.042,h
44.5336,12.852,2.5971,0.4147,0.2541,-35.9658,-11.9196,12.9971,13.042,221.555,g
28.1929,19.8429,2.372,0.4544,0.2314,-37.1013,-10.0999,-14.5031,16.099,201.99,g
132.299,31.2872,3.1882,0.1925,0.1066,45.115,168.544,-15.8673,7.886,22.5724,h
43.7649,28.1242,3.1033,0.1719,0.0871,-4.5542,34.3054,9.9509,17.3602,160.676,g
12.3331,12.1588,2.1414,0.6715,0.343,-17.0704,10.7468,1.0079,17.444,199.989,g
35.5793,19.1013,3.0284,0.3091,0.1719,-5.288,22.0654,12.1228,12.398,206.159,g
18.5402,10.1955,2.233,0.5848,0.3538,21.5747,11.8282,0.0,76.5195,92.5498,g
47.8645,15.5711,2.8228,0.2466,0.1406,-83.8142,32.1168,-8.9144,5.359,257.75,g
34.3841,5.9653,2.7549,0.4206,0.2219,13.8569,0.5224,0.897,83.3564,105.6314,h
83.5017,31.1228,3.7774,0.1493,0.0754,66.6543,74.6371,-24.583,4.43,249.712,g
94.8668,62.2788,3.6827,0.0902,0.0645,-153.4305,57.4714,51.3952,1.6705,281.3076,h
186.19,25.8494,2.9385,0.3088,0.193,-255.866,130.867,-9.9811,3.123,185.776,h
38.0849,15.3034,2.4265,0.4419,0.2491,34.9412,20.0293,9.3065,16.309,137.099,g
37.4443,24.6122,3.0257,0.2667,0.1447,6.9242,27.5978,-18.7103,7.341,162.335,g
87.8596,25.2067,2.9337,0.2306,0.1194,-154.177,72.4491,15.946,4.4324,302.589,g
102.934,36.3217,4.0231,0.1131,0.0584,51.4017,83.3996,-23.4473,0.5982,321.169,g
19.2878,10.5686,2.5126,0.7035,0.4255,-5.6003,12.5531,7.6606,58.7634,106.324,g
31.0359,11.1013,2.6186,0.4236,0.2323,-31.0017,21.2969,6.1501,86.4242,117.306,h
35.3354,15.4937,2.5587,0.5028,0.308,27.55,31.7957,14.9885,27.14,248.0,h
94.4022,26.7836,3.1505,0.21,0.1155,24.1913,70.0293,10.7786,5.8196,250.4367,h
101.963,53.8539,4.4168,0.048,0.0242,53.6457,85.6497,-23.0436,1.971,246.456,g
18.5336,10.2061,2.1847,0.6144,0.3366,22.266,11.0621,-5.1584,42.452,202.563,g
20.7756,6.6796,2.3021,0.7781,0.4813,19.5305,15.8775,5.9283,39.242,149.961,h
40.797,8.6015,2.404,0.497,0.2742,25.5682,-15.332,-7.8112,6.325,184.556,g
53.2284,22.7044,3.0019,0.3066,0.1707,-72.6428,36.2755,9.4574,0.9246,257.442,g
64.62,21.5068,2.9692,0.4605,0.2507,26.438,45.5527,-13.7209,0.6186,356.707,g
30.2588,13.9882,2.601,0.3559,0.1892,21.9051,21.0869,9.6346,8.936,126.812,g
84.2891,58.8586,3.1847,0.1203,0.0605,63.6605,89.635,37.7878,39.6411,294.576,h
30.7144,21.3005,3.1342,0.2988,0.1854,2.1477,18.5775,-7.9586,25.431,55.8725,g
36.8172,15.698,2.6123,0.3126,0.1746,27.1143,19.0649,9.4098,22.259,182.55,g
21.3858,17.6684,2.5545,0.4128,0.2385,11.5538,10.908,-11.6139,33.326,39.5942,g
114.303,40.4397,4.1952,0.0746,0.039,72.1985,90.6989,28.7095,0.3,298.697,g
28.0975,18.205,2.7011,0.3741,0.194,16.9951,22.8522,-13.1397,26.735,153.838,g
18.5107,13.8378,2.3793,0.5678,0.3695,-5.7674,15.6088,4.1795,5.534,220.734,g
87.8482,36.7561,3.2122,0.1798,0.0972,54.1671,105.081,-34.1853,15.2606,157.194,g
218.336,35.3365,3.2117,0.1425,0.0722,-146.548,-213.898,33.3199,81.4912,205.771,h
29.669,19.4103,2.5521,0.4011,0.223,-22.4237,-21.0367,-13.4138,12.24,232.553,g
20.1556,6.4587,2.2317,0.8152,0.5308,-17.3466,-17.0895,-5.4398,76.6813,71.3018,h
14.985,5.5751,2.5347,0.7069,0.4534,5.1239,15.4253,11.2915,35.9056,76.0125,h
88.5701,29.8984,3.7112,0.1217,0.0612,-90.6991,79.5038,-20.8092,3.266,250.797,g
24.5739,10.4502,2.4224,0.5028,0.293,-7.3166,-18.4169,7.4281,11.283,172.583,g
92.7671,37.8378,2.9088,0.2759,0.1334,-53.4761,-69.5143,26.1886,21.2348,164.9853,h
21.5141,15.6067,2.5211,0.4096,0.2214,20.8723,11.4758,-7.4301,10.089,106.854,g
71.929,34.3516,3.8532,0.1125,0.0594,18.1707,51.9617,25.3238,0.975,173.38,g
53.652,32.8054,2.8564,0.2227,0.1176,71.2294,37.0518,34.1382,26.4137,197.957,g
169.0402,35.3614,3.2894,0.3349,0.1986,-162.2329,70.4636,-9.7764,48.5542,326.2363,h
67.8595,11.6333,3.0243,0.3688,0.1962,30.6303,60.2055,5.3186,12.1225,240.959,h
39.4681,12.1565,2.7486,0.4478,0.2703,2.3145,32.4988,6.8383,3.264,199.182,g
42.9943,22.4036,2.9135,0.2111,0.1104,-6.8543,24.7846,-11.3654,4.988,174.959,g
23.4509,21.3714,2.7966,0.3738,0.2133,11.4231,10.9074,16.0901,3.386,177.423,g
91.613,21.5721,3.125,0.168,0.0844,-96.8061,80.6738,-12.7978,0.019,243.675,g
13.1689,10.9001,2.1658,0.7713,0.4061,14.7516,-2.8969,-11.8002,11.1276,123.58,h
73.1035,18.8031,3.2934,0.284,0.1672,39.8379,66.3971,-8.083,0.613,236.575,g
38.6741,20.2022,2.9405,0.2362,0.1244,-8.9323,-22.7626,-11.0834,3.4588,119.997,g
24.8455,0.0,2.2393,0.6859,0.3429,30.0002,0.0,0.0,0.0002,120.0,g
42.9224,7.9326,2.2989,0.5578,0.2789,51.3151,20.0999,1.9651,7.817,231.201,g
85.4467,26.031,3.1723,0.1796,0.1032,-36.6928,-76.9321,-11.8496,1.241,208.859,g
83.4228,24.5423,2.894,0.2936,0.164,-64.223,-66.2854,17.4604,71.024,237.565,h
23.9177,17.7647,2.5888,0.4124,0.2281,-20.2022,13.9029,8.6601,17.7064,89.5001,g
97.854,30.699,3.9531,0.1298,0.0657,55.569,79.7741,-17.748,2.4052,290.111,g
16.8461,11.1648,2.4683,0.6088,0.3214,3.9076,-8.6159,6.0436,31.5053,190.221,g
20.7049,14.8302,2.4646,0.4768,0.259,-4.2725,17.1302,-3.9602,25.2944,178.553,g
21.0457,12.8915,2.3355,0.4896,0.2564,11.1856,12.237,7.797,17.5786,187.799,h
21.462,17.3662,2.3274,0.4753,0.2376,-8.5272,17.053,10.3696,1.493,149.654,g
32.6655,19.6497,2.6642,0.2579,0.1398,-31.6564,12.7555,-12.1317,8.041,179.109,g
19.4525,12.8362,2.3589,0.5252,0.3129,14.7674,13.7077,-3.085,4.6487,182.365,g
49.2676,22.2474,3.1854,0.278,0.1504,25.538,47.5608,-9.1138,0.0549,234.989,g
51.5102,10.0816,2.8742,0.3848,0.2265,21.7655,28.1719,8.0106,45.806,163.574,h
50.6455,29.5536,3.2977,0.193,0.1005,-67.0514,44.6014,-22.4322,19.0501,281.812,g
77.7307,39.8947,3.6158,0.2001,0.1016,21.4309,49.1815,-22.2716,0.57,348.8,g
54.1441,17.3626,2.6439,0.3087,0.1691,-86.4978,26.3055,-11.6284,16.2512,278.832,g
26.7867,11.1068,2.5237,0.482,0.2889,33.1928,15.095,-7.4581,13.143,136.463,g
30.8407,22.8555,2.6474,0.3288,0.1723,12.5696,30.0093,12.9735,53.8665,78.7964,g
24.1505,17.3063,2.5315,0.5706,0.3603,15.5951,20.3891,10.5275,30.271,108.081,g
84.4944,37.2006,3.7652,0.1336,0.0804,-42.4721,72.1118,26.2172,0.188,298.57,g
88.5796,18.1558,2.9206,0.2665,0.1375,-106.118,74.8369,-17.9237,7.9233,257.161,g
27.3488,19.4246,2.7474,0.347,0.203,19.1549,-16.1544,-13.8324,23.736,185.712,g
20.0075,10.1463,2.472,0.5923,0.2962,16.6398,-15.3466,-4.9169,34.2505,131.2396,h
77.3495,28.3972,3.0265,0.2352,0.1444,47.9898,80.6658,15.6018,6.98,314.674,h
88.5408,29.5442,3.5244,0.1456,0.0782,54.9593,76.142,20.9048,2.2359,251.154,g
26.6863,11.3072,2.6457,0.4392,0.248,24.5096,-29.7103,9.4803,19.2642,193.1092,h
71.4248,21.0421,3.063,0.2587,0.1691,-55.6072,61.5012,-12.2948,4.457,305.847,g
29.5329,6.4357,2.2148,0.5793,0.3445,33.6431,18.5261,3.6126,37.7654,157.234,g
25.2155,10.8264,2.4822,0.4942,0.2652,7.5599,19.81,6.1681,48.887,45.0717,g
27.9286,12.2904,2.4691,0.5263,0.3209,-2.1073,17.9805,-8.8211,4.7018,146.317,g
57.0634,19.1651,2.9209,0.1908,0.1014,25.5784,-25.3718,-10.1046,4.181,236.137,g
30.3824,13.4151,2.5676,0.3897,0.2233,-7.5413,23.8201,11.3714,11.9419,179.686,g
85.7886,27.6151,3.3077,0.2708,0.1494,2.5949,42.6917,19.4383,0.2716,332.491,g
110.664,24.0502,2.6604,0.4743,0.2437,38.4211,129.332,-19.1633,70.3453,111.874,h
46.0188,24.7602,3.4715,0.1854,0.0947,25.2273,31.5945,18.3064,14.916,229.318,g
39.5943,19.3694,2.9921,0.2831,0.1533,0.9897,23.3149,-13.9604,2.8951,188.33,g
13.0995,10.7571,2.1508,0.7703,0.4629,-13.778,3.2958,10.5492,65.0289,99.477,g
35.3435,20.3618,3.0548,0.2803,0.1653,16.9883,33.8939,-11.4984,4.405,96.4839,g
8.5738,8.1072,2.3023,0.769,0.4282,-17.9207,-2.7859,10.7691,54.9252,168.9304,h
40.9117,16.421,2.6123,0.4249,0.2405,39.5828,40.8634,13.3186,0.58,301.103,g
24.0875,18.0517,2.5911,0.3128,0.1577,-30.904,-16.2231,-8.3606,24.732,193.132,g
54.3629,35.4866,2.9901,0.3386,0.2041,-33.4844,-63.014,28.2825,82.2071,147.551,h
24.7867,22.2327,2.8319,0.2946,0.1583,-14.3863,20.5592,10.9994,39.2593,186.727,g
78.9677,26.7325,3.7505,0.1648,0.0846,33.2475,85.4377,16.5118,3.1425,273.557,g
54.8335,12.8325,2.9232,0.2995,0.1689,-4.6042,25.123,6.7826,24.614,221.648,h
75.9173,37.9258,3.1564,0.1332,0.0736,93.325,14.856,28.4568,4.434,229.766,g
39.3034,16.2019,2.6299,0.354,0.1817,13.9773,36.7876,11.8838,23.734,203.765,g
167.8057,81.3627,3.7123,0.0759,0.0475,150.9721,-70.4816,-66.1776,68.6247,370.789,h
223.847,122.43,3.6375,0.1106,0.0554,40.8795,152.521,-111.487,81.2919,357.02,h
21.5547,10.22,2.3444,0.5973,0.3009,-3.3141,15.8737,4.8415,31.0635,160.522,g
74.8745,16.9201,3.0691,0.3539,0.1787,-52.831,52.5547,-14.409,4.7291,347.188,h
23.7769,20.2657,2.7638,0.3824,0.1921,13.6613,7.4345,5.6913,43.362,247.117,g
26.0226,14.3748,2.5453,0.4644,0.3006,31.3982,17.1045,-12.0391,13.986,139.172,g
35.4434,15.4958,2.7796,0.3654,0.2334,13.8784,22.2955,-10.3435,47.273,244.308,h
57.6135,18.5866,2.7686,0.3612,0.1934,-33.3247,-29.6203,16.188,0.127,227.546,g
108.89,14.0158,2.4502,0.4078,0.2358,57.1641,104.76,-5.8517,58.055,86.6984,g
82.0238,33.5661,3.4102,0.1443,0.0776,-110.142,38.7392,-21.3873,10.998,215.502,g
51.9101,14.7672,2.8209,0.253,0.1328,63.7027,35.9639,10.7435,19.4429,205.5104,h
99.4538,23.6241,3.5179,0.1884,0.1097,73.2763,99.3681,-19.7032,4.5762,255.281,g
18.1125,16.9482,2.3314,0.4988,0.2541,-7.4528,16.5016,-12.5021,14.9007,96.8673,g
32.8822,20.0957,2.5563,0.3361,0.1681,37.8238,-29.1678,9.2132,8.007,117.052,g
19.3858,11.2812,2.4158,0.595,0.3896,0.7113,6.3464,11.517,37.454,108.484,g
31.276,12.5048,2.5581,0.4315,0.231,34.3106,9.6042,-3.9887,18.7509,186.873,g
47.8275,18.509,2.747,0.2775,0.1603,28.7838,-29.0817,-7.859,4.798,159.704,g
152.485,52.4004,3.3425,0.16,0.087,149.393,68.5252,-43.0794,80.8293,343.346,h
69.9884,23.7658,3.0867,0.1219,0.0867,16.4705,42.8226,12.6565,38.6209,138.8302,h
41.4003,17.0668,3.1413,0.2867,0.1593,12.3727,34.3771,8.9352,8.728,179.317,g
44.6175,12.9125,2.9292,0.3096,0.1913,11.4099,29.1668,7.3014,10.913,257.701,g
54.9859,26.7363,3.1106,0.2031,0.1074,-40.7517,24.1424,20.7493,15.4057,267.898,g
39.5436,19.3693,2.5434,0.269,0.1445,9.3853,23.9908,-12.1991,51.391,151.427,h
62.9894,22.0828,3.1191,0.2258,0.1167,-85.7793,48.0384,19.2514,7.652,245.997,g
82.9946,23.8627,3.1989,0.2258,0.1135,-5.5819,62.114,17.4201,2.9285,325.076,g
20.8415,7.1822,2.0663,0.6867,0.3562,-0.5062,6.1868,6.0559,33.539,154.681,g
26.0022,15.0538,2.6689,0.5038,0.2947,-2.4675,24.4025,-8.3453,59.468,70.5251,g
53.4704,24.6754,3.0276,0.3125,0.16,3.834,-50.2421,12.5223,2.8916,264.305,g
23.7506,13.6569,2.5907,0.443,0.2344,10.4622,20.7432,2.9582,11.2605,220.2711,h
32.2216,17.854,2.8357,0.3182,0.1613,20.0564,16.8922,-13.9134,26.4593,197.341,g
44.7062,23.1218,3.0978,0.1741,0.0874,-8.3978,38.3811,-11.9017,15.9683,224.221,g
27.271,16.8564,2.747,0.3491,0.1782,5.6719,-16.9429,8.4421,88.1063,175.848,h
75.8666,23.8806,2.7501,0.2578,0.1307,53.3631,68.5261,22.6476,16.1837,189.373,g
13.4325,10.2771,2.2082,0.805,0.4365,-14.2962,-5.126,11.7857,67.16,49.5555,g
75.2057,31.6833,3.1334,0.192,0.0997,-58.1243,43.08,10.3219,1.5926,282.915,g
41.095,16.6648,2.8079,0.2397,0.1206,64.7727,-14.584,-13.3189,23.618,112.406,g
31.9317,19.254,2.7882,0.3518,0.2011,6.4928,27.0813,-14.7291,3.7064,110.549,g
61.0596,28.7594,3.4491,0.1372,0.0834,52.8918,39.7018,-10.635,16.686,181.664,g
26.923,12.6794,2.708,0.4486,0.2458,22.8602,20.7103,-8.4173,33.1921,236.385,h
26.403,11.9324,2.5011,0.5205,0.2823,-17.2103,10.5238,-8.5969,35.821,61.3409,g
20.8484,12.248,2.437,0.5082,0.2797,-26.4809,-10.5577,-9.4669,68.6674,100.45,g
43.4342,20.2502,3.2,0.2366,0.1221,47.6462,22.8194,9.8909,0.967,185.076,g
104.244,36.4316,3.8046,0.1576,0.0906,-108.41,50.3747,26.3949,1.5254,372.68,g
133.0634,29.4108,2.7891,0.2649,0.1375,-122.0927,73.4109,20.6973,29.3076,265.6031,h
39.7794,13.4751,2.6707,0.3458,0.1761,49.7131,26.0123,7.573,7.225,169.761,g
13.3786,10.4786,2.2516,0.7955,0.4006,-14.9499,-1.9838,11.9014,77.826,138.523,g
17.7895,10.5909,2.3483,0.6143,0.3341,21.5665,10.8736,5.0219,13.325,208.15,g
129.362,15.1932,3.242,0.4023,0.213,-83.1281,-136.5701,-10.6892,7.4249,304.9583,h
62.1599,19.1734,2.9304,0.2617,0.1403,26.2062,42.0676,-13.3103,2.228,235.656,g
65.8758,25.2248,3.3128,0.1737,0.1083,50.2483,51.994,8.0935,1.8283,230.285,g
29.9771,16.9636,2.8096,0.3287,0.1698,-1.7394,21.4163,-10.013,10.579,237.559,h
54.123,22.6619,3.0609,0.286,0.1795,29.7681,56.0712,4.6174,6.339,211.164,g
70.805,11.3047,3.0233,0.2986,0.1863,25.425,47.0624,8.3039,19.4683,188.302,h
25.7164,18.7635,2.5065,0.4019,0.2165,28.874,22.5338,-11.6417,34.405,189.145,g
25.7351,9.5793,2.7412,0.5898,0.3058,30.9741,16.6231,-2.7698,88.6277,165.783,h
40.354,16.6861,3.005,0.2531,0.127,21.8225,-23.4832,7.8888,3.017,209.461,g
40.181,16.2814,2.636,0.3145,0.1607,59.5047,-18.3183,15.348,14.366,183.184,g
31.0187,15.6989,2.3253,0.4965,0.2577,-33.8046,-20.4213,3.8618,19.3334,146.454,g
21.6479,6.754,2.1477,0.7117,0.4235,-22.6083,-13.3675,6.4993,1.7721,159.755,g
42.2087,17.1098,2.7649,0.2801,0.1555,-19.0349,27.2251,12.3185,50.521,35.1638,g
120.3882,67.1368,3.6905,0.1128,0.0481,-155.5746,35.3004,47.8095,3.876,289.043,h
18.1879,10.4644,2.2672,0.5946,0.327,1.2658,-6.9371,6.2268,6.3162,105.825,g
51.9719,23.8063,3.1432,0.1755,0.0939,23.577,20.6102,-15.3705,11.9368,183.381,g
20.0115,7.3633,2.0588,0.7162,0.4061,-0.7875,6.4702,5.3292,44.067,34.8095,g
107.242,58.063,3.7072,0.1527,0.0843,-43.7472,84.6255,-51.7926,17.415,284.616,g
39.6497,18.7087,2.8606,0.2633,0.1371,-27.144,-26.5298,-7.481,3.3533,211.335,g
27.4892,17.1467,2.6537,0.3307,0.192,8.8137,19.2408,9.6552,12.0123,98.0992,h
219.765,83.9226,3.2147,0.227,0.1263,-276.3182,-136.6972,66.7513,47.0808,293.7207,h
79.5318,19.7938,2.7675,0.2886,0.1529,56.1853,61.0039,17.8268,3.2801,272.398,g
42.3725,20.2021,3.2909,0.2533,0.1343,-4.4911,26.362,-11.1395,0.6925,182.477,g
214.44,42.6279,3.4237,0.15,0.0828,-130.316,-213.458,18.2473,4.014,231.81,h
30.0623,20.6802,2.9976,0.3007,0.1624,9.3778,25.2643,-4.6608,32.1731,111.015,g
24.9637,19.8953,2.5605,0.3769,0.205,-12.0593,-19.5945,4.4835,3.412,164.139,g
41.4173,12.6865,2.8202,0.3162,0.1581,23.3213,25.3511,7.9122,3.9349,154.443,g
27.2242,19.8984,2.6547,0.3034,0.1584,-13.5139,14.5847,-16.0319,81.6716,167.099,g
28.8143,13.6411,2.4499,0.5411,0.344,6.1332,6.0571,4.8301,7.7544,203.8015,h
22.192,10.5126,2.233,0.5497,0.2836,17.6481,16.7732,5.9768,33.726,187.819,g
12.5215,11.939,2.0394,0.6941,0.3607,16.0523,-8.9284,10.3295,59.206,170.806,g
27.0565,12.7519,2.6037,0.5903,0.3699,20.7965,18.9936,-9.086,49.203,153.2,h
26.8118,18.7489,2.6968,0.4342,0.2503,1.7584,27.1792,-8.881,36.997,168.176,g
44.084,9.7187,2.6091,0.3985,0.2226,48.206,23.3322,-10.1423,8.387,204.249,g
86.8172,15.6015,3.0084,0.1919,0.1303,-132.0824,-48.4655,19.0275,72.5286,244.2463,h
68.9272,23.1967,3.2302,0.1883,0.0945,16.1875,58.9925,-10.5944,4.554,153.086,g
84.1404,29.7239,3.6687,0.2056,0.1249,-23.4718,63.8125,20.6113,4.124,304.571,g
136.2014,88.7938,3.726,0.1167,0.0937,14.1633,52.6543,-30.2164,89.7261,358.6064,h
20.3262,10.5335,2.2504,0.5955,0.3343,7.1802,-17.3823,-10.1526,30.898,88.0214,g
19.2665,15.6173,2.5211,0.4518,0.2485,-0.3193,-5.9609,-6.9701,82.2507,37.6749,h
47.371,12.4404,2.6585,0.3425,0.1811,28.8176,32.9627,5.8394,3.4872,186.742,g
23.6574,10.2495,2.2175,0.6,0.3364,30.37,-14.9111,6.63,46.8138,178.328,h
33.5062,24.1212,2.7067,0.275,0.1424,-16.131,25.5993,-14.0516,85.2585,158.639,h
84.1939,29.0428,3.4591,0.1915,0.1176,-38.8835,60.1905,11.41,0.062,291.569,g
22.8704,16.4198,2.4354,0.5761,0.2917,-18.8573,-18.0543,6.0286,2.8735,163.597,g
26.257,9.2674,2.4864,0.5416,0.2822,32.0326,18.2772,-6.0079,7.8637,187.979,g
30.9023,17.6166,2.6021,0.39,0.2612,21.4873,24.5736,-9.8571,10.6775,202.231,g
12.9987,10.7215,2.1351,0.7546,0.4872,13.3091,-4.4109,-7.2198,32.861,251.47,g
25.7821,19.0607,2.6889,0.3501,0.1853,16.7257,8.9445,-7.6053,35.16,137.929,g
146.941,52.5182,3.4453,0.2306,0.1315,-207.744,119.395,-32.547,69.4577,311.048,h
41.7826,19.7467,3.1945,0.3355,0.169,29.1888,25.7764,6.237,1.328,187.952,g
116.7343,76.6761,3.1593,0.2077,0.0892,-71.5037,-123.0714,58.0587,60.0177,259.1934,h
20.9353,18.6645,2.6985,0.4444,0.2412,3.441,-11.9282,-15.5382,12.4041,80.8612,h
23.4184,5.3755,2.5235,0.5344,0.2815,-28.318,-6.5909,6.3496,89.2573,85.8332,h
96.8365,18.7737,3.0763,0.2005,0.1036,37.3768,93.4159,-16.7148,7.8896,265.573,g
70.0818,16.3066,3.0915,0.2602,0.1162,32.1155,16.9526,7.7851,68.307,121.0329,h
12.2995,12.1944,2.07,0.6723,0.3362,15.004,-1.2074,11.0018,24.8636,165.289,g
21.0734,6.5254,2.1383,0.7709,0.4982,-19.2334,-16.53,6.1628,84.0921,221.02,h
77.8141,26.5122,3.7987,0.1644,0.0897,37.0051,65.7207,14.2353,2.712,218.662,g
20.2048,12.6641,2.5916,0.4942,0.283,18.44,11.3404,-5.547,6.745,196.745,g
25.2365,15.0596,2.4857,0.4248,0.2141,35.4576,13.7201,12.1509,47.1567,49.225,g
56.5279,27.5027,3.009,0.2449,0.1405,-59.589,41.9594,17.7267,6.718,271.972,g
83.1801,33.7188,4.0186,0.1093,0.0552,21.2107,71.0867,23.6105,1.051,203.728,g
60.0541,22.4496,3.0561,0.4622,0.2632,-62.2146,-48.2816,20.2678,7.46,335.768,g
70.1479,20.2556,3.4283,0.1984,0.1024,-5.4196,49.1044,-10.1769,8.2377,233.607,g
90.7088,11.0098,2.541,0.377,0.1885,-63.8226,-79.2581,6.1829,19.578,46.6216,h
172.979,18.5465,2.695,0.337,0.1705,-149.441,80.837,10.9899,0.329,292.708,g
29.1157,15.4214,2.633,0.3234,0.2029,-35.2034,-21.0584,10.8939,19.0248,63.2807,h
23.3581,12.9936,2.4586,0.5357,0.3426,22.8875,15.7783,10.1873,23.5901,144.578,h
29.7001,14.132,2.5099,0.4513,0.2581,10.2064,23.6915,-7.8984,43.4617,193.311,g
66.4813,23.6457,3.1509,0.2713,0.1756,-71.7939,-28.1662,16.9882,2.0401,258.257,g
24.0436,16.4912,2.4133,0.4788,0.3185,18.6452,17.5771,-6.8352,39.472,43.9697,g
124.801,28.4968,2.9535,0.3272,0.1675,100.33,93.3952,19.817,10.8959,319.539,h
104.7215,82.1747,3.7795,0.0694,0.0328,-76.5107,104.2027,-73.8648,71.1266,178.4461,h
19.2692,6.9128,2.3847,0.8289,0.4474,-19.3804,-13.8395,-3.2444,26.664,62.6649,h
34.1583,11.7043,2.7294,0.4872,0.2274,16.7152,37.7053,-12.3039,49.1591,242.6588,h
41.873,11.8226,2.6465,0.4711,0.2454,-25.5295,-62.539,-7.1176,76.8503,234.0699,h
54.908,18.7657,2.5384,0.3849,0.1954,-59.005,-37.4959,16.1308,31.805,142.002,g
52.5772,25.1815,2.7124,0.542,0.3845,-40.8749,-18.801,-20.6084,10.2974,299.2486,h
51.0301,28.9634,3.084,0.1665,0.0861,40.3918,32.979,25.4067,3.905,171.15,g
106.05,23.3158,2.8762,0.4761,0.2773,-90.5509,46.5714,-13.9215,21.0535,251.72,h
18.1313,7.4821,2.1746,0.7759,0.5117,-1.2575,4.6898,-2.9614,33.8342,182.888,g
25.4394,15.1214,2.6112,0.4357,0.2411,13.266,16.2796,-2.4174,3.9221,219.292,g
64.7839,20.8693,3.1297,0.2619,0.1539,53.4647,57.195,-18.1564,2.313,236.112,g
115.211,70.2186,4.4222,0.0576,0.029,19.18,87.6239,-58.3964,12.6281,252.038,g
53.1321,20.1331,3.2525,0.307,0.1926,19.1908,49.3765,-16.9696,7.5444,257.263,g
19.7624,16.0047,2.5079,0.4379,0.2252,-1.3908,11.6213,-6.6365,10.3482,147.232,g
18.8538,16.9483,2.2867,0.491,0.2713,-14.4394,-17.3344,13.2414,64.7773,54.9974,g
95.5063,30.7964,3.7743,0.1688,0.0948,-85.5811,75.0139,-17.543,2.627,314.004,g
19.9716,12.1445,2.4224,0.5142,0.3043,-3.306,12.7309,10.9488,12.992,195.168,g
30.4685,16.3666,2.6875,0.3717,0.2043,44.8953,-17.1426,-11.3139,21.0153,225.666,g
42.1441,13.7346,2.7459,0.3339,0.1966,31.7383,19.1549,7.9992,1.7038,228.537,g
92.6332,30.1404,3.6898,0.2141,0.1278,-20.7682,71.7015,14.4934,0.123,340.839,g
21.7471,10.5469,2.2201,0.6145,0.4006,19.606,20.5637,-11.5252,16.005,158.279,g
22.8654,9.1517,2.5185,0.6182,0.3136,29.8428,-12.1687,9.8526,7.576,179.576,g
97.8762,18.6993,2.7566,0.4203,0.2426,60.3581,94.0071,13.8338,2.909,198.087,g
106.618,61.0142,3.4733,0.2764,0.1468,-34.3532,-109.197,62.1978,36.7845,388.349,h
47.0082,30.5307,2.9133,0.1929,0.102,-79.2509,26.9893,-23.574,14.9212,291.1,h
35.0354,16.1398,2.7101,0.3041,0.1569,14.4875,21.6115,12.6842,55.3614,45.2255,g
36.2372,17.3551,2.9809,0.2654,0.1353,46.5544,12.1443,-6.1966,6.444,166.948,g
29.1819,8.9596,2.5486,0.5994,0.3376,16.3719,14.6698,-4.0194,65.0487,91.7521,h
74.7135,24.6015,2.964,0.3781,0.2395,-37.7185,-31.4125,-23.275,8.5098,321.462,g
23.8607,10.392,2.3454,0.5192,0.2641,7.2276,16.8027,-6.3336,26.583,107.711,g
49.0132,18.0986,2.9472,0.2202,0.1191,52.9902,18.7545,11.7364,4.9034,161.73,g
50.7761,18.7514,2.8212,0.3426,0.1879,47.3036,47.0202,-17.4235,4.502,184.981,g
112.635,31.147,2.9868,0.1918,0.1139,-117.267,89.9887,23.0827,17.724,277.313,g
12.8278,10.2419,2.207,0.5583,0.2699,-1.9722,4.8796,-9.7655,15.5735,201.5613,h
27.0694,21.8262,2.5508,0.3826,0.2068,10.4249,22.9174,8.4929,5.0893,256.421,h
30.4842,27.2376,3.2831,0.2449,0.1295,19.8131,25.7304,16.7266,24.4731,94.3593,g
33.6386,6.2984,2.6922,0.5162,0.3125,29.1915,16.6831,0.7437,3.0282,166.0519,h
20.575,4.6982,2.0837,0.7266,0.4468,11.149,-9.4999,-9.5461,32.0593,234.2099,h
30.1721,16.8838,2.6902,0.4673,0.2704,8.8759,25.3694,14.03,74.709,229.296,h
64.3268,25.9875,3.7035,0.1524,0.0769,28.6831,28.5929,-8.1504,0.216,216.032,g
21.9551,17.5389,2.5514,0.4691,0.2542,-9.8017,10.1775,5.9304,77.9057,25.8173,g
211.225,33.6703,3.8115,0.0542,0.0279,-244.366,-208.36,20.3821,49.983,139.023,h
41.4001,25.658,3.0414,0.2036,0.1023,39.265,30.5051,-23.3496,0.6344,91.228,g
90.8675,24.7563,3.1543,0.2986,0.1728,68.0419,63.9433,11.4056,3.5131,302.552,g
48.9181,27.5344,2.76,0.4388,0.2411,-54.8579,46.7955,17.9792,76.8882,56.9977,h
31.947,9.0242,2.6075,0.5506,0.3025,24.338,19.1218,5.1754,88.2202,140.772,h
32.7426,11.4639,2.637,0.376,0.2018,-2.4183,21.0286,4.8942,72.4517,249.845,h
23.9971,9.9398,2.5179,0.5038,0.2838,-18.5931,15.9046,5.22,7.9618,169.428,g
126.634,65.2359,4.3615,0.0547,0.0275,36.6744,108.946,47.2243,65.741,246.46,h
29.3437,12.575,2.4942,0.5032,0.2804,31.7634,24.917,-4.1189,32.1435,239.487,h
35.2047,17.138,2.8354,0.2776,0.1658,-0.8009,12.6851,-9.2086,10.218,131.449,g
22.4236,15.8256,2.5938,0.4968,0.3146,1.5724,-20.7925,-4.5251,53.815,139.193,g
152.485,52.4004,3.3425,0.16,0.087,149.393,68.5252,-43.0794,80.8293,343.346,h
78.2112,25.6598,3.361,0.2265,0.1278,39.8441,96.8077,-14.1376,7.052,148.372,g
17.6375,10.6916,2.3096,0.6176,0.3211,21.9276,10.3016,-5.5929,26.126,229.774,g
34.0124,16.8725,2.5359,0.3348,0.1732,-15.5969,-16.2991,-11.7648,3.491,137.576,g
26.3212,11.0398,2.5011,0.5016,0.2981,6.9151,17.3958,-8.3462,6.0614,232.282,g
32.6306,18.9446,2.6845,0.389,0.1991,26.234,-8.2258,-12.4502,18.4858,198.7889,h
93.5964,26.9103,3.1206,0.2023,0.1155,81.6777,87.7648,-7.915,0.25,231.475,g
53.3538,25.3623,2.7059,0.2657,0.1388,-87.0068,56.103,-16.8988,1.0329,179.666,g
29.2226,19.6211,2.6053,0.3027,0.1923,-22.5914,-21.2356,10.0069,5.7595,203.891,g
254.6375,116.4147,3.6089,0.1929,0.0856,400.284,-224.4015,91.0362,57.8297,186.4461,h
23.8255,12.5494,2.3464,0.6532,0.4032,23.2699,18.3503,-7.988,21.788,76.502,g
61.9494,31.0583,3.2648,0.1516,0.0834,7.1659,47.9741,10.9651,0.853,241.374,g
81.9657,24.7247,3.4122,0.1177,0.0594,64.4402,57.8747,6.4725,3.333,179.182,g
19.0211,5.8521,2.357,0.8615,0.6264,13.6638,18.7067,4.8082,21.155,223.314,h
38.1848,0.3877,2.4967,0.559,0.2839,-4.874,-13.8902,-12.4975,52.4433,247.1025,h
117.034,21.5379,2.7181,0.3904,0.2268,-113.579,-64.139,-11.8532,2.594,328.773,g
22.9515,17.929,2.6479,0.3532,0.1789,-35.6771,8.8009,-15.4156,22.4192,196.342,g
12.9497,9.9431,2.2028,0.7962,0.5549,11.5501,8.112,-8.174,54.7684,188.21,g
23.4271,14.9777,2.6684,0.5472,0.3251,-7.2274,7.1203,15.4452,32.0426,87.7858,h
48.4338,22.9487,2.972,0.2219,0.1221,58.4819,38.9124,16.126,1.0711,189.115,g
42.1493,15.5688,2.9877,0.285,0.1445,49.308,30.3502,12.5711,5.9184,158.071,g
25.7612,23.4911,2.633,0.3469,0.2037,-12.6628,-16.6436,-11.7115,65.929,255.694,h
108.424,94.327,4.5739,0.0496,0.025,8.0684,80.3161,-85.69,28.311,309.548,g
84.9925,40.6609,3.3775,0.221,0.1386,24.1446,29.9876,-22.1211,0.546,385.825,g
20.4596,12.1963,2.5017,0.4945,0.2504,28.3678,-7.9433,-7.6821,78.702,218.016,h
144.0302,41.8572,3.0351,0.3352,0.1741,-159.1788,81.0052,-22.6841,6.9217,335.5815,h
23.945,12.5218,2.3473,0.5663,0.3798,-10.3374,-15.0307,-12.5678,7.211,126.849,g
76.536,15.9522,2.9193,0.2276,0.1198,-95.8396,36.2652,-7.5991,65.517,194.405,h
101.4977,23.9296,3.33,0.4035,0.2244,-87.3914,-79.3729,-23.1103,3.7728,374.9569,h
15.3447,10.4725,2.4555,0.5823,0.3326,-12.2928,-9.6339,-3.8505,40.8113,171.7816,h
13.1169,10.6358,2.224,0.7761,0.4746,-13.5033,-3.5588,-10.4501,50.258,79.1494,h
21.5549,12.0299,2.4224,0.552,0.3195,-0.9938,7.559,-6.7381,45.4834,129.024,g
29.4931,20.163,2.8322,0.3061,0.1891,25.6733,16.9479,-15.278,37.794,150.647,g
61.0387,9.9631,2.6232,0.3667,0.194,29.4891,50.759,-7.303,64.2081,243.605,h
40.0358,26.6272,3.187,0.2165,0.1284,-2.4894,-19.7872,-22.1493,0.636,156.184,g
19.6089,12.8532,2.372,0.5053,0.2994,-15.4731,-12.7648,-3.31,4.228,241.422,g
25.7223,12.8615,2.6112,0.5679,0.3219,6.178,17.9656,-8.3127,58.622,193.172,h
24.7579,11.1376,2.5202,0.4861,0.2732,26.1892,35.1314,-4.9215,41.432,213.9983,h
27.7368,18.6845,2.6753,0.3738,0.2017,-5.8412,19.7828,-12.6751,52.5269,163.284,g
57.1873,24.8544,2.7593,0.3429,0.2115,-68.4229,30.1959,15.7547,8.5154,259.873,g
138.8171,59.5351,4.5025,0.0255,0.024,-28.8679,-115.8589,26.1264,82.5414,180.2218,h
32.0214,13.4047,2.6522,0.3452,0.186,-28.5927,-11.7789,6.5122,58.969,159.744,h
58.4263,24.0523,2.9692,0.351,0.241,-48.2052,-40.5965,12.9533,4.377,311.433,g
121.5752,61.1896,3.39,0.0926,0.0791,-99.1968,-106.5098,42.9164,76.3027,254.6223,h
66.2369,49.4871,2.8774,0.2931,0.1744,-26.2113,-44.3616,-38.8401,40.3129,334.398,h
160.178,79.7017,3.9957,0.1263,0.0656,-80.2988,-160.174,-30.9095,35.245,357.699,h
26.2364,13.2262,2.444,0.482,0.2752,17.7518,-5.925,9.7261,34.849,199.666,g
71.5387,14.1801,2.692,0.3171,0.1799,-35.7291,-33.9236,-5.6527,16.7554,227.657,h
84.5223,18.4669,3.0763,0.2315,0.1179,40.3336,88.3092,5.3147,0.794,221.356,g
27.3017,9.517,2.3531,0.4523,0.2328,35.4876,18.1403,6.761,8.1796,201.573,g
56.3489,24.1717,2.9857,0.2842,0.1731,21.0311,50.8783,25.9286,5.928,203.755,g
68.1129,28.1608,3.1998,0.3106,0.2289,-79.4137,-46.5571,-15.8925,36.0399,275.663,h
191.065,36.0059,3.1867,0.1542,0.0895,186.482,156.155,24.1833,30.254,64.8841,h
69.6265,23.0888,2.8716,0.3992,0.2345,-3.697,67.5898,24.9519,8.256,326.198,g
66.2979,25.2353,3.2718,0.1797,0.0939,19.5458,62.8438,12.729,18.905,239.686,g
63.9655,26.6584,3.7121,0.1744,0.0987,46.6175,55.6288,-13.0858,5.7611,228.0,g
47.5067,23.3557,2.8979,0.2315,0.1183,18.3752,36.4954,16.2496,5.6571,257.551,g
31.0413,19.4515,2.5514,0.3567,0.1868,28.9086,21.7073,-11.5324,14.111,158.619,g
160.017,87.2486,3.7434,0.1208,0.0431,94.5528,-146.1334,56.2638,86.121,329.5835,h
20.9383,12.8664,2.3294,0.4918,0.2834,16.3342,11.7025,2.9347,52.554,289.005,g
108.2048,67.6058,3.4777,0.1505,0.0846,-47.9751,-78.1971,42.024,71.6379,322.8474,h
41.0578,21.64,2.8606,0.2118,0.106,-1.7635,-8.365,-10.3797,2.203,164.8244,h
23.4903,15.6926,2.5465,0.4972,0.3509,5.4844,18.067,-10.4952,0.7529,231.896,g
26.1559,9.9788,2.3701,0.5416,0.2921,29.6682,21.9484,5.9681,61.282,95.2881,g
37.043,18.0751,2.8132,0.3059,0.1622,-3.2696,-22.6194,13.5156,5.3662,211.163,g
39.7304,17.798,2.7589,0.3014,0.1681,-10.5292,-22.7174,12.3255,5.7523,172.735,g
23.7276,15.9185,2.7352,0.3579,0.2266,-9.8907,12.64,-7.6601,67.1315,61.9633,h
22.1959,10.2442,2.4714,0.6057,0.4037,-15.1625,-7.7519,3.4736,47.2107,172.4575,h
35.1149,15.7842,2.8686,0.3478,0.182,21.7856,31.1621,-13.077,4.5251,189.404,g
27.7189,16.1679,2.8916,0.2721,0.147,-28.5232,-14.5037,16.93,30.2217,247.4869,h
32.7458,23.3519,2.6026,0.3196,0.1835,12.2047,-25.3849,-19.1124,27.897,98.2962,g
23.1363,13.5366,2.3627,0.4946,0.2538,-22.423,-16.104,-4.1679,3.438,108.319,g
65.1705,36.5131,3.2525,0.1638,0.083,-45.6547,44.1952,-27.0286,6.976,286.781,g
17.0899,16.6616,2.3509,0.5209,0.3194,29.9208,11.0507,8.4029,69.2804,55.1584,h
26.0064,18.6146,2.6493,0.3946,0.2029,-25.8204,-21.4564,7.2132,61.5717,64.656,g
91.4237,28.1963,3.673,0.2306,0.1162,3.5466,46.9415,-15.3449,1.781,365.286,g
23.0609,12.4783,2.301,0.595,0.3275,26.595,12.0922,8.0238,25.519,149.553,g
34.8842,16.964,2.7701,0.3192,0.1604,-34.9758,-22.6911,11.5767,15.9453,122.241,g
21.1623,6.6888,2.3065,0.6017,0.4202,-6.0926,12.5225,12.5546,47.5781,218.6872,h
17.06,12.8467,2.4864,0.5742,0.354,-0.3389,6.2169,-8.3389,0.843,195.902,h
24.8332,19.3293,2.6444,0.4512,0.237,-15.1704,-8.5614,-15.4644,12.974,194.34,g
16.8677,8.8821,2.4054,0.589,0.3472,32.1945,21.9606,-0.0666,62.694,112.6928,h
28.2082,12.1254,2.4099,0.4163,0.2082,6.3914,-19.1434,-10.7975,64.547,78.8033,g
45.1878,20.6403,2.9373,0.193,0.0988,-26.7256,-17.9222,-10.849,16.521,218.888,g
23.9972,15.9345,2.3784,0.4519,0.2741,12.9755,12.8222,-15.1791,17.7641,126.346,g
42.3703,22.6132,3.0918,0.2197,0.1017,-8.2043,-25.3779,-14.86,37.9786,206.9567,h
19.1712,16.2259,2.3149,0.5278,0.2736,16.2374,16.6594,-13.8541,84.4501,60.4438,g
26.5845,21.9362,2.8848,0.3494,0.1936,4.5446,-8.2247,22.6797,45.538,67.5754,g
64.3565,15.1921,2.847,0.2077,0.1117,37.4254,49.6431,-6.5371,3.661,168.403,g
29.5611,16.2612,2.5587,0.3204,0.1699,7.6545,-8.9151,-5.6478,23.721,118.679,g
21.5363,9.9292,2.2672,0.627,0.3378,22.0481,18.4537,-11.1982,24.0767,181.767,g
86.1808,58.2923,3.5283,0.1597,0.0911,52.3378,94.7966,64.7861,26.0415,140.842,g
27.51,19.4941,2.8522,0.3753,0.22,8.9912,8.9581,-14.3853,8.8963,89.1653,g
19.4731,12.2939,2.4556,0.5219,0.3205,-1.0,9.8855,-10.4173,53.7383,202.139,g
31.4615,12.4865,2.6154,0.4024,0.2097,17.1878,22.2641,9.9534,8.062,182.434,g
37.4641,20.2337,3.0022,0.2786,0.1517,-12.552,10.7198,14.7785,6.867,167.449,g
123.362,113.367,4.7981,0.0311,0.0165,67.0965,94.582,83.6686,38.181,262.61,g
56.5222,20.4612,2.9661,0.2411,0.1238,49.4512,52.2958,-12.639,3.306,288.36,g
41.8742,15.8021,2.8423,0.3149,0.1661,43.4697,-26.8201,-8.5916,14.6056,239.969,g
65.8896,19.1164,3.123,0.2546,0.1307,-43.8047,54.8014,13.4706,0.2752,296.428,g
61.2538,48.2495,3.5864,0.1128,0.0693,43.2478,45.3327,37.8267,14.4978,93.0088,g
240.462,134.084,3.5814,0.1324,0.0762,-179.144,-142.709,-132.416,26.902,138.66,h
24.0693,0.0,2.5321,0.7195,0.3715,27.2689,13.2176,0.0,26.629,231.863,h
13.0451,10.91,2.1319,0.7601,0.4539,14.0221,-5.3863,10.2706,81.2793,136.507,g
35.1926,27.6832,3.2262,0.221,0.1322,23.6958,27.381,20.9731,10.685,84.5853,g
71.3468,25.1598,3.0253,0.2047,0.1203,-120.403,51.7147,14.6913,8.6575,211.858,g
56.4236,21.152,3.2241,0.154,0.0791,-2.6182,-10.1986,9.4643,1.4636,184.47,g
14.1677,12.2639,2.4124,0.5824,0.3861,14.5443,16.8662,-15.4137,23.0186,221.5359,h
21.6838,14.593,2.678,0.5456,0.321,1.5907,15.7982,3.1087,22.8694,263.4378,h
28.8917,15.8013,2.4141,0.4971,0.2601,-36.981,-16.663,16.8503,56.263,151.425,g
47.0827,34.0011,3.4933,0.1622,0.083,33.9112,32.8818,20.9267,2.4381,93.9152,g
93.0034,28.1488,3.6363,0.1608,0.0817,-67.5172,73.348,-9.9072,1.64,293.818,g
39.5291,14.6054,2.5465,0.3239,0.1889,-0.3041,-25.9866,-10.9995,48.5058,224.416,g
35.2915,10.361,2.7645,0.4402,0.233,-23.6568,16.4675,-8.7667,10.9565,214.228,h
13.1069,10.9952,2.1123,0.7645,0.4131,14.6709,-4.2694,11.6311,50.3431,162.593,g
13.0339,11.1611,2.081,0.7552,0.3942,14.9112,-4.3689,11.7397,86.3258,84.3041,g
73.6497,31.483,3.3631,0.2804,0.1645,-7.3913,51.8285,20.8147,4.5424,351.061,g
22.4688,14.9097,2.4232,0.4642,0.2887,12.0427,12.2064,12.1709,59.4506,158.947,g
82.3948,35.6683,3.5539,0.1176,0.0613,-70.8148,70.989,20.8649,0.509,257.942,g
35.2052,16.3031,3.073,0.3136,0.1585,8.6449,22.683,-6.6872,18.325,189.95,g
40.2362,8.9929,2.7544,0.4898,0.2803,24.2977,8.4631,-0.4376,2.8904,127.3067,h
23.7017,7.0161,2.4049,0.6741,0.3775,-19.8851,4.7087,-3.7805,88.3684,254.1367,h
23.8851,15.8349,2.5224,0.4354,0.2177,8.8391,17.2426,15.855,17.1681,185.295,g
16.9449,13.8284,2.2545,0.5226,0.2961,-12.5203,-3.9094,3.6594,56.4072,201.7426,h
54.1708,9.4098,2.5176,0.5001,0.2612,-44.8802,-39.1047,8.5896,35.8524,120.0867,h
141.0382,8.6551,2.493,0.5991,0.3821,-184.3575,115.247,-10.1714,10.7012,160.0322,h
18.8081,10.8706,2.235,0.6902,0.4476,3.7371,-4.2867,9.0518,14.6227,218.0525,h
26.3733,19.1659,2.8567,0.3644,0.2246,14.4958,14.4997,-15.148,9.37,170.193,g
17.386,11.1422,2.2625,0.5519,0.2814,-0.4324,4.6222,2.8941,8.311,104.602,g
77.8167,13.399,2.6439,0.3837,0.1986,-35.0402,-54.2239,-11.3003,2.219,161.803,g
34.5219,9.5035,2.238,0.5665,0.3382,16.5288,-6.3176,-7.2975,25.801,146.997,g
22.7427,12.9078,2.2122,0.5767,0.3221,11.4307,13.8894,7.722,5.1628,192.132,g
93.8895,46.4801,3.5995,0.2615,0.1701,14.5211,49.1538,-42.82,15.2121,341.5698,h
91.6558,18.8293,2.7097,0.4386,0.342,-52.6841,-97.8373,-17.0955,63.8834,130.7998,h
24.5451,16.0308,2.5092,0.4241,0.2276,-16.3452,-17.266,13.4927,10.576,208.496,g
46.3489,16.1582,2.7532,0.3636,0.188,59.8731,-28.8636,-12.4526,0.1199,209.449,g
18.6873,13.5389,2.4014,0.7262,0.375,22.8294,-10.7944,9.7581,34.0054,125.49,g
23.0655,13.9736,2.5353,0.4985,0.3192,2.6213,17.9471,-11.1258,0.922,161.347,g
67.0326,20.1726,2.823,0.2452,0.1369,36.1986,-35.4383,25.655,23.76,156.6861,h
19.7805,10.535,2.316,0.6087,0.3551,-7.4526,16.9989,-10.0522,5.225,71.4138,g
56.5977,9.269,2.5682,0.3351,0.1743,50.5667,44.69,-6.4003,4.562,154.621,g
96.4324,60.1079,3.2192,0.1419,0.0715,88.7992,71.9804,-55.8387,33.8333,182.985,h
19.8489,12.8985,2.3847,0.5567,0.3155,-12.1732,-10.7301,7.9112,55.0925,168.972,h
19.7692,19.4544,2.5359,0.4017,0.2169,-18.2985,-13.9118,10.3167,65.2853,237.608,g
34.9693,18.383,2.596,0.3701,0.1888,-34.1539,20.7762,17.9987,17.804,126.901,g
23.964,14.5084,2.4893,0.5446,0.3225,5.4312,14.3089,12.849,21.423,186.076,h
37.0078,16.9054,2.8287,0.3071,0.1758,33.2045,24.3286,10.5076,3.6622,200.644,g
37.4691,11.084,2.3597,0.5219,0.2746,-31.5973,-27.4753,11.1304,2.0718,116.1105,h
45.1827,17.8152,2.6454,0.276,0.1459,67.4694,-18.6775,-15.131,15.562,212.939,g
21.3939,14.3599,2.5011,0.4058,0.2648,25.8576,29.6431,-11.1112,13.0433,235.267,h
42.8019,24.0479,3.1508,0.2064,0.1113,-3.5253,-22.1735,-14.5744,3.034,146.676,g
126.57,43.5619,3.2807,0.1298,0.0799,-3.1643,66.3045,44.5727,45.4581,88.4568,h
78.9693,15.0919,3.1737,0.3504,0.2013,-57.9359,39.6514,-10.781,39.0288,291.7012,h
97.5021,38.9376,4.0958,0.0947,0.0477,123.215,78.4556,7.3144,1.034,289.969,g
25.7288,15.0604,2.5723,0.415,0.2289,1.9492,23.5596,6.7967,27.1409,207.386,g
33.9152,20.7406,2.7803,0.3831,0.233,14.7447,18.8509,12.6363,5.7317,221.579,g
22.9612,22.0585,2.7348,0.3633,0.2563,28.6636,22.1263,2.0937,6.5547,175.3106,h
22.8495,13.9723,2.485,0.5401,0.3322,-10.2049,-14.5353,12.3876,35.283,161.542,g
92.9209,24.2387,3.1473,0.3251,0.1928,1.5516,59.639,16.4618,48.2513,341.8071,h
82.5729,17.0496,3.1355,0.2211,0.1168,-119.471,-28.5004,-6.629,30.3002,213.069,h
19.6633,9.2678,2.2304,0.6176,0.4147,-20.4804,-14.1482,2.7477,81.0899,211.998,g
34.2513,17.3507,2.7202,0.2762,0.1514,-16.3295,-18.29,11.951,4.939,238.184,g
101.187,35.7037,4.0786,0.096,0.0484,16.4697,78.5471,7.5265,1.7602,277.938,g
36.2607,19.414,2.9545,0.2665,0.1338,31.474,6.0049,-6.6167,17.205,112.518,g
86.7215,68.3604,3.8487,0.1561,0.0804,-87.1881,-34.4964,34.6979,5.338,393.465,h
25.9538,12.1946,2.4624,0.4621,0.2534,-0.3813,17.3215,-7.5821,39.315,223.495,g
42.3885,27.1735,2.9061,0.2495,0.1273,-44.2499,-28.4107,25.4948,79.013,171.099,h
46.2966,10.4992,2.7885,0.4475,0.2498,34.6354,39.1377,-8.4438,32.4589,185.278,h
20.9063,12.7151,2.4541,0.4288,0.2162,-16.9266,-6.9811,-8.9833,42.3501,194.225,g
45.9228,13.9059,2.6207,0.3305,0.1856,-19.4593,-27.9816,-13.4221,10.455,112.963,g
51.5682,22.0705,3.3893,0.2363,0.1324,19.4883,48.9388,7.2945,4.1776,230.0,g
31.1767,2.6499,2.5881,0.5414,0.3204,4.5216,17.88,14.7213,26.4212,134.3067,h
23.0929,14.0641,2.643,0.4573,0.2901,10.1462,12.0561,-9.6964,22.9228,127.801,h
24.4525,14.862,2.6069,0.3659,0.1916,4.3642,14.5893,-3.0224,43.6236,50.8796,g
20.8593,6.8126,2.1255,0.764,0.4532,20.6066,14.8941,5.9851,63.211,119.043,g
23.224,0.0,2.1089,0.7549,0.3852,0.0,0.0,-13.9836,90.0,116.265,g
152.1148,111.9084,4.2757,0.0501,0.0478,23.3989,-143.0185,104.2935,78.333,322.8603,h
195.598,87.2875,3.9584,0.095,0.0478,-20.0864,-100.211,19.9813,87.8503,375.54,h
55.839,9.8041,2.8215,0.3139,0.1499,20.3409,41.0224,-5.2775,87.8207,187.4317,h
77.9319,17.92,3.1575,0.1976,0.1033,1.6676,34.614,-4.8396,5.397,255.975,g
18.8495,11.5078,2.3674,0.6352,0.3326,11.491,18.224,6.6396,65.3027,148.866,g
20.5279,7.2627,2.1021,0.6957,0.3755,0.4696,-5.8225,5.8149,63.637,174.243,g
29.5252,20.0901,2.7029,0.3092,0.1556,17.5364,-14.5803,15.7103,19.7036,158.866,g
29.8063,17.6169,2.4914,0.5,0.35,27.3739,29.5774,-20.3248,38.85,107.562,g
120.64,61.3596,3.1862,0.1768,0.0845,24.5638,-75.6839,-42.4546,85.7317,220.0491,h
42.9036,22.5302,3.3729,0.2081,0.1049,23.1737,-26.8253,14.4202,1.586,232.895,g
19.1572,12.657,2.5617,0.5487,0.284,-5.0417,-12.5653,-6.1822,70.066,253.643,h
51.9744,13.3012,2.6217,0.399,0.2282,53.4983,47.5338,10.7901,7.673,174.283,g
26.7282,20.8685,2.5857,0.3936,0.225,7.7626,13.6701,-5.6589,15.5872,132.8926,h
120.2285,73.8126,3.2527,0.2561,0.1536,-170.5162,63.0578,56.8318,7.8807,192.4968,h
63.839,15.2121,2.7356,0.4601,0.2898,79.8441,59.8933,-6.3048,79.4397,127.1812,h
20.1393,7.3303,2.0394,0.7215,0.3973,-1.3678,7.9287,5.4482,48.746,113.817,g
82.5891,16.4813,2.9276,0.2942,0.1742,37.7848,87.6402,9.5267,2.533,97.1196,g
19.9742,16.2989,2.5593,0.5103,0.28,24.4937,11.6297,-8.7452,8.793,182.308,g
49.9404,34.5562,3.0978,0.2328,0.1445,16.8769,50.7718,23.8988,33.2229,231.8664,h
50.9496,23.8362,3.1787,0.2001,0.105,-10.4249,42.3559,-21.9211,13.6968,257.408,g
56.7163,10.2833,2.6762,0.3646,0.1886,58.2021,31.828,-1.008,1.5847,162.155,g
37.5027,11.3126,2.6459,0.3661,0.1887,-51.66,17.7277,-8.4649,18.005,98.0529,g
46.457,13.5856,3.0759,0.3417,0.1759,-4.1577,37.2018,-8.9399,6.509,234.107,g
26.1516,17.4999,2.792,0.4019,0.2107,-6.3634,16.6793,-11.4837,10.6685,153.697,g
13.1053,10.7551,2.1383,0.7709,0.4618,13.7969,-3.1518,10.621,67.9698,122.004,g
70.8301,24.4164,2.8899,0.2668,0.1643,-61.1017,61.0348,-14.1305,5.7941,276.347,g
64.6445,28.8301,2.7168,0.3186,0.1679,104.88,-54.6747,-6.9935,10.304,261.443,g
21.586,17.1483,2.9789,0.3081,0.1819,1.946,-14.1609,13.312,66.7792,165.7869,h
25.8224,7.0937,2.29,0.6513,0.4385,-9.6906,-13.6263,3.502,31.469,208.955,g
48.6294,15.5835,3.0432,0.3324,0.1861,35.9226,50.1272,-4.3105,71.1767,140.79,h
29.2304,9.9358,2.6021,0.5625,0.2938,-12.6392,-25.5278,-6.916,22.2624,171.911,h
30.4575,19.135,2.5151,0.5992,0.2977,14.863,37.617,10.3276,3.2816,129.4045,h
16.9894,11.0002,2.4564,0.6294,0.3514,-3.4902,8.0823,-7.0516,55.393,91.3761,h
24.0015,19.4838,2.6222,0.4248,0.2422,1.0555,13.9059,-11.8675,52.118,161.718,g
17.1868,11.1893,2.3284,0.5587,0.3028,-1.6795,6.9433,4.7963,19.779,219.714,h
20.1174,12.5429,2.4273,0.6019,0.3271,22.0792,16.2293,9.1758,20.1518,176.131,g
42.8176,17.5801,2.6915,0.3683,0.2004,-41.91,7.2154,-12.3568,4.9361,125.49,g
82.7549,20.2817,2.8631,0.3716,0.2212,-78.0738,-85.3215,17.4832,89.8116,199.8195,h
47.7033,16.7121,2.8119,0.2837,0.1534,86.468,-40.6027,7.298,2.9976,137.086,g
44.7735,24.8108,2.9948,0.2298,0.1169,4.5047,39.2384,19.1623,5.092,192.522,g
29.3108,14.6309,2.6464,0.4402,0.2223,6.1452,-19.1932,11.3697,24.109,69.2467,g
72.8278,16.3008,2.9082,0.3541,0.1934,59.3304,53.0262,-6.484,23.3547,246.8571,h
46.7355,10.3728,2.7727,0.3764,0.2371,49.0389,22.3906,5.2039,76.6779,119.501,h
22.1821,11.1415,2.5139,0.5329,0.3017,-1.8966,-19.1506,7.2902,59.536,61.6196,g
172.0988,35.0267,3.2143,0.2764,0.1865,-20.6249,-216.6803,-9.367,26.2204,323.9282,h
114.941,36.0681,2.934,0.3818,0.1915,-44.7372,-104.586,-26.7291,31.7734,360.238,h
12.5554,11.8899,2.0588,0.69,0.3712,16.2973,-10.0733,-6.9955,77.047,141.352,g
53.2843,13.1071,2.9023,0.3381,0.2009,-5.4636,33.515,-7.0071,88.8151,38.8028,h
74.0236,19.538,2.9138,0.2707,0.1591,92.9781,52.5322,-2.5938,4.1846,230.925,g
80.1873,27.8542,3.8487,0.1461,0.0749,49.4729,70.3519,17.4462,0.9381,256.715,g
22.0241,12.3906,2.3191,0.5036,0.2902,0.5134,-7.2103,3.5137,31.042,167.511,g
19.3353,11.5449,2.4807,0.595,0.3653,1.7669,4.5782,-10.798,89.4066,202.201,h
30.3526,17.3972,2.7415,0.3554,0.2058,-1.368,-8.2302,11.042,55.8841,119.352,h
210.64,96.1207,4.4476,0.0632,0.0336,-219.372,-90.5919,90.6092,85.7625,359.263,h
44.4369,18.2552,2.8146,0.2483,0.128,-65.2517,32.8014,-8.0365,15.298,203.008,g
13.1787,10.8308,2.2082,0.774,0.4241,14.4768,-2.7238,-11.6297,27.106,197.264,g
18.8575,10.2213,2.1523,0.5563,0.3134,23.6031,9.8103,3.1174,34.281,186.161,g
105.125,17.8888,2.7177,0.4559,0.3209,-67.2858,-65.8081,-15.5054,8.648,332.175,g
92.0427,15.5742,2.5836,0.3682,0.2373,-91.9208,-68.7978,9.0538,59.6514,101.9483,h
38.1486,8.632,2.5774,0.4448,0.2742,20.9577,25.1428,-13.8307,42.457,233.9802,h
89.6301,39.7531,3.9613,0.1248,0.0635,-10.3384,77.9518,-10.3157,4.737,321.534,g
47.0455,24.8614,2.8597,0.2555,0.154,43.8736,30.9172,23.5571,0.277,173.939,g
98.719,26.9246,3.2377,0.2233,0.1143,-68.3614,40.0072,21.4527,0.8402,350.413,g
13.3126,10.5973,2.3608,0.7887,0.4161,14.6286,3.4081,11.845,10.9867,150.746,h
48.6009,31.3302,2.828,0.2273,0.1181,-57.7337,-44.6535,-7.4847,21.4301,96.2032,h
35.9852,11.7567,2.7067,0.389,0.1974,1.6087,-22.0308,-5.5179,60.5251,170.446,h
47.399,20.7903,2.633,0.3143,0.1921,38.881,49.3949,-7.1493,68.813,158.557,h
91.9461,60.0205,3.5508,0.1075,0.0544,74.587,101.972,55.2577,41.784,232.257,h
34.1619,21.2966,2.9974,0.2907,0.1554,-4.6579,-11.6112,11.8667,11.6079,163.722,g
26.9079,11.3487,2.3355,0.5035,0.2656,-23.2516,12.3089,-11.0073,34.9219,167.894,g
57.7782,15.2163,3.1327,0.2063,0.1138,-21.6798,38.6586,-4.4539,3.0035,212.741,g
50.7177,16.2483,2.7853,0.3738,0.2336,40.2145,46.0921,15.855,7.6056,224.009,g
17.1299,15.2017,2.2577,0.6575,0.4116,2.2301,15.1462,7.809,80.5999,159.324,g
23.5084,10.3693,2.3372,0.6478,0.4636,14.2529,-0.4142,-10.8507,56.8778,154.6088,h
48.3457,9.8713,2.7987,0.395,0.2066,-10.2163,-20.0218,5.7925,46.4487,162.8426,h
39.4235,23.0476,3.1144,0.2551,0.1341,16.0841,34.2025,15.7066,8.6997,152.976,g
31.9845,20.2225,2.7638,0.2894,0.1611,39.0465,22.3686,3.6706,41.1956,220.921,h
130.2771,28.3314,2.8981,0.3967,0.187,-169.5177,115.745,-14.9625,3.2776,260.5205,h
83.6515,35.5369,3.882,0.1497,0.0792,-41.8227,71.5107,-24.2606,2.389,296.51,g
113.469,52.1189,3.7105,0.1876,0.0967,-82.2994,-122.104,-58.8125,16.31,263.143,h
12.9089,11.3751,2.2889,0.7404,0.3882,15.0519,-5.6225,-11.5768,33.8245,174.147,g
28.5875,19.2228,2.6679,0.3523,0.1966,20.8656,17.858,15.266,25.702,165.595,g
120.543,52.7537,3.1739,0.2003,0.1089,-73.9918,-95.0681,30.8137,10.041,247.349,h
50.6386,30.6626,3.5629,0.1653,0.0891,35.6245,32.8091,20.9073,5.1984,144.375,g
26.5702,14.7651,2.3874,0.4549,0.2643,3.6868,22.1802,9.6575,45.9686,232.161,g
67.6806,23.3267,3.1096,0.2315,0.1208,-32.4371,56.1257,-13.7034,3.0146,306.255,g
153.344,40.1891,3.0958,0.2447,0.1504,177.5813,-84.68,-19.4847,2.1684,199.65,h
41.1185,15.2694,2.5126,0.3717,0.2043,58.1164,-25.6832,7.7235,6.1592,109.509,g
62.6624,24.93,3.1235,0.1828,0.0929,-76.4225,51.0764,22.2626,2.245,284.268,g
42.5722,12.9384,2.9307,0.2815,0.1601,-23.4967,-23.6503,-5.9145,43.671,211.236,h
53.2086,22.5457,3.3736,0.2183,0.1212,-7.5763,24.0831,-14.1456,10.5073,245.071,g
29.1562,13.4645,2.6772,0.4143,0.2114,10.5175,11.3395,10.6508,8.3777,174.145,g
71.8675,12.4783,3.0881,0.2335,0.1261,71.5889,-14.9573,-5.0996,85.2263,223.882,h
72.0935,37.4831,3.3153,0.1254,0.0776,-69.5726,81.5263,-37.7074,22.9942,291.492,h
13.023,10.28,2.1477,0.7829,0.5231,-12.3598,-6.5581,-8.6419,66.082,124.327,g
52.1729,43.5335,2.8921,0.3026,0.1583,75.2285,-22.9855,-30.3114,66.511,262.97,h
57.6244,26.1477,3.2048,0.3495,0.19,-55.8807,-33.0476,11.9363,3.3411,285.534,h
22.6152,16.4329,2.6527,0.3537,0.1769,20.4391,8.273,-13.4768,33.3063,197.039,g
19.5201,16.5254,2.2923,0.5816,0.324,-26.0339,12.899,-15.7086,81.779,199.401,g
94.6741,33.5956,3.9912,0.1232,0.0616,108.849,80.329,19.1019,1.437,305.609,g
12.9963,11.0961,2.1287,0.7509,0.4349,14.4476,-6.4413,-10.4878,27.469,201.41,g
24.8756,8.7688,2.4822,0.5898,0.3707,6.9915,8.8083,6.9995,11.2183,190.068,h
50.951,15.9968,2.9337,0.3588,0.2242,-49.0793,40.1485,-4.2133,4.0907,281.905,g
65.2896,24.4552,2.8591,0.2614,0.1459,-77.9227,40.5346,18.4315,75.0974,107.101,h
31.7766,17.3408,2.5428,0.3553,0.1877,-26.038,-8.6966,-11.0265,7.7165,210.361,g
21.6235,11.0909,2.4749,0.5762,0.3333,12.7675,18.4439,8.2897,2.215,200.222,g
105.504,9.907,2.8543,0.442,0.2636,-51.9041,-42.359,-11.2523,0.951,309.663,g
27.7821,21.1262,2.4589,0.364,0.1692,-13.7123,15.4304,-17.9562,67.1879,141.5462,h
71.3588,34.9759,3.5158,0.1845,0.102,19.2408,70.827,23.5493,1.576,289.206,g
21.3579,9.8122,2.2148,0.6159,0.3262,6.1071,-17.1612,10.8257,65.052,178.728,g
25.5536,17.4304,2.3531,0.4435,0.2417,-10.6269,-18.4292,15.2663,79.873,75.5272,g
50.1537,15.745,2.5165,0.3714,0.1933,-67.6042,41.0032,-8.7869,11.976,191.021,g
74.3874,23.93,2.9445,0.1989,0.1085,55.7202,74.6241,-12.5345,3.3108,282.046,g
27.7854,13.3766,2.6637,0.4208,0.2289,-26.066,-13.0483,2.49,16.456,139.8,g
85.5566,33.2663,3.0485,0.3102,0.1951,-55.8671,-55.63,-25.2963,29.2049,324.505,h
13.1104,10.3041,2.1477,0.79,0.5089,-12.6812,-6.5291,-10.0086,20.531,118.241,g
32.3883,16.8137,2.7745,0.3626,0.179,17.7878,23.9771,-17.4754,7.7602,233.5748,h
36.0439,19.7232,2.525,0.3672,0.1955,-4.0308,-15.2275,-5.254,16.3704,210.308,g
52.5845,11.4244,2.8736,0.3706,0.1933,23.9118,-25.4734,-3.5025,83.6585,237.024,h
96.3809,23.2359,3.4737,0.1831,0.1094,88.6369,101.507,18.58,2.072,268.105,g
188.4315,40.2437,3.1463,0.1083,0.0562,-136.4353,-142.1801,-16.3953,49.1373,92.9174,h
40.4955,13.1054,2.9443,0.4104,0.2311,5.3502,31.2155,-6.7521,45.0553,172.5288,h
88.544,16.8029,2.8815,0.213,0.1382,-23.0108,-74.742,-9.3482,4.4731,129.6023,h
42.6005,22.6843,3.031,0.2253,0.1206,-4.1977,-13.1639,9.4312,14.976,220.277,g
60.1777,22.4696,3.1116,0.2042,0.1071,79.6533,44.1507,14.277,1.877,246.783,g
13.771,13.3939,2.6848,0.4082,0.2609,-7.7061,6.4316,4.2146,58.6537,151.1393,h
41.8549,11.2544,2.7973,0.3652,0.1906,-25.14,-17.4826,-6.1466,54.8484,194.436,h
34.5103,10.4785,2.8202,0.2433,0.1403,-20.6855,24.0583,-7.4882,43.7754,176.4472,h
16.4883,11.4327,2.29,0.5897,0.341,2.5672,-6.7324,6.3345,33.4578,129.21,g
13.0287,10.9544,2.2,0.7571,0.4511,-14.0985,5.7807,-10.1748,64.87,182.98,h
19.2624,18.1898,2.4158,0.5605,0.3589,-11.8464,-17.6264,-9.6021,56.5669,72.8908,g
21.4248,12.2856,2.3683,0.4625,0.2377,-30.3387,10.8712,-9.7251,69.3995,98.4715,g
83.1274,31.9012,3.6883,0.1736,0.1055,88.4984,75.1592,-4.7056,0.6755,275.836,g
15.7184,7.1269,2.3419,0.6523,0.3406,9.8528,-8.6536,-7.2641,76.7026,128.8883,h
110.576,28.8037,3.709,0.1446,0.0794,-53.6078,88.063,12.8325,0.3439,308.041,g
43.7318,22.2438,3.245,0.244,0.1573,21.3385,32.8929,13.8537,24.272,190.775,h
26.2271,20.6569,2.9146,0.3433,0.1929,-1.5213,-15.5366,-17.5093,2.1651,225.079,g
152.367,29.2914,3.1642,0.1932,0.0967,-238.4463,148.6087,27.6903,74.1746,224.8862,h
19.1572,9.8943,2.3874,0.6025,0.3258,-23.4469,-10.2547,-5.0084,37.6534,69.6832,h
69.6201,15.3341,3.0025,0.2558,0.1297,-27.6623,39.8036,2.9768,85.3206,241.3393,h
39.7162,17.1007,2.9998,0.3442,0.1946,44.3164,35.6147,10.2532,7.058,175.132,g
29.0412,18.2441,2.6632,0.3518,0.177,-24.1254,-17.2008,13.4803,2.6291,163.381,g
70.9622,27.5386,3.032,0.275,0.1649,24.5941,55.0603,27.2963,12.1278,254.066,g
35.9957,11.3531,2.4843,0.4951,0.323,2.5284,23.9204,7.9662,24.9956,64.141,g
28.8416,15.6011,2.6857,0.3979,0.2031,-13.8178,13.1211,13.0436,25.199,62.981,g
30.5807,12.704,2.2253,0.5298,0.2827,-19.9214,-13.3648,-4.5491,0.0648,129.373,g
54.9218,12.7197,2.6355,0.3681,0.184,-6.127,-49.7117,-5.4493,6.312,204.865,g
40.9971,10.7453,2.7242,0.3977,0.3122,7.5196,35.0392,0.1713,85.3956,179.314,h
23.64,12.9881,2.2625,0.5738,0.2924,-11.8807,-14.7937,4.1461,46.9385,159.341,g
53.4514,39.2208,3.2266,0.1583,0.0979,1.6107,-54.8529,22.3677,28.6929,159.4686,h
179.439,84.9199,3.393,0.1788,0.103,-185.769,87.5253,49.807,16.526,123.392,h
58.0322,22.3142,2.8834,0.3205,0.1838,3.3338,-64.5845,13.6248,30.337,109.979,g
49.1417,17.6202,2.8887,0.3178,0.1893,11.5005,-40.4715,-12.9774,12.719,220.454,h
34.5652,11.8034,2.6216,0.657,0.3377,5.4307,35.96,9.9458,22.4731,154.4261,h
98.1861,44.0194,4.0869,0.0915,0.0462,-88.4382,85.2885,37.8653,12.408,243.147,g
65.4786,41.5616,3.3704,0.2872,0.1835,-21.3659,40.5399,18.4927,24.6642,333.785,h
130.308,13.303,2.6021,0.325,0.1812,-204.573,116.05,4.7837,49.759,173.552,h
226.26,133.3309,3.5119,0.143,0.0745,344.4054,88.4554,-100.5533,75.0874,197.0715,h
161.555,110.208,3.3851,0.136,0.0698,-43.546,-94.5333,-92.0508,58.62,141.773,h
47.4705,14.2477,2.7245,0.3287,0.2067,-46.9323,-25.0402,-7.4446,20.5946,224.3131,h
62.0635,17.3895,2.7782,0.3667,0.2292,71.2981,52.4938,-11.1993,3.9526,254.026,g
22.7698,11.3577,2.534,0.5556,0.288,10.182,5.6998,3.9827,15.1204,116.047,g
92.1933,17.0001,3.2119,0.3514,0.1608,48.6318,85.9957,-15.7302,1.6033,305.6577,h
19.9076,9.5357,2.5775,0.5873,0.3003,25.6393,5.5834,4.1055,72.58,171.561,h
51.3321,37.0206,2.9061,0.2682,0.1409,40.5492,51.4662,20.0068,46.9568,263.925,h
16.7608,11.3962,2.2989,0.5829,0.3291,-0.8645,5.0177,-5.7427,62.618,169.688,g
12.7459,11.6372,2.2135,0.7217,0.37,-15.2183,5.7064,-11.5102,51.7751,241.963,g
19.775,10.3848,2.444,0.6511,0.3291,-9.2683,17.74,11.1407,1.668,217.31,h
23.8755,12.984,2.2355,0.5116,0.2645,-29.5598,-7.2064,4.6306,41.4167,139.167,g
69.4657,22.6279,3.2507,0.1757,0.094,86.1876,57.1376,-15.1993,5.6357,190.942,g
39.87,14.241,2.4969,0.2898,0.1576,26.4655,22.2943,-9.3516,20.4225,131.925,g
36.5468,21.9981,2.5575,0.2936,0.1537,32.2436,-20.8092,11.324,7.4566,258.343,g
18.423,12.554,2.5058,0.5991,0.4228,12.1573,15.8397,-9.6204,15.175,146.477,g
67.1596,23.3741,3.0092,0.2291,0.1258,-79.0196,54.0279,-17.694,3.1282,282.954,g
48.2713,11.7368,2.5192,0.5446,0.295,12.0288,40.4022,1.4286,10.349,218.433,g
24.6666,13.887,2.5776,0.566,0.2797,18.4098,18.1168,-9.3737,83.6963,206.77,h
41.4527,17.1977,2.8606,0.3156,0.1799,24.7647,41.727,-10.5124,9.14,233.918,g
27.3416,12.5103,2.2565,0.4432,0.241,-17.0732,-18.5239,8.9238,25.809,225.322,g
51.4678,33.389,3.1901,0.1473,0.0632,28.5589,-33.5638,-15.2996,61.5665,245.2822,h
82.9855,35.3999,3.778,0.1331,0.0749,30.2125,112.071,-17.9451,16.4022,161.758,g
19.446,9.6578,2.2625,0.6448,0.429,-5.1442,14.879,10.0496,58.609,216.976,g
33.4054,10.5806,2.5211,0.5422,0.2997,2.7415,19.9482,11.8778,9.6728,109.778,g
150.2732,45.129,3.2916,0.1771,0.0909,-74.9595,-195.4615,35.0758,11.8894,252.5512,h
132.895,52.4411,4.0376,0.0866,0.0469,-161.217,-75.1739,-47.521,33.838,251.78,h
23.6829,0.0,2.0512,0.7289,0.3689,2.6669,-12.8175,0.0001,77.229,79.9193,g
27.6731,21.5776,2.8245,0.3628,0.2177,7.7873,-22.4266,-15.8182,46.8822,123.6403,h
49.9721,12.6864,2.877,0.4015,0.2517,-60.7592,-24.1474,18.2046,46.9348,288.4026,h
32.0451,24.6035,3.2565,0.2632,0.1421,25.9612,16.3264,-21.1269,65.2633,51.9804,g
19.6621,9.3984,2.3962,0.6265,0.3795,21.8295,12.733,4.3104,10.2591,179.981,g
74.479,25.464,3.5496,0.1876,0.0972,51.9089,58.431,12.016,3.4608,289.818,g
81.5194,42.9456,3.1605,0.1755,0.0985,-20.6534,-91.7537,19.7158,43.604,226.397,h
48.163,19.9739,2.617,0.3116,0.163,-29.3333,-47.5995,-5.3118,71.3754,204.702,g
22.5081,12.8203,2.1761,0.58,0.3233,13.7543,12.0002,8.8154,51.399,46.6801,h
20.1522,14.6778,2.5575,0.4709,0.2673,-1.1209,8.5014,-3.4111,14.451,253.664,g
17.2132,11.164,2.3927,0.5587,0.3138,-1.3684,6.4231,5.4112,36.0888,127.75,g
41.3305,15.0596,2.799,0.3733,0.2089,16.657,36.4331,-0.5875,9.116,183.476,g
171.6771,76.8383,3.4132,0.1165,0.0719,-6.3928,-160.9615,78.6798,65.2154,140.8486,h
113.975,19.219,2.8856,0.3084,0.1594,-124.459,-18.4487,-11.3777,0.804,333.774,g
42.3916,17.42,2.7332,0.329,0.2043,24.5902,32.4753,11.2423,13.6997,129.937,g
17.1416,10.0195,2.5395,0.5599,0.328,18.4428,20.8069,3.0625,65.0385,118.6953,h
155.252,115.853,4.2441,0.0642,0.0458,-137.2501,-95.8462,86.9066,58.7259,349.5226,h
27.5882,2.4138,2.2048,0.5502,0.2962,-40.7056,-19.2607,-3.4017,63.0865,229.6309,h
92.2474,32.8513,3.4813,0.2248,0.1144,-33.7427,-55.3519,26.9618,2.235,307.613,g
36.0107,20.6307,2.8573,0.3361,0.2396,15.7214,29.185,18.3962,8.56,183.421,g
33.4858,15.0766,2.7969,0.3623,0.1891,33.3189,19.1818,-6.8774,12.9506,169.066,g
53.4552,13.4808,2.7536,0.3704,0.2055,-79.4267,30.927,11.7094,10.0836,252.95,g
25.2587,0.0,2.2162,0.7112,0.3799,-28.5412,-11.4024,0.0,10.78,138.91,g
36.7759,18.671,2.7864,0.314,0.1905,6.761,29.8761,-13.3109,18.229,130.371,g
92.6944,25.5449,3.1623,0.3297,0.1855,-4.4943,32.2398,-28.6554,2.62,357.017,g
16.1901,11.5126,2.4857,0.6046,0.3448,-3.4962,6.943,-6.539,77.3535,91.544,h
30.359,14.3836,2.7532,0.3619,0.2251,1.5996,-12.2453,7.5601,1.4484,132.209,g
92.0265,32.3334,3.8482,0.136,0.0682,-100.139,72.706,25.793,1.0326,299.341,g
38.6616,18.6597,2.7189,0.2598,0.1404,-40.1157,7.5009,-8.7051,8.262,184.267,g
30.4527,22.2754,2.8762,0.2527,0.127,7.6945,13.1514,12.8942,13.6718,157.181,g
190.003,57.3551,3.5334,0.1107,0.0572,-173.461,-93.0602,-54.503,75.7876,243.901,h
42.6868,19.2865,3.071,0.2607,0.138,17.4673,41.7046,10.7413,4.8021,234.337,g
49.4109,10.7175,2.5933,0.523,0.2768,45.357,45.3496,-9.1185,16.5835,183.249,g
78.4848,13.4146,2.4983,0.4444,0.2778,94.0254,-41.0307,8.0336,0.13,202.04,g
48.3215,6.8523,2.8283,0.4291,0.2606,-3.9211,27.5251,3.1195,56.2381,185.012,h
33.3819,21.2983,2.4742,0.3188,0.1594,10.2273,-25.0007,-15.3124,44.799,56.6157,g
94.0642,18.9737,3.1281,0.2264,0.1255,38.5984,81.5687,13.3962,4.9933,272.645,g
86.5932,50.6583,3.9151,0.1159,0.0581,27.0313,52.5121,-19.1763,6.721,350.998,h
86.0363,51.4365,2.9047,0.2877,0.1476,-55.3168,-33.6731,-52.622,43.822,250.653,h
19.7221,15.8656,2.6248,0.5196,0.3096,7.4801,13.3605,-13.2124,31.983,132.292,g
20.7522,11.1067,2.2601,0.5989,0.3214,14.3723,18.4301,5.3336,43.8882,230.192,g
23.719,18.5691,2.5179,0.3612,0.2049,10.423,5.296,16.4929,66.36,148.778,g
70.7657,18.6937,2.8842,0.3094,0.1651,89.0551,-40.0712,16.703,8.261,265.915,g
49.0423,22.099,2.9165,0.2691,0.1461,51.5957,26.9417,7.0964,2.183,210.43,g
49.6425,9.84,2.4961,0.5485,0.2908,-53.4067,-42.9702,-10.796,26.7642,249.1974,h
21.3925,6.8873,2.1189,0.7148,0.4068,22.9697,12.6171,6.3725,19.2595,187.089,g
35.9412,8.4467,2.7177,0.454,0.2423,-6.5336,-11.1451,1.422,30.606,228.311,h
95.4803,25.99,3.0924,0.3015,0.1823,-36.6549,-60.5343,-24.0202,3.0836,323.495,g
26.8162,11.3829,2.4983,0.4825,0.2714,5.2307,17.1539,7.9106,5.414,84.3117,g
120.99,37.3676,3.6852,0.1414,0.0829,-36.0091,43.6669,20.1997,7.854,323.983,h
39.9254,14.1326,2.7963,0.3543,0.203,4.074,34.1295,12.6056,55.2698,216.3402,h
55.7912,20.7167,3.1128,0.2221,0.1207,60.7298,31.254,14.2229,2.106,197.872,g
79.1585,26.406,3.7561,0.1594,0.092,-81.2995,63.6223,-9.7485,1.975,260.012,g
17.2692,11.1405,2.2504,0.5562,0.3118,1.2627,-6.3159,5.3486,40.0799,206.442,g
13.1469,10.548,2.2467,0.7819,0.4788,-13.3907,-4.7953,10.6172,27.3603,225.093,g
29.2688,14.2779,2.5723,0.4016,0.2021,-21.2132,-23.9344,-8.2073,47.559,102.779,g
46.0322,9.2692,2.8887,0.4031,0.2125,30.6996,31.1426,4.1651,39.539,193.375,h
25.1368,9.4491,2.3988,0.519,0.3094,15.8663,-13.8935,5.3045,19.017,96.0308,g
58.0304,22.7795,3.1171,0.1634,0.0851,-30.2146,37.9492,-17.8249,4.9761,167.015,g
19.8142,15.9246,2.6021,0.465,0.2512,-22.2373,-15.6609,-5.6769,67.285,101.628,g
22.0088,12.4612,2.5058,0.4899,0.2793,-2.3117,12.7178,-6.7107,26.125,58.7034,g
46.6896,16.0466,3.2486,0.2043,0.1509,-30.0665,-13.9592,-13.2122,52.8842,158.3678,h
47.8173,14.4548,2.5971,0.5006,0.2516,36.3495,15.146,-11.3102,2.529,125.028,g
62.3597,21.6946,3.1739,0.3087,0.2041,-45.3412,52.1023,22.5905,36.9876,274.7409,h
19.9618,12.9808,2.4108,0.501,0.2583,13.5155,6.2451,-2.5119,58.9308,108.349,g
26.0797,9.9276,2.4479,0.4456,0.2478,-13.5483,16.4528,5.2148,59.946,96.0915,g
22.6701,11.4537,2.3883,0.5358,0.3252,-26.9995,-11.0491,-10.9793,29.9286,208.525,h
88.933,44.6785,3.7402,0.1808,0.0989,-17.4878,27.9885,26.3581,2.042,402.083,g
79.5431,24.9919,2.989,0.2051,0.1144,-86.903,-34.6403,-11.054,3.7844,183.254,g
29.5565,8.3588,2.4612,0.5121,0.2591,9.4232,24.9024,3.6607,46.1951,102.2483,h
123.889,17.1761,2.6998,0.3752,0.1886,101.374,104.646,3.8947,9.9324,352.524,h
59.6244,14.5995,2.905,0.402,0.2483,39.4524,50.7317,5.2481,11.179,271.542,h
22.3636,10.636,2.4393,0.5091,0.2564,24.1931,18.0312,-9.5344,9.9173,203.772,g
134.9928,88.347,4.5317,0.0686,0.0412,-72.6007,-79.1155,-49.0191,2.46,269.0421,h
19.7828,11.3084,2.3683,0.5996,0.4218,0.8332,-6.9815,-4.9604,40.206,256.54,g
42.5007,16.7314,3.065,0.2833,0.1468,23.0851,26.0174,13.729,0.292,205.459,g
47.9116,5.1224,2.9235,0.4508,0.2606,-7.9216,-21.5096,-7.5321,60.3031,147.286,h
45.3366,25.6922,2.8675,0.2334,0.1174,2.0978,-32.7098,15.2636,61.915,90.4217,h
101.534,19.5152,3.1865,0.1907,0.0993,-5.296,-59.3273,9.3474,16.114,76.1303,h
215.819,94.928,4.4029,0.0558,0.0284,-256.982,-166.553,-36.2335,73.2642,340.006,h
29.1024,16.711,2.6196,0.3169,0.1597,-25.7461,-14.2277,-8.8044,31.366,89.4316,g
32.4618,22.3051,2.8768,0.3015,0.1733,-7.9589,-25.5485,-19.5919,38.508,128.806,g
30.6751,11.0685,2.5198,0.4018,0.21,-18.4881,19.7908,-8.7509,22.07,188.824,g
42.8666,10.6013,2.5877,0.3798,0.239,37.5972,32.091,-11.5687,14.2532,164.487,h
21.8272,6.5965,2.1089,0.7315,0.4475,21.8772,14.4944,6.5678,15.2163,48.9611,h
27.1388,21.2758,2.8156,0.3379,0.1766,-10.7681,23.5939,21.1059,30.825,117.54,g
18.6522,17.8766,2.4108,0.5243,0.3049,13.8246,15.1624,4.5545,65.882,162.854,g
63.5666,23.98,3.3601,0.158,0.0858,17.4816,56.0688,-9.2849,5.9768,185.195,g
82.4735,24.709,3.1131,0.2328,0.1353,71.2477,77.3717,-8.1449,14.393,209.252,g
40.6745,23.9565,2.9353,0.2252,0.1155,19.7523,28.3861,-21.6694,46.5742,149.342,g
46.5349,16.8051,2.9978,0.2663,0.1573,17.0699,30.3234,-11.765,8.698,167.1,g
27.4983,9.0768,2.5717,0.4387,0.2118,-43.5749,30.3557,9.6638,88.2535,153.7867,h
187.087,119.302,3.4404,0.1513,0.0909,-122.486,-141.272,83.0318,69.707,334.166,h
86.5346,40.6201,4.1111,0.0915,0.0458,35.8899,74.5456,25.1406,4.8152,219.069,g
143.0862,57.1152,3.6009,0.1555,0.0465,-151.7036,-89.0117,56.5862,8.6749,198.9458,h
25.3001,16.9477,2.7497,0.3683,0.1948,-30.0078,-13.0351,13.1406,25.0526,95.3938,h
75.0807,43.9814,3.0382,0.1484,0.0829,29.0072,33.8148,37.0681,62.474,203.741,h
26.8316,21.1247,2.4807,0.357,0.1835,-17.6689,-9.6464,-16.6635,71.3012,173.751,g
35.6691,6.6921,2.6051,0.5499,0.3726,-1.0422,22.2065,-1.7502,19.8835,124.4082,h
107.1313,44.7646,3.1324,0.1368,0.0796,-99.5153,-32.2597,-22.5598,55.4419,148.8936,h
85.6279,34.8662,3.9472,0.134,0.0677,16.5888,74.0012,25.721,1.92,286.413,g
74.6459,16.821,3.0366,0.2776,0.1595,44.9254,58.2994,-12.5938,1.9633,232.12,g
103.226,23.6559,3.6799,0.1381,0.0737,48.5331,103.768,-17.6458,0.2615,245.257,g
32.2758,16.4034,2.6566,0.4432,0.2723,8.3265,29.3381,-17.9981,12.3195,206.939,g
29.8766,18.9538,2.8011,0.2909,0.1542,18.6367,17.8455,13.3825,14.8934,70.067,g
17.8722,17.5257,2.3829,0.4679,0.234,19.6102,18.2394,-8.558,48.694,250.228,g
86.0727,22.7684,2.8494,0.3634,0.1881,-101.9057,39.754,12.5034,29.3861,176.8892,h
93.3517,15.7921,2.5888,0.4009,0.1972,-63.6609,-78.6656,-14.3537,61.2864,86.0739,h
72.9287,23.3978,2.7949,0.4179,0.2471,77.6365,26.9049,-14.932,15.5734,57.9291,h
20.3139,15.8683,2.3107,0.4792,0.2469,14.5928,17.5083,-11.8841,5.39,182.387,h
34.8054,28.6052,2.6594,0.3242,0.207,27.3065,21.024,-30.5988,0.9214,253.581,g
37.9446,9.3048,2.8251,0.4592,0.2625,35.4725,32.7658,9.5871,14.827,203.537,h
18.7188,7.4401,2.2393,0.7781,0.4755,-2.4933,7.4645,-2.728,76.831,86.2408,g
68.9782,26.1042,3.1508,0.1548,0.0859,9.264,-35.0,-17.5899,10.051,247.674,g
85.2941,79.5291,3.4422,0.2309,0.1476,16.5248,47.4467,77.1849,89.2721,423.917,h
81.9918,31.9306,3.7042,0.1184,0.0617,24.4257,73.9395,-16.5316,3.5195,241.16,g
16.5314,11.1284,2.3874,0.627,0.3258,-20.6686,-9.6798,-5.4375,60.649,67.0224,g
16.1811,11.7269,2.4739,0.677,0.4399,16.7572,14.1795,-6.5555,19.4003,186.2513,h
25.519,22.8539,2.8241,0.3568,0.1837,16.7719,8.5341,-18.1694,30.5133,64.2651,g
32.6908,17.9545,2.8065,0.292,0.1475,18.3858,-22.1105,-12.4178,10.018,244.041,g
115.4899,76.447,4.0864,0.0784,0.0503,9.5026,64.9656,-65.9895,51.2142,235.7913,h
14.1816,6.5379,2.5653,0.6993,0.3826,13.5582,-7.9053,-6.4439,89.6184,245.82,h
19.7115,16.8405,2.3715,0.5003,0.2388,23.8913,15.503,-10.0791,58.4341,184.2661,h
27.506,16.0139,2.7143,0.3436,0.194,27.7167,15.1813,11.6648,3.214,147.738,g
63.2384,21.5036,2.8762,0.3378,0.1948,55.4064,-40.6839,9.5333,6.242,193.039,h
20.1024,12.5616,2.5045,0.4789,0.2613,2.3241,-10.1706,-9.9981,16.42,209.194,g
26.4006,13.2825,2.6508,0.5296,0.2849,18.8617,22.3633,9.7745,31.155,125.266,g
110.418,80.831,3.8753,0.0934,0.0494,-106.262,57.9054,-68.8391,41.911,306.002,h
13.0783,11.0769,2.1189,0.7605,0.3992,-14.8489,4.1004,11.7513,58.14,227.589,h
33.6934,7.0612,2.5977,0.7388,0.3504,-14.2329,6.1811,12.7671,43.8156,221.9559,h
71.9821,16.8904,2.7721,0.3333,0.1948,-106.7413,55.2222,-11.4428,78.5929,278.8067,h
56.9447,16.0617,3.0097,0.31,0.1814,55.3072,45.8419,-3.2855,5.0681,175.456,g
21.2214,21.1054,2.3676,0.5296,0.3044,-3.5126,-12.488,17.6045,87.7584,139.09,h
31.9231,25.5388,2.873,0.3389,0.1976,-0.7132,25.5081,-6.917,44.2068,158.972,g
88.4501,21.148,3.4555,0.2452,0.1294,85.3835,79.2748,-12.5341,0.762,281.995,g
66.1759,32.9783,3.37,0.2581,0.1389,-59.6982,-24.3264,-24.1656,0.429,360.071,g
204.3035,33.0586,2.9113,0.4168,0.2006,-276.8136,153.2959,17.748,49.3124,134.7812,h
43.6809,38.9547,3.8422,0.1516,0.0933,-2.7784,38.7825,-17.4238,8.1224,100.281,g
178.3158,119.8277,3.6171,0.1688,0.0806,-83.3011,-154.8269,99.5112,20.7963,277.8058,h
117.106,27.1889,3.2183,0.1706,0.0935,104.91,60.7529,-23.698,24.99,68.1707,h
27.7839,16.0201,2.7518,0.3488,0.1674,-45.9335,-31.1031,9.4398,81.5202,156.124,h
94.4083,32.2394,3.8232,0.1293,0.0695,-72.1395,78.0184,-17.3768,2.3937,268.606,g
57.8035,11.2132,2.4235,0.4517,0.2333,-56.9836,33.2482,-12.087,66.5489,253.2812,h
18.1784,10.2753,2.2878,0.6289,0.3582,21.0428,11.8565,-5.0453,7.916,100.254,g
27.7759,20.0366,2.7455,0.3863,0.195,-17.3388,-18.0175,-12.2312,37.8646,203.703,g
124.497,71.6435,3.6063,0.0745,0.0387,-78.8325,-62.6969,34.3564,47.6645,176.671,h
21.3927,14.2909,2.6599,0.5208,0.2877,27.9777,-8.2872,-3.1725,0.9412,237.867,g
23.0836,10.7517,2.4588,0.5604,0.2957,-10.5491,23.0647,3.8881,84.3428,177.936,h
28.7776,15.095,2.4683,0.4116,0.216,9.8831,-17.471,-10.0492,30.035,97.7925,g
141.484,24.8339,2.4669,0.4027,0.227,-90.0145,-125.217,-25.242,7.2801,241.654,g
17.8258,17.0974,2.5384,0.5355,0.2851,23.13,4.3708,15.6104,14.939,154.519,h
19.4286,13.2036,2.3494,0.3729,0.2192,-2.4983,-8.9053,11.7295,32.1315,126.9373,h
77.2563,17.0324,3.0332,0.3085,0.1811,-102.499,56.8561,-20.3582,1.922,319.086,g
21.6029,0.0,2.1319,0.7749,0.476,0.0,0.0,10.3787,82.4952,198.918,g
68.4086,25.0497,3.5108,0.2205,0.1146,69.7821,61.9179,-19.3912,5.9606,229.217,g
25.7282,10.6583,2.3086,0.4717,0.2383,-7.7729,-19.5781,-5.4326,68.858,166.511,h
20.8857,11.2823,2.404,0.5957,0.2978,25.9991,11.2238,11.1425,58.7535,188.468,g
79.8595,36.1835,3.675,0.2153,0.1149,-26.4658,-19.1244,-12.5419,1.827,356.012,g
77.537,26.5315,3.3195,0.2314,0.1402,-45.7388,78.6207,-10.8984,0.9581,284.693,g
50.9722,23.1557,2.7221,0.4214,0.2128,-72.9454,27.7531,-15.817,42.4854,259.0085,h
39.482,17.4507,3.0569,0.2702,0.1408,-22.6491,7.0397,-10.6566,1.9918,187.339,g
33.1206,22.4333,2.8657,0.327,0.2159,-2.0536,14.5536,16.4965,14.2293,169.606,g
23.6796,13.4887,2.5212,0.4583,0.2455,-40.0835,-18.0034,6.6805,49.3332,127.5187,h
19.0315,7.4799,2.1569,0.7317,0.4634,-0.0001,-0.4098,-3.9453,58.852,200.916,g
42.6261,17.7666,2.8654,0.3695,0.2106,8.4107,13.8925,16.2289,9.162,248.62,g
43.0415,16.222,2.8543,0.3804,0.2161,19.8727,44.7736,-12.3739,14.572,135.435,g
155.358,19.8502,2.6493,0.3475,0.1805,-86.6674,-189.117,-18.4764,36.245,193.741,g
26.8589,11.3542,2.5145,0.4465,0.2248,37.5401,6.5357,-5.5475,0.638,145.696,g
13.0005,10.6432,2.1658,0.7577,0.4949,-13.1121,2.8342,7.0106,48.743,150.236,g
33.3747,16.9277,2.5623,0.3589,0.1795,44.1889,20.9917,14.4195,13.511,232.175,g
12.7187,11.6768,2.0626,0.7186,0.368,15.2463,-5.807,11.4796,71.792,248.427,g
77.6046,32.2943,3.125,0.282,0.1819,-10.9527,57.1265,-17.1458,3.821,330.608,g
34.6453,4.6738,2.4163,0.6441,0.3424,-42.4516,-19.0894,-0.9251,44.6996,37.3045,h
69.9437,8.0844,3.0458,0.3363,0.1694,-95.1141,41.9677,-1.2723,0.0502,266.1265,h
20.8794,11.32,2.6449,0.6138,0.3409,-5.3063,16.2199,-5.8341,17.366,103.365,h
55.6151,29.9928,3.093,0.2408,0.117,34.3058,29.4904,-14.2401,38.6667,196.767,h
61.8313,26.2025,3.1438,0.2592,0.1504,-52.2055,39.8516,17.7694,5.1947,290.16,g
104.4142,79.3806,4.1743,0.0683,0.0349,-14.4292,44.7589,-31.5091,25.7709,320.1963,h
26.5035,15.8468,2.6721,0.3596,0.2138,9.1556,16.5298,4.1781,24.301,130.701,g
34.3304,17.5065,2.601,0.3308,0.1717,18.4276,25.0693,14.006,34.4278,182.817,g
23.4278,17.2986,2.6885,0.3238,0.1731,-51.7326,31.0212,16.9531,18.8023,253.4374,h
38.8391,15.9078,2.9258,0.3915,0.2212,39.5815,26.9197,-10.3591,16.5236,190.811,g
17.6485,10.9792,2.1673,0.5374,0.2891,-0.9245,6.1119,-4.3932,23.7151,112.684,g
16.6775,11.4413,2.3385,0.5826,0.305,1.9848,-6.7611,-4.1854,61.153,221.504,h
25.5431,7.6108,2.4285,0.5078,0.3196,10.3282,-8.0852,-8.6794,35.4068,73.9748,h
42.6144,13.8215,2.6781,0.4008,0.2214,14.9679,41.5894,4.334,17.82,212.616,g
60.4692,15.6627,2.8466,0.3986,0.2427,-48.2832,39.4267,-10.8052,12.857,290.7,g
41.0701,7.6731,2.69,0.5525,0.3202,-20.9655,7.7756,-4.0289,33.0732,99.3665,h
84.5887,31.2913,3.8822,0.1407,0.0764,-105.724,70.4339,16.3673,3.6433,293.895,g
83.9166,20.296,2.836,0.2918,0.1597,80.6544,62.7348,20.6297,2.3494,230.46,g
29.7355,23.2815,2.9593,0.2603,0.1389,-13.3383,21.7815,-12.6783,30.9438,99.3128,g
103.712,35.4059,3.1416,0.1689,0.1072,-145.05,-56.9189,-20.6443,60.1451,230.927,h
31.3178,13.5666,2.8197,0.384,0.2565,11.9026,25.766,-4.8832,77.6778,139.6644,h
18.4343,17.8717,2.3847,0.4866,0.2701,-15.7044,-16.517,-12.2311,71.073,158.703,h
32.0543,12.6029,2.8089,0.3416,0.1747,-19.7841,-8.8437,-8.4341,16.233,179.799,h
48.8798,8.9369,2.9635,0.4675,0.2243,-40.9434,-30.0191,-18.7086,63.2183,62.6215,h
23.9026,17.8605,2.4955,0.3834,0.1933,11.0952,18.7668,-17.4396,63.4582,132.013,g
121.1309,52.1726,3.2602,0.2979,0.1582,-210.0549,131.638,20.6262,15.6468,289.7784,h
67.414,20.5669,2.7973,0.2504,0.1252,59.7928,49.9465,-15.957,2.6347,215.594,g
18.2925,8.9937,2.7072,0.7228,0.4048,-0.1762,10.0855,13.7851,41.617,164.6588,h
221.7887,190.5432,5.3233,0.0327,0.0003,-270.2782,-48.3586,-120.9143,84.9955,92.7104,h
65.1592,17.5971,3.2588,0.2034,0.1122,66.0501,44.7499,-14.4724,1.345,196.86,g
29.4022,15.8372,2.7604,0.4236,0.237,11.3791,-17.9492,9.485,3.0127,139.403,g
80.1168,22.5723,2.9713,0.2041,0.1063,-82.0716,70.5643,15.78,3.4486,274.863,g
15.7183,11.8468,2.2742,0.633,0.3644,-0.9802,3.5205,6.6075,16.332,161.059,g
55.9692,23.7766,3.0408,0.2021,0.1033,71.9799,24.7609,13.5666,3.2503,175.683,g
22.2435,12.3986,2.2978,0.4635,0.2544,28.8497,8.6554,10.5118,44.3431,84.6513,g
34.8448,16.7207,2.7122,0.3143,0.16,9.3909,23.4152,-7.5272,2.7439,249.207,g
35.5608,22.0269,3.2682,0.2232,0.1151,-24.1238,-15.5748,8.6244,0.5877,183.182,g
11.9727,9.3311,2.4257,0.7557,0.5095,9.5137,-8.7463,-12.6611,72.2134,272.8939,h
55.7401,24.7534,3.3886,0.2133,0.1342,45.2539,47.6811,14.87,1.7908,255.205,g
25.4335,16.492,2.5605,0.4512,0.2462,34.8621,-9.8857,-10.0634,2.276,124.753,g
57.055,25.7825,3.0648,0.2136,0.1227,-16.7561,45.3846,11.8975,18.2893,200.365,g
105.392,52.044,4.2771,0.069,0.0347,-106.21,79.342,33.292,3.107,278.6,g
38.9505,10.6421,2.5551,0.4624,0.2382,38.9554,-7.1855,11.4823,61.454,159.84,h
59.6124,30.8693,3.4791,0.1888,0.1113,26.7671,54.7397,-29.0666,1.1057,264.642,g
23.4048,15.839,2.4564,0.4895,0.278,10.4208,17.4069,14.7473,48.901,198.631,g
186.925,116.872,4.165,0.0682,0.0362,-145.119,-179.701,-97.705,49.6546,209.075,h
74.8526,24.3207,3.3863,0.198,0.1009,55.6635,63.2053,11.2853,5.866,265.465,g
37.4814,17.5395,2.8899,0.241,0.1231,32.9753,20.1676,3.9457,3.5686,162.66,g
13.1126,10.9804,2.1917,0.7653,0.4148,-14.6448,4.2116,-11.6198,44.0092,95.6115,g
26.9593,10.0699,2.7323,0.5911,0.3158,32.3312,9.7686,12.9583,81.338,99.7466,h
155.683,86.7432,3.7086,0.1152,0.0613,97.9178,-147.471,57.2936,89.0275,331.552,h
37.6122,14.3011,2.7404,0.3345,0.1918,6.1052,21.3123,10.0353,28.521,220.166,g
111.342,18.2172,3.2332,0.2152,0.0913,120.7181,55.3976,-2.6898,11.6774,224.123,h
16.3384,11.6247,2.433,0.6015,0.3155,1.5084,-5.6691,-4.3584,13.929,242.686,h
14.1721,7.737,2.4843,0.4963,0.3027,30.2651,24.1343,-3.395,33.111,124.4584,h
36.4051,18.7689,3.0548,0.3015,0.1512,22.6482,32.6496,-14.7722,0.8205,181.281,g
59.0112,26.2465,3.5361,0.1691,0.0921,48.3117,45.5126,-17.2875,1.8811,206.842,g
21.2787,15.4363,2.6924,0.4934,0.3421,1.2766,17.2458,6.3163,22.8702,169.241,g
47.0689,16.4117,2.7563,0.3278,0.1867,-23.3572,-16.914,13.9967,41.275,219.622,h
142.188,38.0477,3.3656,0.1095,0.0554,15.6343,123.049,26.5467,69.668,118.093,h
47.6,13.413,2.8092,0.2762,0.1497,41.1158,33.8544,8.2134,2.608,178.462,g
18.3682,10.5026,2.2095,0.5556,0.2994,0.3493,-4.7146,-5.4332,63.084,115.972,g
26.5259,10.1961,2.4401,0.5517,0.3103,4.2748,18.4977,-5.7757,28.938,201.759,g
39.8119,18.4857,2.8024,0.3357,0.1757,5.2233,26.7365,17.9261,21.457,267.51,g
18.1607,10.4502,2.2718,0.6043,0.3289,1.7266,-7.66,-6.3001,43.3661,147.236,g
114.412,19.9061,2.6238,0.4257,0.2342,-136.028,84.6258,13.9735,4.901,205.843,g
25.579,18.0211,2.4065,0.4039,0.202,36.8669,-10.6968,16.8807,24.588,132.624,g
24.5684,20.9799,2.6031,0.3641,0.2232,-13.7276,-19.7249,14.07,13.1428,168.471,g
69.675,31.6251,3.894,0.1257,0.0634,57.3539,57.6605,14.7282,1.649,267.464,g
35.7492,13.0825,2.6832,0.3689,0.1697,20.8657,-24.2911,-7.1984,80.2599,260.2245,h
109.4953,44.9369,3.3602,0.0974,0.0702,168.7915,-56.268,-12.8698,39.4314,179.8697,h
30.3621,11.6582,2.5629,0.4761,0.2586,16.6826,14.5422,-11.4294,9.991,244.256,g
36.8621,14.2671,2.7896,0.3539,0.2183,19.526,30.4941,-7.6983,14.4244,157.392,g
13.081,10.6518,2.2707,0.7721,0.4799,13.4071,2.6747,-9.9668,29.4058,150.025,g
28.7967,16.0021,2.6449,0.3918,0.1982,27.7004,22.011,-8.2027,40.092,81.8828,g
21.974,11.53,2.3201,0.6077,0.3086,-10.7185,-20.5018,-9.209,23.452,192.441,g
34.3562,25.6783,3.2604,0.2443,0.1359,5.0386,-29.2331,-9.7943,58.6756,66.47,g
74.3027,25.0515,2.9592,0.1881,0.0896,26.8003,-33.0678,-18.822,53.4656,232.1485,h
36.185,19.0554,2.7185,0.3021,0.1577,44.9507,28.3973,-15.3647,28.551,269.486,g
19.3169,6.0723,2.4571,0.8517,0.5951,14.7595,18.1737,-4.8309,45.3267,116.554,h
33.5,16.315,2.6232,0.3738,0.2155,44.137,19.9182,14.8823,6.972,182.095,g
35.7849,21.5579,2.8879,0.2628,0.1443,28.6157,23.7198,-11.7523,34.3844,133.006,g
18.5607,7.424,2.3314,0.7879,0.4825,2.8892,-7.5293,-0.7839,56.146,46.8337,g
12.5969,11.8362,2.1804,0.6997,0.3729,16.0069,-9.323,9.6302,62.6968,62.5545,g
162.8169,65.5234,3.365,0.1165,0.0788,-135.203,-103.6192,-46.4327,32.9327,157.2797,h
221.842,28.6898,3.3901,0.1251,0.0772,-234.152,-213.995,-15.2616,16.173,110.919,h
12.9938,11.11,2.3701,0.7505,0.4328,-14.4867,6.4619,-10.5565,17.483,136.881,g
150.395,53.5461,3.4358,0.1239,0.0717,-120.156,-78.5395,-21.5853,14.623,270.337,h
197.071,21.6431,2.8594,0.3815,0.2509,225.467,-134.891,-10.8622,62.429,40.4893,h
129.756,31.1928,3.1814,0.1916,0.109,-171.905,54.6739,-22.7875,15.4674,271.929,g
24.048,18.8222,2.8192,0.37,0.2039,-13.283,-7.1612,14.8856,10.666,168.979,g
81.7837,22.8309,3.1278,0.3234,0.1643,-102.817,-36.7461,-11.9116,0.447,282.676,g
17.4908,11.0749,2.2175,0.5455,0.2818,0.9653,-6.1257,-3.4056,68.7191,145.251,g
21.2928,7.0199,2.1055,0.6902,0.3647,-24.635,-9.5293,-6.3384,23.036,172.23,g
39.6937,16.9156,2.5343,0.4122,0.2092,-44.6689,26.3372,-6.2138,54.382,106.48,h
60.0411,21.6466,2.9317,0.3312,0.1855,32.9543,49.845,15.346,1.088,242.922,g
26.8903,9.4561,2.4108,0.4971,0.266,-10.2855,12.064,4.3473,20.7532,172.175,g
18.6078,18.3078,2.415,0.4154,0.2481,12.1554,6.0259,-14.4755,74.079,120.053,h
32.8184,11.3792,2.4097,0.5191,0.262,-25.9233,-17.1332,-2.9906,67.2362,66.1128,h
20.3902,12.5757,2.4273,0.4748,0.2411,-2.6558,10.6758,9.7661,37.113,213.755,g
80.7712,32.4441,3.6469,0.1073,0.0538,47.1972,51.5286,20.5342,3.2797,227.562,g
109.552,50.098,4.354,0.0529,0.0277,17.3946,91.4728,24.7516,4.69,198.887,g
23.57,14.8601,2.3971,0.509,0.2585,-11.1252,-14.8719,11.4384,21.769,166.971,g
20.3846,11.4401,2.4065,0.6392,0.4569,12.5566,20.6341,-9.7762,32.858,242.619,h
20.8834,12.9015,2.4495,0.5364,0.2966,-11.1144,-10.5109,7.0717,18.7607,231.214,g
75.4261,33.524,3.9307,0.131,0.0682,15.5649,70.572,25.4281,0.8501,249.883,g
17.7781,10.5352,2.2504,0.6236,0.3567,-1.8714,7.2763,-6.9412,25.2845,140.479,g
70.7825,23.3308,3.051,0.2161,0.1143,-40.6581,46.1712,-10.3883,0.97,320.674,g
41.188,8.7842,2.8172,0.5072,0.3191,12.6751,30.7532,-2.4186,15.6484,200.298,h
25.8327,9.7133,2.4224,0.5142,0.2703,8.1699,-11.2529,-2.8244,3.7148,167.192,g
109.472,49.6365,4.3524,0.0578,0.0301,-95.6075,88.9234,15.4866,2.951,234.581,g
18.2814,10.3692,2.29,0.6154,0.3103,23.0836,9.8131,-5.8535,17.734,189.296,g
23.556,13.4544,2.3191,0.4652,0.2662,24.8943,13.4769,-5.9003,1.5306,179.952,g
61.1693,3.8862,2.8015,0.4108,0.2313,10.689,31.1291,9.0903,49.8157,151.8837,h
92.6912,37.3019,4.0311,0.1055,0.0573,-70.3558,70.4408,-23.0062,0.019,259.993,g
59.4409,21.1101,3.2783,0.1644,0.083,-13.7027,45.0604,11.0171,3.819,252.332,g
88.958,25.6917,3.3422,0.1546,0.0816,-137.729,72.1869,-19.0262,1.39,294.682,g
34.2046,17.228,2.7653,0.2764,0.1502,-23.7186,-11.255,-6.5277,19.049,240.332,g
28.7643,7.6722,2.2175,0.5515,0.3061,10.3282,-7.2343,3.0541,6.445,206.629,g
68.5832,20.7516,3.1926,0.224,0.1325,54.8278,56.8286,-7.9707,2.67,242.054,g
81.6259,33.2622,3.5645,0.2295,0.1323,-31.7561,71.2656,-24.3374,3.1589,330.342,g
58.5826,34.8313,3.0607,0.307,0.1691,48.8875,50.7043,24.4377,16.798,239.922,h
54.733,14.7307,2.695,0.3047,0.1826,38.366,47.9121,-4.6043,6.381,174.53,g
23.5014,18.6909,2.6972,0.3916,0.2259,-10.1244,-12.8496,-15.4183,17.8557,159.773,g
24.37,12.9688,2.4857,0.5131,0.3056,0.0363,21.8825,7.8929,10.1501,208.791,h
24.312,11.9028,2.5105,0.4383,0.233,7.5545,13.4897,3.2922,17.458,229.883,g
23.4116,12.3796,2.5092,0.4365,0.2647,-5.5462,-13.7171,-7.9768,33.2465,159.304,g
20.1997,11.2972,2.3284,0.6291,0.3639,-13.7881,-18.9096,-6.0515,17.3756,192.865,g
57.5229,18.3112,3.0183,0.3183,0.1826,34.6101,61.6557,8.7783,2.846,242.749,g
88.2815,26.2446,3.1239,0.2549,0.1711,-65.9181,38.58,14.9076,0.618,274.93,g
22.3151,0.0,2.1319,0.7306,0.4465,0.4428,-6.4074,0.0,48.9671,137.768,g
21.1539,9.9638,2.4425,0.5993,0.3484,-2.4953,14.8018,-7.3515,32.373,108.978,h
22.4003,10.0684,2.3483,0.5919,0.3027,30.3809,-14.9306,-4.9499,18.907,186.46,g
17.0391,7.4145,2.2109,0.8,0.5692,-0.9865,-3.8802,-4.9249,66.0852,203.71,g
13.2921,10.4007,2.2393,0.7954,0.464,-13.6822,-5.6968,11.4022,61.0007,49.6426,g
64.542,29.7453,3.3389,0.1467,0.0758,75.7622,42.5985,17.6999,1.967,241.639,g
77.3579,17.2747,2.8672,0.3435,0.1799,-86.4656,51.3282,-12.7658,6.171,333.319,g
51.2705,18.4907,3.0376,0.3072,0.182,21.0841,50.9475,-12.3546,1.0728,255.376,g
20.6022,19.4903,2.6196,0.4538,0.2653,14.5461,-10.1745,13.1955,89.6589,197.117,g
12.5216,11.9389,2.0394,0.6941,0.3607,-16.0524,8.9284,-10.3294,25.3912,193.64,g
69.9328,24.5931,3.1355,0.1816,0.1007,-90.9638,47.6857,6.7437,1.8664,270.822,g
18.9382,12.9731,2.4417,0.4882,0.2514,13.3369,5.7522,5.0165,17.0127,153.979,g
21.6901,11.0224,2.4362,0.5568,0.3059,-14.8036,-18.5206,6.7585,35.37,146.356,g
72.555,20.949,3.2222,0.1936,0.0974,24.5744,41.1885,13.8672,5.411,262.858,g
65.3255,22.5473,3.1535,0.1812,0.1008,15.1145,47.3399,-13.3112,31.2579,135.096,g
31.3056,10.1845,2.549,0.4463,0.2246,-4.5762,25.6491,2.1701,67.887,202.177,h
26.6681,6.9778,2.3424,0.624,0.4314,7.6505,10.4678,-7.5606,1.1053,133.4689,h
17.4375,14.6998,2.3284,0.6761,0.4108,-2.9509,-14.1617,12.0075,17.627,163.859,g
36.4896,14.4627,2.828,0.3492,0.1924,7.2028,22.4112,6.3171,4.7061,223.765,g
48.305,12.4981,2.5283,0.4593,0.28,25.5254,36.5056,10.3227,16.026,153.856,h
43.0546,19.9313,2.5676,0.2625,0.1475,-9.9563,30.6469,10.863,12.089,149.596,g
20.4556,10.9666,2.2856,0.6114,0.3083,14.7209,17.8799,-5.9276,23.821,229.161,g
26.7182,16.3962,2.5226,0.4907,0.2533,47.9464,-11.3595,3.5505,20.2759,203.8754,h
21.3338,10.0117,2.2201,0.5904,0.3283,5.409,-16.8477,10.425,23.493,82.3087,h
46.2915,16.0328,2.7756,0.3403,0.192,49.9706,33.3653,-12.7979,38.707,75.5234,g
131.5243,26.528,3.3731,0.192,0.1279,-95.9937,-71.3667,-19.3376,40.4944,268.7494,h
93.4248,12.1943,3.209,0.1345,0.0814,51.1339,72.6356,15.1012,20.9166,226.4132,h
28.0211,19.5101,2.7431,0.3957,0.2014,14.0188,22.3758,-15.2657,85.3717,121.695,g
16.6048,11.4201,2.3324,0.586,0.3326,-2.1515,6.5884,5.9531,8.113,103.266,g
36.4557,10.984,2.64,0.3688,0.2027,-27.4391,5.5361,-3.7779,87.2394,148.56,h
68.0676,34.4459,3.8903,0.1468,0.0804,8.3381,36.7097,28.2082,6.31,235.98,g
38.525,28.8308,3.0257,0.2375,0.1513,15.7854,11.6545,-18.0274,2.3112,119.196,g
114.5368,89.9911,4.2954,0.1221,0.0487,-136.3077,-44.7882,-63.781,74.7184,338.6713,h
93.7035,37.9432,3.1454,0.168,0.1011,53.2566,89.0566,11.8175,14.1224,231.9028,h
22.2357,12.5279,2.4814,0.4984,0.2921,-6.3871,-15.6055,-5.2796,0.0392,209.619,g
19.6711,6.7556,2.6186,0.8231,0.4826,18.5214,15.3024,4.4978,21.559,168.24,h
46.0537,17.3108,2.9284,0.316,0.1846,-24.3441,-50.5488,11.5867,54.1985,99.11,h
29.6044,12.0723,2.4764,0.5008,0.2755,-0.979,-15.8149,6.94,21.004,124.152,g
59.7172,25.0527,3.628,0.1724,0.0934,24.2342,49.9711,18.9795,1.706,220.851,g
39.7281,12.2391,2.8932,0.3887,0.2628,18.3837,23.4461,6.9184,5.802,199.824,g
25.2083,21.0548,2.6335,0.4186,0.2523,-12.0302,-20.5847,18.7022,60.5264,170.675,g
18.9091,12.9755,2.4541,0.5097,0.2724,14.1456,10.0427,4.9831,25.048,200.666,g
44.1203,20.2104,2.8096,0.1876,0.0969,38.9545,34.0401,-7.0226,29.21,119.751,g
120.1135,21.1095,2.8226,0.3023,0.185,-220.1675,114.8639,10.0938,0.7525,230.7163,h
74.6627,20.9771,2.8239,0.2831,0.1581,34.6888,39.3556,21.308,42.2232,25.2889,h
30.4651,14.0872,2.6693,0.3276,0.166,19.3865,16.7718,-10.2249,5.4091,214.258,g
84.5164,44.6698,3.3209,0.1514,0.0771,-57.7637,-64.6248,-35.9966,86.499,286.411,h
17.6309,10.8487,2.2227,0.5748,0.3323,-0.7018,5.3114,6.2969,12.616,132.303,g
231.2198,41.703,3.7221,0.1121,0.0339,-239.171,-108.2891,-20.4242,75.7118,205.084,h
32.7694,3.3675,2.5715,0.5586,0.381,42.7613,29.3763,8.6683,88.0043,196.7434,h
39.6591,20.9084,3.0147,0.3122,0.1677,22.5436,40.8734,-12.915,3.7613,160.278,g
141.003,66.975,3.1455,0.2217,0.1141,92.303,156.047,36.4384,48.632,156.006,h
52.4962,25.9855,3.2056,0.2068,0.1124,39.4791,31.1899,-11.331,8.9195,246.589,g
19.5031,7.4171,2.2683,0.7439,0.434,-1.6381,7.6452,-4.6729,79.386,116.122,g
49.9619,12.124,2.4322,0.3401,0.183,-80.4002,34.7576,7.5747,23.091,289.195,g
61.5559,15.2269,2.7178,0.4254,0.2317,61.3007,38.2368,6.2428,11.1606,229.9609,h
98.484,28.6089,4.014,0.1099,0.0551,29.4484,81.7236,20.7354,0.637,284.779,g
37.3136,15.9101,2.8576,0.2804,0.1575,6.5877,-28.581,6.6207,6.132,203.961,g
41.1721,13.8368,2.8202,0.295,0.1505,27.7064,-16.7861,8.3491,5.5596,214.549,g
115.486,28.01,3.2573,0.2372,0.1369,-71.6664,75.8613,16.8134,56.249,290.177,h
18.7164,9.7296,2.3505,0.6897,0.4191,-7.164,2.0698,-7.3787,44.4721,177.7257,h
21.0946,11.0735,2.3424,0.6,0.3477,19.9532,19.9229,-10.977,10.9249,148.034,g
35.6122,13.6103,2.8354,0.3506,0.1833,-38.7838,-5.1581,5.3602,6.6169,158.463,g
125.917,28.6292,3.42,0.1612,0.0838,112.541,81.5047,20.7382,18.6329,254.165,h
22.0823,16.8278,2.4065,0.4275,0.2529,28.4872,-10.3529,-10.1415,16.436,270.396,h
23.5281,9.5551,2.3692,0.6624,0.391,-27.0313,8.6299,-5.9169,24.368,106.054,g
32.6529,17.3812,2.9413,0.3526,0.2456,21.6438,23.3878,-12.4937,7.4018,261.316,g
34.9381,25.2295,3.1787,0.2353,0.1209,-19.4907,-15.3506,-17.6923,30.3355,98.2731,g
26.175,19.6693,2.6821,0.343,0.1944,19.1241,18.0403,-15.2901,45.296,116.013,g
51.6966,15.99,2.5224,0.3213,0.1697,-14.4579,-25.4308,-8.1007,11.3396,137.905,g
18.9647,17.7071,2.596,0.3929,0.2471,-0.1797,-4.3988,4.196,1.5377,130.626,g
19.1691,9.9321,2.3874,0.5902,0.3094,-24.1877,-9.1218,-5.0464,21.6486,114.271,g
25.6227,16.4281,2.5397,0.456,0.241,-12.774,-20.7348,11.9599,6.37,137.938,g
95.7802,39.2607,3.5245,0.1494,0.0889,-18.6879,70.0037,-24.2292,8.2692,309.565,g
17.1365,16.6696,2.3936,0.5495,0.3212,-2.9362,-12.7945,-13.0813,6.442,206.396,g
21.0546,10.3187,2.5257,0.6438,0.3353,-14.0248,15.3674,8.8752,47.753,168.038,h
34.9461,24.4611,2.7528,0.2809,0.1405,-25.8633,-21.3331,-20.7199,82.8542,158.252,g
24.5528,14.5928,2.7376,0.452,0.2461,0.1998,20.031,-10.3742,37.199,139.456,g
46.1616,18.1845,2.433,0.4502,0.2343,29.9373,41.7788,14.8822,8.3129,190.617,g
30.8855,13.9512,2.5145,0.3914,0.2003,39.5539,17.7407,-9.1899,18.989,164.774,g
31.4245,15.3624,2.5966,0.3949,0.257,9.2765,-19.2612,9.6225,33.559,218.101,h
24.3237,16.9759,2.6684,0.397,0.2436,3.0799,21.8963,8.8449,53.3158,120.405,g
52.3758,25.1653,2.9937,0.2598,0.1385,5.4524,11.1244,21.8954,13.678,166.774,g
29.6974,25.3729,2.8929,0.2828,0.1631,18.9632,23.0019,8.857,65.2841,207.078,g
36.2113,22.3153,2.9047,0.2665,0.1438,23.5805,-16.2273,-13.4973,26.6964,213.576,g
87.4217,26.7866,3.4231,0.2809,0.1761,10.4779,68.3446,-24.0948,0.3647,371.79,g
87.7698,50.302,3.0941,0.1852,0.0954,56.5442,60.863,32.7384,17.011,291.495,g
20.0348,18.0015,2.5641,0.3946,0.2643,1.6656,-11.724,9.4586,56.105,55.0101,h
45.1761,15.2625,3.3998,0.1879,0.109,50.0946,43.7449,-12.0535,59.9936,115.8753,h
62.6404,30.0387,3.1086,0.2103,0.1086,-40.4226,52.0998,-19.3467,9.418,290.316,g
37.022,17.9531,2.9327,0.3012,0.1827,34.9556,26.674,7.4234,17.8611,142.679,g
21.6732,10.3466,2.1761,0.56,0.2967,-5.6489,17.5152,10.1706,39.441,129.982,g
19.7083,16.4235,2.5717,0.4316,0.2319,-1.4342,11.5495,6.4825,10.4413,224.014,g
49.0724,15.8036,2.9238,0.2872,0.1734,9.35,22.821,9.1958,11.24,197.569,g
26.4121,17.8816,2.6042,0.3458,0.1779,11.6522,16.5482,-15.3669,20.435,204.868,g
76.1033,23.1917,3.4921,0.1523,0.0823,21.8761,61.7436,11.0542,2.07,267.468,g
164.503,45.826,3.3426,0.129,0.0725,-156.838,103.314,49.8142,52.613,256.654,h
52.2667,16.7824,2.8739,0.2567,0.1584,61.1995,28.5415,12.9338,7.085,196.631,g
25.483,7.6398,2.2111,0.5585,0.2988,5.0987,-27.2424,6.1203,36.2901,267.4123,h
118.7205,82.888,3.6062,0.1437,0.0634,-73.6522,-82.4181,69.0357,23.601,331.8047,h
53.6614,28.9423,2.965,0.1322,0.0688,-19.356,31.2701,18.8187,15.377,210.019,g
117.515,46.7544,3.293,0.138,0.0751,-106.727,-110.539,37.8686,40.92,173.599,h
21.4899,13.9275,2.4448,0.6284,0.4255,-8.0528,-18.529,13.7605,17.451,151.015,g
47.3911,29.5763,3.4302,0.1523,0.0826,15.0843,-9.0918,20.5067,3.5846,202.704,g
20.0879,7.223,2.2162,0.7599,0.386,3.9973,-11.4332,5.278,75.3057,179.562,g
30.8816,23.384,2.6201,0.3621,0.1859,-29.0495,-23.4351,16.1253,27.0824,129.171,g
18.8644,10.2137,2.3263,0.5613,0.2807,0.9202,-6.9182,4.9588,34.4181,189.413,g
30.1169,14.2967,2.6149,0.3932,0.1978,39.6456,15.399,10.0483,14.588,70.7928,h
33.5123,9.5221,2.7088,0.4532,0.3232,12.0684,14.803,7.4395,75.5099,107.0847,h
37.1109,21.8104,2.7401,0.2993,0.1797,49.3568,-12.5796,-0.0943,49.9282,97.1186,h
76.8004,28.1506,3.4847,0.1805,0.1099,-82.9263,56.3503,-21.6267,0.442,258.167,g
81.3604,29.3861,3.1695,0.1854,0.0937,36.258,74.8812,-20.5673,8.8992,278.53,g
29.4962,16.7045,2.6604,0.3366,0.2,25.9953,13.9672,8.589,12.2232,135.64,g
24.7396,17.3116,2.5717,0.496,0.2507,34.9288,-11.697,10.5886,20.6015,263.105,g
22.1067,13.7589,2.5289,0.5118,0.2648,12.062,-14.7138,-10.8676,1.318,199.388,g
96.8044,66.1914,3.9086,0.1134,0.0494,-21.6262,-34.8805,-35.4629,33.4328,357.455,h
35.2593,28.7212,3.3384,0.2092,0.1053,-5.5941,21.9436,11.4688,29.8043,78.0852,g
23.7185,0.0,2.1055,0.7686,0.4353,-23.8823,-17.1539,-0.0001,7.361,202.789,g
20.574,7.1154,2.1688,0.7458,0.3898,22.6991,12.1438,5.7767,35.77,128.587,g
35.1579,16.1087,2.6279,0.3039,0.1708,38.9387,23.953,14.975,2.6246,188.231,g
28.3612,21.333,3.0404,0.3098,0.1626,-10.285,20.8569,-10.9452,61.7,75.3015,g
105.097,37.5284,2.8701,0.2428,0.1531,102.255,23.2937,11.8226,26.715,155.873,h
22.1023,6.5949,2.1629,0.7354,0.4227,23.2173,12.8695,6.687,79.998,155.696,g
24.2392,10.8729,2.5308,0.5184,0.3108,3.8759,20.8131,8.0599,13.001,120.317,g
21.0927,17.05,2.8052,0.4526,0.2498,-10.8097,9.5945,-12.9673,26.2364,252.133,h
61.7197,29.9904,3.3175,0.1925,0.1018,-69.2407,36.3251,-16.2664,1.32,291.987,g
68.0548,23.1127,3.7484,0.1749,0.0906,21.626,53.9519,10.7158,2.3475,231.498,g
37.0964,20.6435,2.8142,0.3144,0.1802,46.9384,22.3427,-19.2893,7.886,215.599,g
38.8126,32.0426,3.0986,0.2127,0.1167,45.2636,25.7333,-24.0759,34.586,130.508,g
20.1959,12.7303,2.2889,0.4679,0.2442,1.4964,-9.9919,-9.3993,26.193,136.41,g
30.7003,13.6684,2.658,0.4264,0.2187,-2.211,12.0845,4.3089,2.2951,178.527,g
60.4279,15.5356,3.0396,0.345,0.1812,82.1905,34.2324,-12.1593,19.428,286.138,h
103.6049,20.4311,3.102,0.1693,0.0843,-70.3798,-54.5048,4.9712,40.9715,73.3252,h
18.0358,8.7369,2.4388,0.5838,0.2898,-23.9383,-8.416,-5.608,83.4883,162.4455,h
19.1548,10.0099,2.3927,0.5547,0.33,-23.2459,-10.5806,1.7216,0.055,184.6,g
19.0828,12.1891,2.3936,0.5616,0.3374,1.91,-11.6511,9.7901,25.011,109.179,g
16.8884,10.6572,2.3077,0.806,0.5661,28.1837,0.5963,3.5829,20.7099,112.4593,h
64.9935,16.6946,3.0631,0.2525,0.1405,38.8398,56.6156,5.5956,25.5893,253.878,h
29.2827,15.0088,2.6493,0.3498,0.1783,26.1335,9.6941,-11.0449,3.7162,185.267,g
38.1817,15.9235,2.6906,0.3262,0.1662,10.1326,26.1095,-3.1071,2.572,177.008,g
47.6672,18.2275,2.5999,0.3769,0.2173,46.9321,41.3074,-10.1776,9.11,156.599,g
142.74,92.8384,4.0558,0.0979,0.0527,-173.8,-78.1944,65.9667,51.7033,367.575,h
25.3814,15.7361,2.6186,0.4188,0.2419,27.8332,17.8775,5.4552,10.1725,80.3929,g
161.606,67.1405,3.1464,0.3583,0.2159,-173.363,60.0966,66.063,28.3269,235.438,h
20.0484,10.0276,2.2856,0.6373,0.3705,-6.8301,16.5366,-10.611,9.098,151.311,g
106.1422,24.5263,3.3461,0.29,0.1854,-52.4479,-75.1401,-16.4746,7.5751,336.0893,h
81.8952,31.9264,3.2236,0.1619,0.0834,-80.7121,67.1423,15.948,4.362,258.886,g
29.1138,13.8775,2.6742,0.601,0.4053,11.349,14.3524,6.2646,63.0504,191.5855,h
26.1965,14.1468,2.3829,0.5797,0.3251,29.9583,20.4444,16.0408,28.8208,166.873,g
40.0334,16.7695,2.6201,0.2518,0.1331,36.5979,29.1197,8.9579,4.1,140.794,g
34.6872,15.5802,2.5484,0.396,0.2249,1.2197,23.2029,-8.6914,4.286,209.891,g
76.9732,19.9428,3.2461,0.2077,0.1149,40.7691,73.9875,-15.7479,6.2672,287.419,g
29.4259,17.0431,2.4526,0.3633,0.2028,-14.6546,-15.5914,8.1478,45.059,142.487,g
19.5927,10.2759,2.2856,0.658,0.3912,-5.206,15.5873,-6.1643,44.7241,130.786,g
34.6124,19.7954,2.6749,0.3192,0.1977,-26.7225,15.6467,-14.5608,53.2181,96.0238,g
24.6829,9.1786,2.5397,0.5628,0.3506,-13.4637,7.9462,4.9986,86.1728,214.033,h
35.6259,16.4183,2.5866,0.4637,0.25,28.0327,35.3644,13.2177,3.3842,261.617,g
27.479,9.2526,2.6478,0.5342,0.269,20.3192,9.4213,3.5276,45.8344,102.2934,h
12.9774,11.0775,2.1945,0.7476,0.4441,-14.3096,6.7507,9.7284,68.4457,212.57,g
30.8893,14.9392,2.6064,0.4134,0.2463,2.6081,-19.2083,13.5236,20.316,160.58,g
36.9879,14.5757,2.5466,0.4056,0.1948,4.4752,8.1027,14.0264,81.9143,182.4165,h
27.9593,12.5673,2.617,0.5411,0.3659,-15.8222,-26.4907,10.0174,7.1787,179.551,g
21.4374,9.7783,2.2304,0.6353,0.3324,22.3045,18.1132,-11.1708,35.3391,229.7,h
17.6269,10.6514,2.29,0.6103,0.3615,-1.0927,5.9135,7.0149,25.2015,143.435,g
48.2341,16.9131,2.74,0.3385,0.2047,32.6245,43.8847,5.155,3.616,163.201,g
79.4075,23.3542,3.0109,0.2087,0.1048,74.2944,68.1864,-13.2984,8.772,257.887,g
12.9524,9.9146,2.1658,0.7986,0.5563,-11.5103,-8.223,8.3802,25.3233,109.834,g
27.5554,5.3129,2.6426,0.389,0.2172,42.8263,27.9724,-8.8715,63.4475,226.3172,h
71.4826,20.1412,3.1531,0.31,0.1803,-66.9927,43.9141,-15.5351,22.981,333.109,h
30.8639,25.7835,3.1402,0.2853,0.164,-0.228,25.429,21.048,16.5212,62.0882,g
41.1112,17.9452,2.9506,0.2387,0.1238,-18.2896,28.156,-7.8675,10.6379,161.199,g
16.1437,14.7716,2.4723,0.4257,0.26,-3.184,-7.0682,4.8122,27.7741,230.804,h
70.3382,46.8813,3.1054,0.2021,0.1317,-34.509,-78.5341,-34.8005,49.9159,231.6019,h
24.7098,10.5003,2.3314,0.4615,0.2541,-5.4547,-19.0614,-6.703,2.1688,125.121,g
40.9468,18.4822,2.7882,0.2492,0.1278,8.9986,-21.5671,-8.7772,3.655,188.205,g
40.9461,31.7927,3.2378,0.5211,0.2739,36.3945,36.0377,-8.4699,1.6992,376.811,h
20.7112,7.1883,2.0394,0.7123,0.3607,-1.8892,9.4876,5.9437,21.7911,280.767,g
91.5518,24.7688,3.1271,0.2187,0.1228,-86.3192,50.6709,-14.2413,0.9455,254.877,g
31.7077,11.4427,2.5804,0.4205,0.2484,-21.5419,-13.3741,-5.483,47.502,246.92,h
67.214,18.1793,2.8624,0.2457,0.1242,-80.9857,60.7061,16.8905,5.559,281.418,g
33.8326,20.1962,2.5302,0.295,0.1549,-10.8243,26.4743,-18.8533,24.9945,202.762,g
93.4163,51.6687,3.5509,0.146,0.0752,71.4141,87.8661,49.5339,29.8807,212.621,g
12.42,12.0614,2.081,0.6805,0.3527,-16.6889,10.2744,8.1383,42.4922,176.011,g
75.4502,14.4025,2.8432,0.4075,0.226,-47.4258,-76.3446,14.2797,41.471,65.1151,h
20.747,17.5156,2.6575,0.4752,0.3135,22.2011,16.5271,-10.0925,25.1855,179.312,h
49.4834,16.9858,2.995,0.2418,0.1229,45.0047,-29.7567,-4.8865,0.9353,212.0,g
21.9962,15.6651,2.3664,0.5161,0.2903,-31.5063,16.6066,-10.8764,39.342,51.7418,g
20.6588,14.6607,2.5717,0.5442,0.3445,21.3443,17.0625,-7.6434,18.3184,246.402,g
20.0049,12.5919,2.4175,0.5163,0.3002,-18.3682,-12.064,7.1382,18.6497,104.611,g
45.2808,20.8866,3.0927,0.1979,0.103,8.9519,-24.6513,-5.7971,3.4724,217.62,g
55.9064,21.038,3.2402,0.2272,0.1153,46.7012,42.7948,-15.3156,1.324,234.113,g
105.033,46.2846,4.2755,0.0736,0.0406,-68.7262,82.1337,29.8384,3.9102,271.041,g
44.3541,21.8288,3.2379,0.2428,0.1419,0.0198,40.8231,3.7512,17.919,186.207,g
104.061,14.115,2.6527,0.4249,0.2436,67.0364,97.6731,-7.7866,0.091,197.501,g
286.823,65.4158,3.1537,0.2239,0.145,-317.822,-233.192,49.3927,32.6333,214.548,h
19.3327,18.8241,2.4616,0.3592,0.1813,23.4324,11.558,-6.2549,3.533,204.527,g
23.578,10.5395,2.4354,0.5394,0.2734,-15.4116,-17.4231,-6.9925,50.598,178.901,g
20.1027,15.5684,2.4594,0.4861,0.276,22.8429,15.5891,7.7218,86.1482,159.316,g
102.26,68.7814,3.5194,0.1303,0.0664,-70.8557,-64.1392,-26.8501,32.6299,345.222,h
46.0164,15.0485,2.4683,0.449,0.2466,-42.4204,-15.4031,-2.824,19.5224,275.259,g
39.2623,12.9771,2.8762,0.3005,0.1775,14.1266,23.5749,3.3937,40.148,138.318,h
102.786,29.3136,3.742,0.132,0.0713,63.0407,116.765,16.3865,1.687,200.465,g
34.6851,29.3093,3.2351,0.2351,0.1207,5.6537,23.7164,-10.0661,13.672,131.707,g
62.8309,46.1637,3.6151,0.1339,0.07,6.2542,-78.655,-31.1439,48.5914,215.374,h
20.8079,11.8039,2.3971,0.509,0.2986,-1.3538,10.29,11.4076,66.158,66.2116,g
26.1415,12.8662,2.679,0.4377,0.2251,29.836,18.0079,-7.718,68.852,216.686,h
105.43,21.6802,2.7528,0.4346,0.2412,96.4047,51.263,-13.3411,3.773,146.937,h
20.6647,7.1459,2.2292,0.7316,0.3746,-23.4139,-11.2425,-5.8789,68.5155,71.3941,g
211.444,140.2,4.3184,0.0602,0.0309,-249.313,-121.811,111.926,62.4657,309.351,h
82.3156,17.9964,2.7404,0.3636,0.2464,-55.8407,-62.4659,-17.9965,10.08,288.194,g
20.0536,10.6015,2.301,0.62,0.3525,-6.1269,16.7265,-7.8548,83.4683,231.201,g
150.7452,73.065,3.3265,0.2713,0.1551,97.9576,157.8799,49.5506,78.6364,278.0696,h
70.1836,30.1893,3.4552,0.1725,0.0934,57.9162,64.3395,-11.2424,2.4324,240.516,g
44.6697,21.2443,2.7581,0.2937,0.15,-1.8161,-12.6348,9.1412,69.4152,190.9107,h
73.6582,27.5359,3.5329,0.2184,0.1195,-36.8723,53.1831,10.2546,1.321,290.962,g
98.8028,16.4991,3.1633,0.1888,0.0985,97.1482,44.0962,-14.2972,81.1201,105.54,h
20.2727,17.4175,2.2978,0.5189,0.2796,-13.2956,9.4409,-9.9013,53.508,203.631,g
72.3869,39.1173,3.3867,0.2328,0.125,-13.2808,53.9938,-33.5018,14.878,311.774,g
20.5893,4.4121,1.9468,0.747,0.3685,26.8523,9.2431,7.435,51.5765,35.1912,h
23.7571,16.8651,2.786,0.419,0.225,-1.8632,18.4646,7.8791,14.9592,132.233,g
28.8332,12.929,2.4385,0.3679,0.1913,-29.1295,-13.0092,3.1305,5.8995,241.834,g
132.57,75.067,3.4945,0.2056,0.1113,-6.3234,97.4511,25.8344,58.863,369.971,h
52.9024,22.7868,3.1956,0.2645,0.152,17.9581,51.0997,8.8946,4.4386,138.361,g
36.5056,21.402,3.0851,0.2918,0.1648,17.3456,29.009,-12.3027,30.84,115.272,g
55.8337,22.6487,2.9157,0.2696,0.1378,8.3741,41.5008,24.6075,9.461,177.21,h
23.8212,9.2534,2.541,0.564,0.3784,-14.9634,5.301,2.9346,6.088,88.5835,g
31.5877,19.981,2.9825,0.2957,0.1723,5.5238,-13.7991,7.924,0.5867,221.858,g
84.1042,23.3751,3.2427,0.288,0.1559,-35.1683,47.1038,10.3173,4.8025,352.5014,h
22.241,8.9672,2.2529,0.6536,0.338,0.7829,10.3637,9.4599,32.6097,185.545,g
19.4186,9.9248,2.2718,0.5615,0.3075,24.5922,8.5982,-3.0781,41.8017,67.9618,h
39.1301,23.5219,3.3266,0.2772,0.1412,-2.3289,23.6216,-5.0648,63.571,37.5995,g
25.6068,11.76,2.4807,0.562,0.3157,18.6603,12.575,-11.0756,12.1452,146.281,g
24.0709,19.913,2.7987,0.4674,0.2679,19.9479,24.6717,-9.6807,16.2665,44.7636,g
22.7298,10.6207,2.4878,0.5561,0.278,8.5649,15.9315,-5.7387,23.553,171.686,g
71.4159,24.9376,3.5075,0.1974,0.1027,-105.408,47.4224,26.1025,1.4909,256.102,g
133.495,40.1631,3.305,0.1169,0.0602,84.1711,-81.3323,-31.0503,28.1458,319.373,h
29.5005,12.6104,2.6781,0.3732,0.1762,-10.7472,18.6289,-3.7865,43.5839,266.4562,h
38.3309,20.8336,2.946,0.2492,0.1421,-11.0891,20.8178,-12.7723,69.7546,107.047,g
184.511,161.845,3.9175,0.1256,0.0646,-107.185,-145.318,120.567,23.143,272.309,h
42.302,18.6014,3.1154,0.266,0.1453,15.9651,26.2209,9.4423,20.828,184.564,g
181.225,53.0495,3.8528,0.1267,0.0642,-62.8019,-107.855,-19.6299,52.84,329.767,h
25.3859,19.355,2.7505,0.3979,0.262,2.1886,-12.8104,15.2668,0.685,132.66,g
140.02,105.344,4.409,0.0457,0.0244,-107.141,-105.334,-112.089,86.3308,66.3019,h
41.5234,9.8326,2.4472,0.4071,0.2411,57.952,-24.6444,3.6668,0.265,188.701,g
141.71,32.7866,2.7408,0.4378,0.3243,61.3214,150.58,-30.5078,37.9397,65.5481,h
16.4416,9.8397,2.2314,0.5562,0.2888,-2.6047,14.7665,10.5541,33.1028,99.4524,h
31.3598,24.3563,2.7308,0.3309,0.1924,-15.4335,-17.2804,-14.4643,75.9302,96.4856,g
18.7617,7.4713,2.1383,0.7636,0.4764,-1.573,6.4219,-3.1559,56.5174,96.4994,g
20.9074,7.1656,2.1973,0.6794,0.3524,-0.187,4.469,-6.1032,45.8552,223.063,h
37.3585,30.0573,3.0713,0.1986,0.1065,-15.1977,-29.0838,-20.513,86.5709,51.7327,g
19.0792,9.998,2.2553,0.5889,0.3083,24.1207,9.164,5.0535,75.0613,202.863,g
58.6495,27.8697,3.0837,0.1814,0.0961,-6.1004,-38.1196,-12.0952,6.845,263.348,g
31.3716,16.5288,2.9952,0.3387,0.1704,-8.0811,-20.0178,-2.3113,4.2561,174.876,g
41.5424,9.4241,2.6628,0.3978,0.2598,32.5965,29.2093,5.1591,62.6915,187.838,h
34.8534,6.6139,2.5353,0.5306,0.2668,-49.8274,21.7595,3.1,1.207,280.666,g
87.1697,38.9333,3.0953,0.1638,0.0911,83.1497,74.4686,39.114,26.8614,198.429,g
32.7251,20.8588,2.8149,0.3369,0.1968,26.5421,26.9431,14.3703,30.129,74.0943,g
39.6265,26.0322,3.2002,0.2983,0.2034,11.0309,-12.6215,13.943,37.8821,42.9706,g
23.6426,0.0,2.3149,0.7312,0.3705,2.7603,-12.9376,0.0,0.0,122.76,g
29.1395,4.4119,2.5319,0.5297,0.3128,6.8428,-26.876,-9.8674,53.3111,203.1796,h
27.0193,11.9961,2.5416,0.4914,0.2514,8.1878,15.918,-7.8882,1.0613,204.921,g
36.7509,20.9182,2.5533,0.358,0.2084,11.9435,29.204,-16.7172,39.6251,176.41,g
47.1637,19.347,2.9363,0.2606,0.143,30.0344,40.5783,-6.9531,7.132,180.522,g
58.7459,17.0866,2.8142,0.4156,0.283,-38.1095,-44.5255,-9.029,36.363,204.628,h
25.0793,18.8493,2.4216,0.4356,0.233,-19.1632,-17.3796,-15.7077,42.506,138.949,g
80.934,27.8972,3.5143,0.2864,0.1886,15.077,47.6164,-13.5462,2.2905,355.411,g
25.5909,0.0,2.1414,0.7365,0.4152,27.1843,14.455,0.0,16.345,184.646,g
13.4664,10.1341,2.1945,0.8115,0.4505,14.0209,5.9247,-11.7165,24.21,141.702,h
12.9656,10.9296,2.1383,0.7345,0.4691,13.7935,-6.4632,-0.4358,12.9511,200.767,g
222.6009,153.0741,3.8647,0.099,0.058,4.2177,142.0264,114.7321,68.4299,142.0709,h
21.0042,12.8793,2.372,0.5817,0.2994,-7.6677,-15.9531,-7.556,21.891,117.655,g
147.1506,107.5474,4.1057,0.1186,0.0397,29.5201,66.031,99.9023,78.6086,382.2958,h
25.0001,9.2853,2.5017,0.6173,0.4425,22.2638,24.787,-7.6555,12.1487,217.988,g
156.852,28.3523,3.558,0.1912,0.1003,-59.5682,-175.252,-18.5117,46.754,80.8319,h
22.8297,16.87,2.5173,0.3954,0.2177,-15.9797,10.8128,-5.5463,60.0278,182.35,h
21.4514,10.3118,2.3979,0.588,0.31,-3.5388,16.0409,-5.2053,8.6808,134.782,g
42.0555,19.0179,3.1033,0.227,0.1139,-16.217,24.6535,7.6598,0.091,191.548,g
59.9073,11.5772,2.4831,0.4114,0.1981,67.9764,-28.7391,3.992,34.4499,161.5613,h
41.9629,17.1655,2.7763,0.2812,0.1414,-37.8286,-21.24,15.7544,12.001,187.975,g
37.527,16.6884,2.8998,0.2771,0.1442,3.4484,24.0906,-11.9174,4.995,183.932,g
82.7097,33.0359,3.7144,0.1633,0.0846,29.5431,61.0629,19.0,1.216,291.139,g
150.054,84.342,3.3821,0.2614,0.1325,-134.609,-137.365,48.4513,78.7196,260.133,h
95.0578,52.2048,3.4675,0.2556,0.1382,-34.3276,-77.2771,29.6468,47.8133,287.852,h
74.9967,21.5708,3.3613,0.2263,0.119,-70.0755,68.1114,-14.5231,2.154,260.536,g
131.046,82.5585,3.3253,0.2095,0.1076,65.7691,86.4194,66.7253,69.433,409.482,h
26.7828,7.6988,2.5822,0.6262,0.4096,-28.0699,-25.3579,-10.3702,78.1325,176.8622,h
29.1293,14.9228,2.5855,0.4727,0.2481,-16.3392,13.1921,-12.8523,24.9145,176.901,g
32.682,13.5461,2.6473,0.3673,0.1707,14.9522,9.8967,8.3052,75.265,102.2822,h
40.0436,29.8364,3.3093,0.1673,0.0881,43.8255,22.922,-18.7429,1.6058,147.6,g
96.1,21.5383,3.1321,0.2398,0.1243,-88.5163,66.3915,-14.8999,5.9111,251.347,g
268.384,28.4885,3.3417,0.1011,0.0549,-381.734,142.104,-11.1603,1.607,95.3574,h
17.9549,10.6737,2.2122,0.5767,0.3221,0.89,-6.0434,6.0658,6.7579,105.544,g
22.6202,16.4216,2.42,0.4259,0.2529,12.7134,8.7507,12.0121,36.448,166.491,g
53.721,9.2039,2.733,0.3993,0.2183,25.4567,36.1811,-9.827,67.939,51.3226,h
24.1449,17.1047,2.6021,0.385,0.2062,32.0857,15.5108,-10.4905,35.5329,132.382,g
48.2689,28.4269,2.8817,0.5003,0.283,-0.861,57.7281,-30.09,89.8702,201.982,h
92.7629,43.6886,3.9353,0.1498,0.0797,13.1804,55.7717,23.7847,6.582,354.937,g
54.424,27.1683,3.4295,0.2053,0.1188,34.4532,39.2346,11.555,6.918,218.337,g
31.6734,22.572,2.6618,0.2963,0.171,28.0199,14.9985,-9.7599,28.296,120.347,g
90.3442,22.2941,3.1725,0.242,0.1382,-51.5174,72.4403,-16.1473,2.8697,278.854,g
50.183,22.5997,2.8707,0.2734,0.138,-1.5415,19.0335,-14.8383,23.816,269.603,g
106.554,31.4188,3.3434,0.1397,0.0755,-113.206,53.6824,24.3952,7.116,216.281,g
147.899,28.1824,2.5664,0.3446,0.1832,135.703,78.6148,11.7142,11.8712,224.665,g
127.824,90.0777,4.6163,0.0327,0.0166,131.424,98.3053,61.1582,0.462,191.153,g
23.9049,11.3034,2.4935,0.5457,0.2745,-6.1584,-20.4676,3.8512,19.4896,268.549,g
68.8673,13.6842,2.6875,0.2649,0.1468,52.5787,58.2567,9.1206,1.7069,160.028,g
57.3784,11.9098,2.5058,0.3619,0.1888,26.193,44.5276,5.0292,21.804,252.729,g
50.0861,18.0139,2.8482,0.2113,0.1113,-3.0284,-21.0931,13.7955,17.293,164.067,g
32.9417,13.3494,2.4232,0.4113,0.2283,9.8005,-21.9931,12.4638,8.8499,216.467,g
30.1141,11.4561,2.3232,0.5766,0.3411,56.9658,44.0529,17.4062,56.1464,254.5616,h
91.4673,26.3839,2.8337,0.2573,0.1386,21.299,91.3422,22.652,51.7579,225.1301,h
52.6356,26.6227,2.9641,0.199,0.1106,-25.771,-18.9617,-6.4777,34.3564,167.1355,h
34.4717,15.4518,2.7903,0.3063,0.1629,-3.1478,-19.8879,-9.2102,8.3289,133.084,g
42.2414,21.1756,2.9959,0.2181,0.1186,25.1862,-19.0195,13.4891,16.1076,136.238,g
122.153,20.0348,2.846,0.3735,0.2074,-19.9089,-83.3984,22.3203,6.1874,377.914,g
13.4794,10.0589,2.4091,0.8148,0.4581,13.8625,6.3151,-11.6744,4.148,253.525,h
71.359,11.985,2.9802,0.4061,0.2412,-37.9746,60.7987,-9.0666,0.986,323.597,g
73.1977,32.0477,3.6917,0.1548,0.089,32.3152,63.2748,19.7863,3.608,228.049,g
24.7809,14.0543,2.6291,0.4006,0.2089,-23.7705,-7.7667,14.2103,16.8283,219.6659,h
34.9763,10.7542,2.5694,0.4609,0.2574,19.3426,17.0663,6.0541,8.539,178.831,g
146.539,94.1871,3.4782,0.0928,0.0464,-32.8965,67.3974,-112.424,33.9366,145.938,h
41.2762,17.8982,2.6385,0.3931,0.208,-17.6255,-16.0743,-6.9331,8.699,139.522,g
28.2025,21.6164,2.766,0.3119,0.1928,-25.8824,-18.5048,8.9818,20.162,245.658,g
46.7418,20.156,3.0819,0.207,0.1147,48.1003,24.8633,-15.5033,14.283,214.496,g
33.9828,21.4605,2.9085,0.279,0.1525,16.3542,25.2116,8.9375,23.745,206.749,g
87.5837,33.3742,3.9208,0.125,0.0667,99.2131,75.0174,-14.3854,2.428,255.315,g
20.0777,12.6181,2.404,0.5286,0.2939,14.1429,15.066,7.8845,36.457,132.889,g
60.1806,24.8982,3.4499,0.1743,0.0939,49.4782,40.6826,10.2612,0.017,186.696,g
84.6898,21.6853,2.6985,0.3243,0.1712,81.5104,49.2539,-13.2194,64.0657,300.751,h
118.02,74.0994,3.7185,0.1187,0.0615,-5.6881,108.029,-46.388,62.057,339.687,h
34.989,15.9144,2.5653,0.4871,0.3143,-30.5873,-30.6854,-12.938,68.6169,50.8582,g
144.2787,21.6688,2.8651,0.2941,0.1506,-0.9184,-60.4121,11.1616,45.9286,294.125,h
49.5572,19.5345,2.8609,0.2466,0.1357,-0.1697,46.5641,15.308,8.1095,263.734,g
42.9123,35.0966,3.6205,0.1917,0.1156,-2.3716,-37.3538,19.1961,44.927,29.3704,g
46.9382,18.8261,3.2709,0.2824,0.1712,17.6733,36.0551,13.164,10.416,155.512,g
13.2735,10.1863,2.2188,0.8036,0.4924,-13.0409,-6.9525,11.0817,87.5122,178.856,g
91.4561,16.907,3.2584,0.1969,0.099,-18.7508,56.5931,-8.1813,32.984,114.641,h
64.9888,26.1442,3.4635,0.1675,0.0858,14.4632,59.4846,-10.2931,1.798,230.598,g
50.2744,29.8464,3.6069,0.1951,0.1042,27.2243,42.186,-14.0583,16.6925,85.991,g
67.2833,16.4001,2.7007,0.4223,0.2699,56.8337,58.9521,-12.2699,1.291,223.46,g
41.2532,24.1357,3.4272,0.2225,0.1225,17.6571,35.3903,-7.9437,7.521,97.7494,g
94.7218,38.4855,4.1226,0.0802,0.0404,25.8007,78.4474,17.5828,1.676,252.039,g
79.1292,26.7273,3.253,0.2435,0.1393,-73.9542,68.1103,23.9048,1.7184,266.951,g
31.4334,10.8098,2.3918,0.499,0.2738,30.5737,23.5748,-8.387,1.509,160.522,g
40.3361,15.2931,2.8482,0.3333,0.1894,-5.667,19.472,-5.0618,12.26,234.002,g
34.2728,12.7234,2.2911,0.445,0.2276,30.5691,-15.9443,9.0394,78.7878,94.4958,h
38.1627,25.1091,3.1041,0.247,0.1279,37.2749,22.8564,16.227,5.5119,188.124,g
12.6347,11.7757,2.055,0.696,0.3833,-16.0,9.8209,6.5793,73.055,176.359,g
159.1837,57.3305,3.194,0.1568,0.0746,-174.3441,-36.8551,41.9361,36.6345,240.4946,h
19.1802,16.9497,2.1816,0.4166,0.2183,-1.5758,-26.1325,-20.9175,48.5733,22.7596,h
212.881,80.0348,3.5707,0.176,0.0888,-177.735,-102.098,78.9216,49.4851,213.556,h
29.8697,12.8979,2.4257,0.3302,0.1745,30.6572,12.4539,-6.6045,62.887,72.4328,g
22.9167,21.4114,2.4983,0.5175,0.373,15.1277,21.925,15.5626,42.6266,181.747,g
74.3058,10.8371,3.0143,0.239,0.1243,-27.2986,28.3482,9.5231,17.416,212.865,h
63.2037,27.8243,3.3979,0.1624,0.0902,22.8586,48.7694,-19.1961,4.87,239.382,g
43.516,27.127,2.8873,0.2229,0.1316,-20.0589,7.6962,23.3337,7.658,252.709,g
84.9009,41.6145,3.801,0.1978,0.1153,-104.019,-54.1429,26.7647,1.419,384.328,g
31.3756,8.4294,2.4005,0.5606,0.3519,-14.0687,-12.2035,-8.4104,7.917,173.125,g
27.9625,21.6092,2.781,0.3179,0.1647,-33.4829,-5.1356,17.8175,6.703,198.254,g
19.2408,9.313,2.2672,0.6486,0.4622,3.1977,-13.5375,9.3671,11.0601,182.291,g
41.8527,24.3115,2.744,0.3782,0.2016,17.745,36.9855,-23.2924,60.0972,263.6259,h
59.7264,24.6707,2.8341,0.2901,0.1941,-14.6332,-28.9203,-18.9417,28.28,200.505,g
24.4464,18.334,2.5569,0.3551,0.2011,12.8798,20.1313,13.6383,11.2109,133.319,g
59.7865,21.43,2.8621,0.2843,0.1463,-66.6008,-37.6166,11.92,2.1534,262.871,g
50.0678,8.3694,2.8187,0.3884,0.2295,49.2171,39.1699,12.5765,18.1779,215.9294,h
23.1207,14.0498,2.6479,0.4522,0.2396,3.982,14.7351,-6.5502,22.208,143.885,g
102.6265,52.2987,4.0465,0.1082,0.0486,-6.6532,-104.2975,-18.1388,50.9632,179.2722,h
78.8325,27.4832,3.654,0.1735,0.0942,-52.4575,71.395,-21.2811,2.762,288.565,g
50.9379,28.2706,3.4046,0.1836,0.116,43.6241,31.6884,10.9688,19.3908,196.411,g
35.2689,18.4724,2.8331,0.2922,0.1652,2.2985,25.2277,-11.8835,12.9944,159.832,g
108.87,64.7326,4.4401,0.0574,0.0312,-27.8155,81.7727,15.8739,3.934,302.076,g
31.0316,15.7052,2.86,0.3175,0.1649,45.9593,5.9295,13.4505,8.7828,151.222,g
155.9743,43.4603,3.5616,0.1609,0.0756,-88.627,-91.7487,30.0075,64.0311,280.5655,h
119.83,55.8508,3.3754,0.126,0.0651,-37.0703,-128.267,46.3277,77.7234,41.0992,h
38.6174,9.5983,2.6217,0.3609,0.2164,7.6981,0.3058,-11.3009,88.2399,250.8145,h
28.0588,17.4177,2.7214,0.3096,0.1662,-17.146,-10.5734,-6.6204,28.4823,121.781,g
27.0561,13.4792,2.616,0.4794,0.2869,-7.6385,-20.0816,-9.8318,14.852,171.689,g
70.4799,18.7963,2.7906,0.3142,0.2016,-88.956,43.637,-17.9763,4.5199,251.386,g
54.5413,21.8909,2.6449,0.4507,0.2435,-25.9983,-41.0989,-13.8804,14.244,327.874,g
18.249,10.4383,2.2529,0.6034,0.3156,22.8063,10.1469,5.3027,15.8259,159.544,g
96.5835,56.2383,3.3838,0.2649,0.187,-32.361,-89.662,35.021,11.843,396.795,h
21.7507,12.5149,2.4894,0.5882,0.2899,17.9328,23.4829,-8.4085,84.9682,220.3298,h
28.251,9.1968,2.4526,0.5432,0.3545,6.4403,23.8752,-9.2986,67.6187,155.68,h
171.0088,60.9908,3.1721,0.2225,0.1214,74.1999,194.6039,-24.1557,49.181,65.2621,h
47.0893,20.5962,2.9763,0.1911,0.0956,13.9659,39.1249,-7.5246,2.621,180.709,g
27.9747,7.1877,2.4893,0.6321,0.3679,12.7571,18.647,9.28,55.4616,206.844,h
135.001,87.2186,3.1458,0.3074,0.159,-45.5034,-130.637,48.2537,5.337,383.405,h
36.755,15.4828,2.5231,0.3538,0.1784,-49.4626,-23.9838,-12.8916,61.492,44.5238,g
28.5828,17.0516,2.6594,0.3527,0.2026,-15.6348,-16.2065,-3.6791,3.05,181.161,g
29.0606,15.9605,2.64,0.4261,0.244,-3.8274,22.0494,-11.1108,73.4413,153.579,g
25.2306,12.0043,2.4857,0.4183,0.2369,-6.5118,-16.0185,-6.3149,1.6585,72.3971,g
130.764,77.6689,3.3468,0.1611,0.0839,192.356,-99.1321,67.8652,53.7738,86.4096,h
13.3872,10.4586,2.2418,0.7966,0.3983,15.0,-0.5703,11.9009,48.4033,180.765,g
137.2154,24.3122,2.8536,0.4993,0.3525,-119.3725,-89.309,14.2088,9.9849,398.0057,h
25.5881,12.4812,2.6756,0.3801,0.2045,-15.5568,15.0187,-14.2658,12.7754,199.2681,h
19.7296,7.4005,2.1189,0.73,0.4221,-1.1497,7.0435,4.9983,38.561,260.704,h
41.694,18.2801,3.1544,0.2593,0.1489,14.5372,31.7132,-9.5188,3.4088,173.079,g
52.254,17.6747,3.0894,0.1986,0.1184,29.0404,32.0298,9.0218,4.2321,255.514,g
34.434,17.7236,2.7016,0.334,0.1759,-23.4726,-23.4143,-7.8193,12.113,140.927,g
23.1901,8.4604,2.3304,0.6589,0.3575,-27.6737,-4.9454,-9.8265,51.965,191.678,g
30.9732,12.7544,2.4533,0.4613,0.2377,7.829,-20.6176,5.6696,22.8837,211.975,g
32.2107,19.8047,2.5877,0.3721,0.1873,30.3682,16.4199,-12.452,13.233,170.861,g
26.9285,7.756,2.6252,0.5294,0.322,4.9266,7.0077,6.1929,56.4788,183.2299,h
23.4801,0.0,2.1414,0.7653,0.4079,0.0,0.0,15.9529,63.095,229.66,g
23.3262,5.2021,2.2897,0.7808,0.4347,34.4949,11.5706,-4.1788,53.8693,188.3484,h
55.0304,26.4331,2.8287,0.2953,0.155,-67.7377,27.1398,-16.1175,8.2667,274.001,g
20.0308,6.8968,2.1973,0.8,0.454,19.7952,14.628,-5.075,11.338,97.8178,g
75.0832,17.2123,3.1222,0.2423,0.1309,-0.7595,49.341,11.4615,35.304,267.798,h
92.2617,19.6111,3.1824,0.3641,0.192,-45.2172,-55.2686,-14.8273,8.1172,332.8343,h
114.973,65.3205,3.8225,0.1418,0.0762,-56.3756,70.2804,-74.123,37.2837,342.715,h
199.806,65.8845,3.4353,0.1868,0.1015,-201.236,-124.784,58.0246,72.5219,301.137,h
101.9311,71.3216,3.4912,0.138,0.0595,65.37,91.835,-50.9974,4.4578,30.9511,h
147.383,35.487,2.9256,0.3169,0.2178,-168.736,-57.8306,-28.5496,32.783,227.05,g
20.7297,12.8606,2.2867,0.4548,0.2506,-16.5516,-9.7549,-6.8576,7.9853,168.896,g
27.5492,6.6931,2.4914,0.6419,0.3855,12.8989,14.4105,5.2811,13.968,207.396,h
60.6589,24.007,3.1673,0.2442,0.1316,-48.0334,-56.8415,19.938,68.547,74.1597,h
28.741,15.5464,2.7067,0.3654,0.1876,-15.9815,14.8964,-8.8782,2.335,150.991,g
177.368,151.703,3.5091,0.1654,0.0878,-140.203,-151.365,69.8459,0.0993,312.275,h
39.5886,15.164,2.708,0.2958,0.1499,-1.3452,-9.7493,7.9138,14.1753,209.946,g
85.2487,23.2834,2.7642,0.3253,0.1747,46.326,87.5737,18.7617,9.3662,291.342,g
24.398,14.5592,2.2956,0.5013,0.2759,-15.2866,-9.8324,11.2114,21.322,74.3741,g
32.1863,15.9342,2.5966,0.4101,0.2165,-0.2451,19.1356,7.6402,4.803,130.957,g
27.5481,9.8375,2.3473,0.4494,0.2315,15.1244,18.3478,-4.1184,3.686,196.064,g
12.6721,11.7224,2.081,0.7054,0.3859,15.8008,-9.3284,-8.9896,74.518,151.218,g
93.2945,24.2211,3.2695,0.2032,0.1089,-2.0955,62.521,15.7291,1.851,326.515,g
18.6742,12.4659,2.6857,0.6149,0.341,28.348,15.1398,3.2583,38.7916,230.0612,h
29.2209,6.6438,2.2742,0.5372,0.2793,-10.6477,-13.2483,-2.7864,3.625,120.357,g
27.3842,14.24,2.4448,0.5171,0.3034,-35.5826,11.8423,11.7636,4.756,146.404,g
69.6056,11.1889,3.0107,0.2966,0.1693,33.8472,46.1947,7.9043,46.897,153.717,h
20.1937,7.3055,2.1508,0.7279,0.3922,1.9021,-8.9312,5.4875,45.009,115.806,g
81.8705,37.9568,3.9073,0.1015,0.0537,-65.4696,71.1468,20.7158,0.227,260.36,g
46.8081,15.2763,2.5521,0.4404,0.2482,49.1972,-21.9238,-9.4602,1.4454,156.383,g
27.8336,22.651,2.6857,0.334,0.2052,-7.8502,-17.1714,14.7187,77.952,84.8202,g
25.8591,11.8145,2.7835,0.5021,0.2593,17.1714,-14.5131,-10.0547,62.8424,229.431,h
109.8893,31.9435,2.8997,0.3623,0.2007,81.8798,-100.1337,-27.308,39.7536,379.2065,h
27.699,18.3458,2.6937,0.3887,0.2196,18.7839,26.1077,9.2445,36.5252,103.251,g
154.1471,79.2754,2.8732,0.4743,0.2306,-140.3366,-99.2896,76.3853,23.681,390.8436,h
126.593,37.8483,3.6095,0.1192,0.066,98.1316,143.764,21.8229,18.705,76.9913,h
46.1392,24.2704,3.2414,0.2334,0.1334,42.9664,40.2157,-13.2266,3.1433,120.077,g
115.117,21.2907,2.8024,0.3262,0.1726,84.1382,54.405,-8.4278,71.01,95.7596,h
17.5083,9.0354,2.1022,0.7747,0.4265,-8.2976,-14.5158,4.3361,47.8106,223.3983,h
25.1793,19.3632,2.8283,0.3846,0.2146,11.1412,-17.8042,-7.4451,48.4993,37.7511,g
36.939,18.2265,3.0943,0.3477,0.1767,13.7988,27.5274,13.6707,7.1492,197.201,g
120.861,73.6597,3.2809,0.1828,0.1045,-109.039,-117.959,-31.3595,77.918,321.713,h
21.6665,10.4032,2.3771,0.579,0.3157,-8.2159,-0.8939,7.691,69.4669,143.3594,h
55.059,18.0137,3.068,0.2762,0.1458,50.0483,33.3449,-8.1996,1.502,186.519,g
24.15,10.9063,2.4141,0.4971,0.2563,3.3226,20.4622,6.5977,14.386,179.252,g
66.473,26.7256,3.7367,0.1553,0.08,24.5698,55.1792,12.3933,0.467,250.614,g
37.914,17.7641,2.541,0.3885,0.2288,27.5289,21.4711,-13.6596,0.49,131.4,g
56.8961,16.6032,2.9786,0.2437,0.1234,-13.4388,50.8119,12.2418,1.38,248.061,g
21.7041,10.8242,2.179,0.5629,0.3212,-21.5337,-19.4076,-10.7244,5.904,187.506,g
28.582,16.8035,2.7304,0.3516,0.1777,-4.7874,22.1801,2.3464,52.8284,119.815,g
21.1548,7.0846,2.0473,0.6816,0.3453,-25.3255,-7.4102,-6.2623,47.4731,195.113,g
37.7913,14.4555,2.7275,0.2996,0.1526,-36.5083,2.7918,11.7844,6.0791,179.726,h
34.5838,16.9877,2.5575,0.3296,0.1648,33.3383,17.116,7.074,0.1475,135.936,h
55.1571,18.0132,2.5308,0.4742,0.2842,-30.7705,-50.4968,13.9047,79.495,242.89,h
20.9399,12.7821,2.3253,0.487,0.2577,11.8258,13.7783,9.0861,24.006,159.421,g
37.868,16.1413,2.8675,0.3161,0.1852,-28.0937,19.4101,-11.0085,47.3369,134.706,h
58.8496,18.9649,3.0586,0.291,0.2014,-28.9588,-45.8214,-13.2065,4.4572,195.134,g
43.7592,23.0203,3.2831,0.2001,0.1019,-14.7281,17.2608,-20.028,5.167,220.111,g
54.8547,12.4319,2.9284,0.2983,0.1539,10.8605,31.7523,9.4073,70.289,247.697,h
141.2052,54.2402,3.7426,0.1595,0.0798,119.3406,125.4523,-58.434,44.8045,221.4339,h
30.3088,29.1463,3.083,0.2313,0.1161,21.4637,21.6181,-22.9576,34.5241,128.222,g
27.5001,8.1356,2.4778,0.5824,0.3577,-7.6491,-18.6656,10.9166,88.5843,133.008,h
51.9031,18.659,3.1216,0.3205,0.1636,45.6135,52.1665,12.0763,1.6997,232.177,g
20.6678,10.0102,2.301,0.595,0.3625,-5.0729,16.1354,-10.0029,1.0704,102.918,g
34.1731,9.626,2.5024,0.4434,0.2374,26.2583,25.8125,-6.5749,1.4848,212.869,g
19.6428,15.4887,2.4241,0.4746,0.2768,-4.9703,17.0838,8.1319,51.0691,252.673,g
121.1839,89.3474,3.8421,0.1048,0.042,-100.2806,-54.4342,-67.9457,26.0322,273.3197,h
93.7411,45.6301,4.2034,0.0752,0.0379,51.744,74.8596,-22.8164,0.3748,257.81,g
56.4198,16.7197,3.066,0.2345,0.1302,9.1619,47.8684,11.5413,3.093,205.266,g
43.7239,20.884,3.1181,0.2065,0.1055,-20.3641,-18.9739,-12.3713,17.406,192.546,g
35.4367,15.1226,2.5328,0.346,0.195,30.5392,21.927,-12.0347,44.6921,177.921,g
13.2183,10.8221,2.1351,0.7766,0.3919,-14.9535,0.9057,11.8929,7.022,151.46,g
26.1141,15.7883,2.7344,0.3871,0.1945,40.3996,-14.5766,-14.2485,4.7719,207.337,g
33.9812,24.0802,2.9554,0.2737,0.1391,5.1545,18.5123,-10.853,14.1901,33.0162,g
19.9279,10.5256,2.3222,0.6524,0.3548,5.9267,-16.4716,2.9613,45.8523,155.375,g
78.1631,27.3822,3.3964,0.1726,0.0881,3.0264,70.0042,-27.3007,7.741,241.698,g
103.641,25.5476,3.1057,0.1944,0.1031,-170.968,57.2744,-14.6201,1.0959,314.057,g
69.4398,28.6293,3.1443,0.2468,0.1331,66.2031,60.6361,-22.5188,11.29,254.383,g
29.7703,17.6255,2.6928,0.3854,0.1957,17.6515,26.9253,15.0666,22.139,229.28,g
44.5851,26.9834,2.8262,0.3312,0.1979,17.0539,58.8225,-16.748,11.5981,89.3849,h
42.6125,22.9955,3.0175,0.2161,0.1129,28.7517,16.5333,-11.5942,7.055,238.908,g
48.8508,32.4104,3.0372,0.2487,0.1537,11.3851,52.4496,-23.5629,5.328,113.173,g
26.3449,16.1219,2.5729,0.4759,0.266,1.1404,23.5678,-15.3784,47.7234,192.141,h
160.6805,25.0334,3.0186,0.3442,0.2136,-121.9785,-56.5295,-14.5834,19.5623,322.6846,h
12.9935,11.0298,2.3149,0.7506,0.4479,-14.21,6.459,-9.7896,50.922,48.618,g
44.8332,10.5008,2.7067,0.4656,0.2485,3.4712,-34.5551,7.9535,4.9965,185.966,g
29.1486,16.3655,2.7756,0.3755,0.2054,-9.5722,-19.5828,11.0002,15.2554,116.632,g
27.5346,17.1474,2.6637,0.3384,0.1746,-6.5985,18.9573,12.9865,2.5393,99.1698,g
34.0466,10.7681,2.7645,0.4592,0.2709,13.5489,32.3867,9.8052,57.166,211.043,h
30.3038,10.7505,2.5205,0.4284,0.273,-0.3839,-12.6961,-4.3567,66.074,131.152,g
25.1106,12.9009,2.4472,0.4714,0.2589,21.5544,8.8261,-7.4514,26.4601,155.673,g
24.0236,15.8415,2.5746,0.4154,0.2463,19.9012,-7.7529,4.4604,30.7437,132.411,g
46.5588,28.6929,3.3971,0.1864,0.0996,17.6816,46.0987,10.205,12.727,107.747,g
15.1501,14.8593,2.2314,0.7604,0.3815,21.3058,-3.03,-8.2226,62.8494,254.0879,h
102.807,16.3198,2.5711,0.4376,0.2617,-165.76,96.1142,14.9267,6.4229,216.198,g
12.3552,12.1346,2.2135,0.6728,0.3456,17.0027,-10.6998,-0.9435,60.1701,86.4439,g
31.4488,14.6316,2.7657,0.3791,0.193,5.7791,-26.6144,10.3662,14.121,194.79,g
21.8392,17.0143,2.7033,0.4911,0.3139,4.4285,16.1167,11.5788,42.7901,103.747,h
103.015,26.9201,2.9117,0.2855,0.1526,3.5157,11.6842,-23.2872,0.471,333.976,g
39.5479,21.6209,2.5211,0.494,0.2786,-5.1744,-12.2811,16.8873,23.6586,325.929,g
158.86,29.3982,2.8373,0.2953,0.1855,-104.699,-110.154,-6.6452,0.0103,353.41,g
41.2321,15.4546,2.946,0.2899,0.1727,3.6032,31.3793,-8.0229,6.63,183.758,g
26.9333,16.4084,2.5447,0.408,0.2126,-31.8156,9.9184,7.2516,32.125,64.3195,g
43.4117,20.8084,2.8053,0.4205,0.2589,10.4703,24.6049,15.4264,85.8773,122.4367,h
31.3567,9.0167,2.4393,0.4945,0.3,-19.3418,-21.3725,6.1725,5.816,111.103,g
39.909,18.4859,2.6498,0.3091,0.1624,26.9854,15.2692,-9.403,8.869,148.422,g
13.0934,10.6012,2.2109,0.7754,0.4831,13.3214,3.9047,-10.0662,74.741,83.8268,g
89.0364,25.2322,3.2725,0.2904,0.1455,-85.6931,-27.1828,16.0969,3.585,346.676,g
88.1208,17.6223,2.8719,0.2767,0.1471,-1.6843,97.7739,-4.3376,4.201,243.22,g
36.5605,14.4003,2.7731,0.344,0.1981,17.7118,35.4336,-4.3761,11.288,254.812,g
39.6297,15.6113,2.7328,0.3977,0.2441,-3.1471,11.1436,12.572,10.2034,164.8455,h
19.6734,18.7298,2.5894,0.5148,0.2973,-7.2619,-12.5052,-12.226,6.501,179.987,g
20.3612,6.9041,2.4074,0.5513,0.2962,-40.0515,6.2928,10.0156,87.0836,155.8387,h
19.8471,16.338,2.567,0.561,0.294,20.0845,13.9887,12.8509,62.9714,110.845,g
31.5125,19.2867,2.9578,0.2975,0.1515,38.1833,21.6729,-12.0726,17.5809,171.227,g
17.4792,7.4648,2.2418,0.7794,0.5473,-0.3643,-1.2056,4.3031,58.5483,201.84,h
18.6799,10.4089,2.2148,0.5244,0.2774,25.0302,7.0749,2.6464,8.3449,104.086,g
50.0093,20.7716,3.0957,0.2712,0.1448,8.3385,42.9655,7.0008,7.9705,139.657,g
53.3458,10.346,2.5347,0.5577,0.3285,-61.4294,-29.9526,-5.2151,7.4932,300.907,g
23.7559,0.0,2.1222,0.7698,0.4415,-23.6605,-17.4157,0.0,44.9163,220.776,g
81.0999,20.1503,3.1903,0.3768,0.2248,5.7235,51.9805,-7.3353,5.3011,335.422,h
25.3591,18.4557,2.8028,0.411,0.2197,15.0357,20.747,8.317,34.5962,71.3507,g
145.6048,81.255,3.6376,0.1232,0.0694,66.2417,-103.8861,-47.3822,54.4519,326.1046,h
15.9013,11.8234,2.4713,0.625,0.3429,0.5862,-3.4544,-5.6358,14.781,54.3459,g
22.0271,12.3372,2.5472,0.5645,0.2879,20.555,10.3097,-7.1018,7.383,138.696,g
34.8629,20.5725,3.1017,0.2809,0.1404,39.1696,26.9348,-9.652,14.161,91.5397,g
21.9209,17.3337,2.4654,0.5171,0.286,14.6179,17.1779,-18.6644,8.3521,183.242,g
18.1853,12.8991,2.4836,0.5616,0.2906,-2.9115,11.1418,7.4341,54.9825,168.84,g
18.317,12.618,2.5303,0.4827,0.3261,-2.9681,9.5771,-13.2887,48.4839,223.106,h
257.9951,104.7926,3.4855,0.1827,0.1043,-188.5548,-274.9632,62.5439,51.5414,201.8658,h
22.2696,16.8281,2.6444,0.5329,0.2959,25.3278,18.8315,-12.565,15.229,177.234,h
63.9326,31.039,3.3938,0.2443,0.1254,49.2973,59.7712,-11.0097,33.194,273.419,h
22.5967,11.999,2.3589,0.512,0.3042,-28.3095,3.7697,-9.5853,56.553,116.499,g
62.9321,15.2389,3.1313,0.2683,0.1415,56.4425,62.0719,4.3248,0.542,214.813,g
19.6069,9.6188,2.2577,0.5912,0.3564,-22.6862,-11.7106,-3.7514,34.1365,130.378,g
20.5987,12.5482,2.4749,0.4556,0.2362,-0.2461,-8.1183,9.1083,5.97,167.543,g
59.0364,30.4244,2.943,0.3615,0.2047,-55.7689,-20.8304,6.5899,12.026,306.025,g
70.543,21.602,2.8943,0.2934,0.1614,-61.9607,57.4126,14.5543,7.888,274.515,g
84.6878,25.0205,3.4849,0.2001,0.1275,-52.88,61.1816,13.1956,2.877,277.696,g
24.1739,10.6332,2.3086,0.5061,0.2924,-7.5514,-18.3312,7.1153,16.2545,192.505,g
26.6705,14.3241,2.7543,0.4507,0.2298,25.2085,-6.0954,8.1137,14.5024,208.083,g
24.2138,16.5718,2.4935,0.3884,0.2135,-11.298,-12.3428,-13.7077,3.387,234.542,g
152.8,41.7867,3.3937,0.1434,0.0766,-263.426,89.5195,-36.1643,53.7624,254.284,h
170.539,47.8698,3.1596,0.1558,0.0855,-263.69,134.901,12.156,23.122,189.469,h
42.6463,15.7421,2.7612,0.2548,0.1291,-48.4286,22.9909,11.2601,5.392,167.227,g
10.8567,10.8014,2.3301,0.6371,0.3562,30.62,-5.0966,-3.6579,80.3887,148.5263,h
12.7436,11.6024,2.1599,0.7128,0.3979,15.5149,-9.0283,-8.9225,39.403,140.963,g
24.5954,11.1363,2.6149,0.5291,0.2973,15.5226,-12.7341,10.1267,46.742,114.235,h
112.725,82.8625,4.6295,0.0397,0.0203,3.0356,83.0895,-32.6349,2.337,276.547,g
83.2569,34.0545,3.5134,0.28,0.1642,9.4165,58.4135,17.8453,0.347,371.048,g
24.5405,12.1091,2.4609,0.4671,0.2405,18.9836,12.8357,-9.0567,33.349,153.935,g
86.1643,27.8817,2.8179,0.3224,0.165,-58.7905,-32.0668,8.4158,3.0817,272.056,g
28.906,21.6955,2.6042,0.3806,0.2102,-15.2301,-12.7448,12.2635,21.497,100.557,g
149.37,17.033,3.0722,0.2938,0.1757,-239.549,133.671,16.0039,4.2585,301.39,g
34.7572,12.3778,2.6004,0.3563,0.1794,-4.9477,18.219,8.917,18.3397,155.676,g
16.836,13.7933,2.4627,0.5544,0.3164,18.1786,1.7241,-9.4202,57.0521,136.7892,h
19.5155,7.4337,2.1055,0.7294,0.4353,0.7152,-5.7937,-4.7317,8.536,157.97,g
34.5908,12.6329,2.617,0.43,0.2234,27.3745,-18.514,12.6149,2.433,213.926,g
94.2957,77.9859,3.8505,0.1521,0.0811,-63.6886,25.2362,42.6952,44.223,409.048,h
196.051,26.7767,2.7505,0.2824,0.1696,60.0775,215.894,17.4956,40.5414,79.5809,g
43.992,20.0273,2.7694,0.2636,0.1437,-17.9251,-19.3787,17.519,19.157,209.083,g
80.7951,39.9652,3.4218,0.2351,0.1255,-2.9172,39.5632,-32.3136,4.874,336.315,g
19.4247,13.4496,2.5447,0.5678,0.3609,-3.2619,15.1521,10.0745,68.1324,234.56,g
24.8627,9.8029,2.565,0.6898,0.3289,0.7219,13.0531,-7.4177,72.0986,205.4176,h
18.0214,10.6734,2.1732,0.5772,0.2919,-23.5479,-9.0283,-4.8682,0.8832,184.309,g
25.1333,9.7512,2.2776,0.5066,0.3034,-12.9737,14.1166,3.4455,52.0161,203.107,g
22.2809,10.2002,2.4688,0.5317,0.3049,19.8247,22.9996,-5.5027,22.4196,79.0676,h
89.5539,21.234,3.2913,0.2178,0.1153,66.4239,65.6445,-13.1869,0.1015,300.69,g
130.6805,95.6781,4.3586,0.047,0.0438,-4.7512,-179.9573,77.0346,75.7037,233.3462,h
76.5398,24.806,3.1276,0.1446,0.0757,-125.656,47.8438,-11.0657,2.2453,202.902,g
42.5309,24.629,3.0116,0.2278,0.1222,11.5399,37.5428,15.7883,27.4131,250.684,g
41.3562,20.4803,2.995,0.3055,0.1775,29.0365,33.3342,-15.7279,5.5299,157.197,g
16.278,7.867,2.2406,0.7934,0.5017,4.1144,-3.7571,-1.7059,80.935,236.0048,h
74.9217,24.4466,3.3037,0.1744,0.0981,22.8737,61.4777,-15.5874,2.594,204.329,g
12.9698,11.0819,2.1804,0.7459,0.4455,14.2956,-6.8769,-9.452,55.8846,164.66,g
21.3905,10.3612,2.5145,0.6453,0.4052,-17.2761,-18.4092,9.5312,45.883,177.891,h
40.3914,9.2676,2.4048,0.4449,0.2579,17.3203,34.0171,-9.2817,1.0037,243.84,g
64.8532,9.4141,2.4339,0.381,0.1816,-55.7464,32.7365,8.3127,89.717,185.5904,h
18.9405,7.4823,2.3274,0.7435,0.4682,-0.5794,4.8004,3.7395,75.056,208.478,h
45.4388,26.6834,3.269,0.1905,0.0988,44.7883,37.7841,10.3951,23.8454,152.188,g
22.5931,0.0033,2.2418,0.7736,0.4155,-3.9542,13.6766,0.0,19.423,234.385,g
54.0825,28.0936,3.6063,0.155,0.0828,7.944,50.0777,-17.2016,13.3384,174.528,g
27.5166,20.3364,2.7631,0.3848,0.2114,-11.0687,21.4525,-17.8332,44.6119,152.287,g
33.3528,17.6866,2.7551,0.3796,0.275,15.898,27.6711,-8.487,8.709,196.918,g
167.067,25.5716,2.9135,0.316,0.1959,-155.903,89.6199,-13.1992,4.486,302.995,g
52.2878,21.4043,2.8813,0.2213,0.1121,17.6009,2.1288,10.2394,22.0388,69.0464,h
48.0128,11.4549,2.8299,0.3432,0.1723,31.2111,36.4697,-7.3894,14.985,224.053,h
28.2195,16.0469,2.6133,0.4312,0.218,1.1911,27.1142,-3.1397,12.214,196.942,g
23.2738,11.3111,2.5971,0.579,0.3325,4.9342,22.632,4.901,77.1764,134.767,h
21.1064,13.3696,2.4313,0.4805,0.2348,2.703,-9.5853,5.4504,67.4128,142.2807,h
137.3589,28.7153,3.3425,0.1368,0.0583,17.7706,78.417,23.3492,85.8318,96.9345,h
19.9436,12.8339,2.3454,0.4605,0.2325,-1.4502,8.3106,8.3677,30.5107,200.701,g
31.3155,18.3709,2.6547,0.361,0.2049,-17.5092,-20.9787,11.2839,18.2357,243.734,h
18.6352,10.2902,2.415,0.5846,0.2942,24.1971,8.6541,-5.3007,62.6769,169.559,g
30.8216,10.2465,2.3901,0.4644,0.2546,-41.7539,15.4014,6.6259,28.6827,186.946,g
184.9553,116.9481,3.9189,0.1126,0.0642,-81.599,-172.2959,-100.0102,4.4175,268.8151,h
35.8038,15.5345,2.7173,0.3854,0.2176,-4.4131,-29.9929,12.8724,29.837,87.5836,g
24.0688,16.5052,2.5065,0.4611,0.2321,9.2041,22.983,-14.9769,33.4211,195.517,g
22.698,0.0,2.1156,0.7586,0.4176,-2.9887,12.5057,-0.0001,7.7055,193.761,g
51.9869,17.2705,2.5871,0.2691,0.1384,45.3067,43.9765,-10.4089,34.1301,105.962,g
24.942,13.7098,2.537,0.497,0.3183,19.8686,18.0814,6.2089,37.1575,199.303,h
58.6959,15.1367,2.6689,0.3087,0.1704,78.5107,-19.1356,-9.5868,2.2573,168.445,g
103.021,14.6418,2.8142,0.3819,0.1956,77.4776,96.5723,9.2953,19.43,277.16,g
22.305,13.1162,2.372,0.6802,0.3549,9.1098,17.1924,-7.3851,89.8864,138.5118,h
48.1283,18.5833,2.7828,0.3474,0.2407,-51.7059,-39.3737,10.2004,41.2224,91.6196,h
56.0474,19.8364,3.2051,0.2657,0.1587,-79.3262,31.1128,-14.7622,3.164,250.211,g
33.5735,17.9992,2.5321,0.3906,0.2247,-45.0144,24.2938,-4.0172,4.3297,192.427,g
85.6145,22.8778,3.2367,0.2186,0.1168,87.5353,85.5687,-6.1278,1.57,243.295,g
36.4776,13.547,2.7328,0.3589,0.1933,-8.1838,-32.0062,7.7308,6.2452,231.05,g
25.8976,10.4055,2.5347,0.4584,0.2584,13.0968,19.6692,-2.2195,12.5588,212.241,h
19.633,13.6829,2.4864,0.5253,0.3344,4.8144,-16.1456,8.007,51.7326,154.356,g
64.713,25.9065,3.5062,0.1649,0.0881,22.1605,56.6713,-9.7075,1.569,209.056,g
69.999,23.1597,3.0667,0.1741,0.0913,-61.4528,24.8212,-9.4721,0.0796,213.279,g
28.8702,19.1184,2.889,0.2995,0.1724,0.3448,9.7913,10.0564,4.207,182.464,g
24.5128,19.1032,2.6042,0.4527,0.2401,-2.0897,19.7944,-13.2641,51.46,165.272,h
18.4342,10.5673,2.1367,0.5109,0.2591,25.6016,5.0747,-2.2936,9.3626,183.931,g
78.7876,23.4769,3.0045,0.2622,0.146,19.5918,77.0281,11.1314,28.226,204.001,h
16.9608,11.1912,2.8429,0.4812,0.2881,-0.4332,20.4537,10.1228,41.7464,190.6379,h
25.0586,19.0707,2.8189,0.302,0.1555,-6.1456,10.9499,-8.2602,56.591,167.437,h
20.859,10.555,2.6604,0.5128,0.3112,-35.6338,-13.3329,7.8399,49.3494,203.0889,h
24.9251,10.2825,2.4401,0.4791,0.245,14.6797,-17.1593,5.6988,12.174,119.474,g
27.393,10.5005,2.5551,0.4903,0.3162,13.1302,4.9413,-9.3713,76.4393,162.859,h
43.8241,16.8473,2.7712,0.3014,0.1634,46.8169,-23.0564,14.2963,2.746,243.784,g
34.4133,9.8594,2.7627,0.4974,0.2617,32.5521,25.1394,8.6112,62.831,223.964,h
22.4762,11.4257,2.3829,0.5797,0.3582,-25.9621,-10.0548,-7.0058,16.3023,215.651,g
49.5199,20.1482,2.8573,0.2069,0.109,-11.4545,-11.5408,11.0801,16.8734,272.352,g
295.672,136.9041,3.3433,0.1913,0.1174,-169.8886,-318.3002,101.9497,53.1805,293.553,h
97.815,30.6089,3.4164,0.1461,0.0807,56.6552,84.3183,12.7832,10.9562,293.82,g
95.2817,32.3601,3.7994,0.1168,0.0607,96.6212,80.6644,27.5655,6.69,263.173,g
118.4085,21.1124,2.6052,0.5898,0.4158,67.334,112.5493,9.6168,80.0592,241.4869,h
35.6255,19.8706,3.1647,0.2793,0.1516,28.8475,-26.1111,12.294,3.866,183.938,g
35.7084,15.7785,2.5031,0.3799,0.2057,31.7379,29.6927,-8.4502,35.069,197.877,g
184.7689,63.0994,3.436,0.1205,0.0681,-229.4263,-98.635,53.8718,68.6399,258.5003,h
25.1239,12.2252,2.4091,0.5419,0.3177,15.0,10.9236,-11.8951,22.232,165.169,g
54.1366,18.219,2.9566,0.242,0.1398,70.7401,38.1067,4.0859,0.16,208.197,g
49.9223,22.3316,3.293,0.2363,0.121,6.7223,51.4013,-12.9949,6.85,240.119,g
21.4815,10.7129,2.2148,0.561,0.2896,22.3577,18.5987,-10.3562,66.0088,208.604,g
34.4067,15.989,2.9423,0.313,0.1799,-6.4452,18.3329,-7.4337,7.166,160.923,g
12.8534,11.3489,2.1508,0.7138,0.4276,14.8725,-8.5355,-0.0762,22.004,240.216,g
202.829,73.9967,4.3622,0.0678,0.0364,-66.4079,-159.354,-21.2584,76.113,348.978,h
52.2513,19.1501,2.752,0.2779,0.1708,78.0199,-29.1554,8.5605,0.4811,185.71,g
88.5788,32.7777,3.7263,0.1536,0.0799,-85.115,73.6068,-21.8818,4.6221,314.254,g
42.0158,15.7637,2.9191,0.2867,0.144,16.2442,28.4049,-12.1781,0.9256,198.753,g
58.2002,10.9563,2.5882,0.3535,0.1711,-45.0252,23.6823,10.3233,9.0707,182.448,h
28.2866,6.7738,2.1959,0.586,0.2962,-7.1484,-17.522,1.2828,36.5127,274.118,g
83.643,14.7924,2.7118,0.3786,0.2087,102.715,-45.0664,15.0877,47.7477,156.553,h
27.4635,25.4862,2.8435,0.2509,0.1269,-25.3273,-24.3228,4.1052,38.2583,68.392,h
26.9946,14.0507,2.5658,0.5082,0.3193,-23.7921,-24.8184,10.334,5.7653,159.167,g
58.8706,20.0434,2.9299,0.2456,0.1416,-21.6574,-45.6059,16.4317,28.2421,192.862,h
27.4363,6.9876,2.1818,0.5724,0.3257,-11.7396,-11.8573,3.8028,63.7379,221.821,h
83.4204,54.0954,3.4037,0.2846,0.1697,20.1457,57.1011,29.8642,45.4744,398.5181,h
28.2001,11.0639,2.4091,0.5068,0.2632,-11.624,-9.8592,-9.0936,3.964,146.545,g
59.4021,29.7172,3.1579,0.2127,0.1241,35.5777,58.8996,28.8805,11.855,269.14,g
74.3446,29.6566,3.6303,0.1148,0.0587,61.3344,63.4961,-20.5881,7.6188,200.482,g
50.1561,17.9926,2.8698,0.309,0.2126,33.332,39.2103,-14.2128,5.07,201.085,g
12.704,11.6754,2.2589,0.7107,0.3884,15.6567,-8.9679,-9.6327,7.2808,198.36,g
138.4453,57.6035,3.4958,0.2004,0.116,-94.8604,82.4288,-32.2385,11.8903,244.2201,h
39.1668,16.0399,2.8398,0.2936,0.167,0.0642,29.8002,-8.7091,2.027,216.296,g
16.9503,10.5943,2.3385,0.6697,0.4151,2.5271,-6.1621,8.1174,69.1045,200.555,g
20.7386,12.6304,2.5334,0.5593,0.3441,12.1392,17.8583,6.5028,29.934,147.634,g
30.8343,16.9119,2.6299,0.3048,0.163,-30.9267,-21.5879,11.5711,56.523,53.5987,g
113.9722,18.3695,2.718,0.4921,0.3018,95.8983,111.4018,6.8345,14.2829,147.613,h
41.9913,17.9165,2.7508,0.3411,0.1601,-76.7312,41.1898,-4.3532,3.9992,280.853,h
22.5607,19.4423,2.7033,0.3881,0.2069,33.4041,6.7109,-10.0662,0.1159,170.835,g
76.9149,29.3619,2.913,0.1759,0.091,-49.2984,-43.5987,-16.6109,53.2285,217.097,h
23.0121,15.7051,2.723,0.4711,0.2602,2.81,-17.6436,-11.4261,32.861,158.464,g
19.2845,11.3002,2.3598,0.6157,0.3122,-9.2834,18.0623,8.2219,83.7969,63.9129,g
25.5165,15.0138,2.6253,0.4621,0.2713,0.6638,23.9959,-8.2883,26.9872,111.085,g
74.8605,28.5923,3.6254,0.1756,0.0935,26.0505,7.0047,-12.0999,0.098,282.26,g
66.8511,16.2906,2.966,0.3372,0.2004,18.1157,47.1933,-14.3518,9.2282,298.2473,h
12.4992,11.9681,2.0394,0.6941,0.3516,15.4763,-6.5078,11.1903,21.57,62.5198,g
103.083,11.9106,2.4757,0.4816,0.2759,117.188,-76.2898,-6.4792,68.039,195.346,g
13.109,10.6767,2.1156,0.7739,0.4713,-13.585,-2.5324,-10.4481,32.0404,203.513,g
30.1299,18.6517,2.6716,0.3131,0.1608,-33.6601,-19.1441,-6.9749,14.4261,177.414,g
23.1716,9.5924,2.2742,0.6223,0.4016,21.7069,20.1332,11.3888,30.652,125.416,g
65.0794,29.453,3.307,0.183,0.093,-14.4957,-33.6173,-20.5888,2.7999,252.383,g
39.167,10.027,2.8678,0.4895,0.2854,8.9228,-13.3208,6.3064,27.714,167.201,h
30.15,19.2314,2.7243,0.2642,0.1557,-4.2906,-10.2902,-9.0885,6.93,173.789,g
35.2793,19.4539,2.8831,0.3534,0.18,16.8158,25.9614,-11.2248,15.2584,205.474,g
31.7355,15.0095,2.616,0.3995,0.2458,-10.8927,17.559,12.4594,3.6204,176.033,g
35.6953,28.3828,3.5252,0.2396,0.129,-13.4253,-22.8975,8.6086,72.171,38.6618,g
120.9462,63.157,3.2739,0.1734,0.1159,169.8631,-92.7586,43.2713,10.9991,112.6873,h
82.4094,21.5765,3.0848,0.2468,0.1411,57.958,76.3281,-17.1337,0.617,283.982,g
28.8227,18.0296,2.8985,0.3373,0.1939,12.6347,19.6779,10.0242,22.053,140.793,g
37.5856,18.1024,3.0137,0.2723,0.1672,18.0017,25.3594,11.9947,11.117,177.301,g
47.4621,39.9715,3.0789,0.1775,0.071,8.8388,25.1838,26.0049,65.5145,146.4611,h
34.5169,13.3139,2.5999,0.4271,0.2425,2.3471,29.6768,-8.1092,0.408,132.696,g
17.3883,10.6291,2.5821,0.6335,0.3835,-1.553,6.1826,-7.47,89.0125,258.262,h
20.4624,7.0807,2.0881,0.7592,0.4041,22.0253,12.8465,-5.647,25.2239,107.286,g
26.2856,15.1237,2.5447,0.3652,0.1869,-40.2266,11.1425,13.0002,18.8584,169.98,g
37.1898,16.2488,2.9759,0.3224,0.1739,-13.3445,-6.6957,-7.5508,7.0604,170.414,g
42.7776,34.8709,3.0302,0.1959,0.1133,-13.6995,33.7195,13.3917,69.097,94.835,g
122.811,62.1895,2.934,0.2433,0.1426,136.126,-85.8585,-72.1514,25.743,134.534,h
19.3336,12.313,2.5838,0.5789,0.296,4.669,-14.7105,-8.3488,56.5272,132.0,h
39.6606,15.4898,2.6726,0.3167,0.169,-59.4772,-11.597,13.6889,34.0416,192.702,g
74.9136,18.5945,3.1433,0.2595,0.1319,-75.867,67.8681,-16.7463,4.002,265.755,g
22.2724,0.0,2.1508,0.7279,0.4488,-0.2118,5.0,0.0001,46.1424,216.186,g
157.757,106.801,3.4859,0.1892,0.0965,59.7534,121.385,127.381,82.3074,416.326,h
17.5084,10.4688,2.4425,0.6282,0.3773,19.6975,12.1284,3.3264,44.4946,172.133,g
30.3926,0.0,2.248,0.6158,0.3927,10.1696,20.6071,0.0,0.0,100.169,g
66.0336,20.8262,2.4983,0.4794,0.2429,57.2049,-28.664,-19.2174,6.638,283.831,g
15.3417,11.5239,2.3357,0.8309,0.5495,25.0149,2.9592,-9.537,63.9277,236.4317,h
44.7138,21.4698,3.1331,0.212,0.1181,6.1446,-32.5076,-13.1393,3.3443,193.561,g
32.9432,12.8327,2.4433,0.3496,0.2036,44.1146,21.9612,-7.8081,4.0575,147.735,g
60.5409,14.2346,2.917,0.2978,0.1544,-59.3082,-11.6876,2.9627,87.738,139.354,h
30.7233,17.244,2.5244,0.3856,0.2078,13.6295,17.4499,-17.5649,2.0573,180.643,g
46.5688,25.0761,3.143,0.2259,0.1248,9.9641,30.5916,-15.8638,10.39,90.6557,g
29.3664,17.6795,2.7328,0.3108,0.1582,8.0455,20.1591,5.8608,52.9899,214.79,h
90.6662,37.7353,3.5818,0.2266,0.118,-15.7899,-38.7518,-19.065,2.481,404.328,g
27.1366,15.5445,2.5078,0.6697,0.4359,16.5055,-5.6294,-0.2316,13.4866,207.5123,h
174.1801,63.2093,3.4856,0.1598,0.107,-213.4146,-157.9789,-55.0724,5.3315,267.1959,h
44.3606,19.9812,3.0812,0.2124,0.1091,49.0002,35.5142,9.8992,3.7502,100.395,g
161.639,61.6327,4.2465,0.0448,0.0228,155.112,160.213,24.6766,75.7013,159.848,h
41.2802,17.6486,2.8993,0.3443,0.1784,28.8183,37.2935,-11.7042,14.077,253.827,g
42.1712,11.9324,2.4829,0.4539,0.2418,45.024,17.3649,-9.1849,10.7626,124.56,g
52.1417,51.7241,2.7439,0.2873,0.1266,15.2124,48.8939,-31.9177,6.2682,221.9544,h
32.3865,11.552,2.639,0.3628,0.194,28.903,14.5071,-6.3446,7.4884,212.645,g
87.3122,31.0349,3.672,0.1986,0.1063,-41.5705,47.773,-13.7868,1.902,358.097,g
59.4407,26.0793,2.9734,0.3424,0.1994,56.1404,52.1499,-12.1136,5.836,252.49,g
23.452,10.5072,2.5419,0.5303,0.3142,30.5816,27.8174,2.8551,85.8912,217.2303,h
157.672,58.5786,3.9945,0.1078,0.0561,-70.9062,-122.064,-40.4482,26.359,299.256,h
70.1757,26.7632,3.8166,0.1599,0.0838,-5.0073,52.4033,-16.4713,0.695,269.965,g
182.4738,37.1706,2.9856,0.2622,0.1841,-265.0052,172.5351,7.6725,14.3907,139.6862,h
40.2341,25.8946,3.0362,0.2042,0.1026,56.4132,-20.9438,-16.2614,6.2066,223.564,g
19.9527,6.5626,2.2292,0.8201,0.5162,17.6483,16.5275,-5.1195,56.684,189.301,g
24.332,0.0,2.0846,0.6831,0.3416,0.0,0.0,8.6597,17.9481,245.788,g
38.8415,15.7343,2.8024,0.3105,0.1647,4.6413,28.2858,9.3752,0.4595,191.744,g
93.3691,29.923,3.2874,0.2203,0.1287,-22.0218,89.1856,-12.8911,18.761,294.353,g
58.0216,25.4482,3.1546,0.1709,0.0907,-32.5491,-44.2358,17.3529,3.131,183.871,g
24.3343,15.0848,2.6239,0.3555,0.1625,4.6628,11.697,-12.1298,31.844,178.1996,h
76.7136,19.7113,2.6551,0.2876,0.1471,-6.9114,38.031,-14.2018,7.946,153.304,g
66.5997,14.3786,3.0894,0.2665,0.1376,58.6029,41.6965,-9.876,10.178,133.3906,h
13.1755,10.4054,2.1889,0.7896,0.4887,13.1469,5.9301,10.68,12.8122,252.244,h
63.805,23.9225,3.4746,0.175,0.0997,44.1231,51.4361,-18.4904,0.1897,240.845,g
29.7872,10.9194,2.6703,0.5176,0.2636,20.5877,16.9527,11.3137,53.6127,194.8854,h
139.188,70.5973,4.2746,0.0797,0.0352,1.281,87.2078,-29.0404,67.0964,334.6477,h
89.1214,17.5649,2.7003,0.3629,0.1904,-118.661,75.4707,9.732,59.553,66.2239,h
51.4989,21.972,3.131,0.2404,0.1365,-9.3133,-37.721,-13.8495,1.5331,228.885,g
82.2052,37.4298,3.8189,0.2159,0.1157,29.4843,47.214,-18.9369,1.4594,390.94,g
48.2433,11.4966,2.9042,0.3204,0.1627,32.4943,10.3585,-4.5613,81.9384,151.514,h
14.0343,8.5698,2.404,0.8757,0.4477,14.7287,4.5391,-11.2749,13.2698,123.216,h
50.3947,10.9445,2.3458,0.4826,0.329,46.8316,39.3874,1.7221,70.8438,144.1368,h
78.6741,48.7446,3.216,0.1088,0.0569,18.538,18.8247,-38.5338,1.7904,138.305,h
28.8681,14.3276,2.3997,0.4024,0.2211,-26.577,-20.5243,-9.968,69.259,221.398,h
68.9277,17.4968,2.8004,0.2787,0.1465,-60.5299,20.0711,-11.462,4.387,267.366,g
13.3706,10.4955,2.1717,0.7946,0.4007,14.9398,2.0921,11.9017,47.994,180.736,g
114.804,63.3777,3.4672,0.1197,0.0673,-68.2379,-6.4847,-50.8131,14.701,297.473,h
17.1038,15.0255,2.3444,0.6561,0.4186,1.5933,13.1198,-14.3588,75.1791,61.9113,g
18.0153,10.4139,2.5159,0.7287,0.4192,-7.8462,15.1027,5.8765,21.5425,207.077,g
73.0912,20.3521,3.2885,0.2182,0.1516,-111.662,34.7953,17.2083,2.2062,250.141,g
80.7503,30.5812,3.8613,0.1555,0.0832,-53.3292,77.7325,22.1634,5.239,309.13,g
20.904,6.8481,2.1414,0.7581,0.444,-20.9858,-14.5432,-6.0219,20.859,205.639,g
118.105,40.7962,3.4483,0.1339,0.0778,33.193,92.8722,-9.8269,86.7108,268.088,h
150.4164,46.3383,3.3801,0.1344,0.1047,77.7567,74.8631,-42.4802,32.694,183.051,h
28.5749,9.4561,2.4256,0.5427,0.3178,-12.9299,-16.6155,-11.8846,51.6158,67.3931,h
16.2944,11.6743,2.2175,0.6061,0.3121,-0.6496,4.2408,3.6964,81.919,182.046,g
40.002,16.593,3.0567,0.33,0.1891,16.2799,26.3974,9.8434,6.082,147.063,g
33.2147,30.5176,3.4962,0.2408,0.1287,20.5129,7.565,-22.5822,53.4211,62.528,g
70.6084,48.8302,2.9877,0.1574,0.0818,-71.5902,35.9295,24.1439,68.6708,181.569,g
46.0246,15.4662,2.9368,0.3239,0.1718,37.7466,35.6382,-7.7421,3.595,196.879,g
20.1638,12.7267,2.4448,0.4452,0.2316,-19.1572,-6.4733,6.7455,11.655,188.7,g
28.0597,8.0648,2.2122,0.589,0.3589,16.5143,18.9953,-6.2326,54.347,124.408,g
52.6559,19.2952,2.9001,0.2958,0.1756,22.904,54.4992,6.5129,9.053,202.271,g
13.2301,10.5832,2.1383,0.7855,0.4545,-13.8896,-4.5036,11.3528,58.504,246.042,g
83.6193,39.1214,2.9829,0.1841,0.1062,-29.0865,-84.0153,28.1627,41.6742,16.4205,h
58.7548,13.396,2.5359,0.425,0.2722,-79.1905,38.5619,7.4865,4.992,283.17,g
12.7729,11.5667,2.2978,0.7204,0.3955,-15.3926,8.3552,10.2195,35.8442,96.9367,g
36.3026,14.7726,2.801,0.3897,0.1656,-17.0835,-23.3102,-16.0965,69.2729,270.5055,h
33.6482,18.1366,2.6767,0.2842,0.1695,33.5232,27.2091,-14.4532,17.38,109.037,g
79.8642,25.34,2.8919,0.2649,0.1298,-35.4305,-94.7211,-5.6569,11.9112,21.522,h
65.58,29.887,2.9939,0.4189,0.2135,7.6539,-45.1052,20.0508,16.636,433.743,h
50.4829,25.9699,3.3194,0.1941,0.1133,32.1193,39.0162,-18.1839,22.471,141.601,g
154.9463,129.9189,3.6943,0.0957,0.0691,-86.7823,-78.4928,-101.0298,32.7688,277.0945,h
41.326,15.8124,2.6479,0.3127,0.1609,-15.2693,19.7499,-7.493,13.4291,36.181,g
22.9136,17.5362,2.5821,0.4686,0.2369,13.4266,18.8307,-17.0771,38.491,138.55,g
16.68,15.0063,2.6514,0.3501,0.227,4.6893,16.2482,14.6598,64.722,256.4629,h
62.634,22.0529,3.3761,0.1527,0.0776,53.0492,57.4498,9.7108,1.8256,211.71,g
39.305,18.6433,2.8491,0.2746,0.1607,7.141,22.0729,-14.0151,0.8225,233.127,g
28.7399,6.2873,2.3139,0.6456,0.4102,29.3165,21.5648,-4.4403,19.7509,177.942,g
81.3992,27.7039,3.042,0.2469,0.1548,-58.7921,-55.5527,-12.9199,4.772,271.833,g
27.6783,7.0436,2.5812,0.5201,0.3094,-27.9866,5.7116,-6.1568,1.9919,131.733,h
107.571,37.1208,3.2238,0.3823,0.3044,-52.7388,-60.3208,31.9757,24.561,322.381,h
25.0758,15.8299,2.5139,0.4257,0.2251,36.0418,-10.8532,11.329,80.2386,161.632,g
26.5359,10.7914,2.7236,0.6936,0.3629,30.8157,20.5885,1.117,33.0496,140.496,h
25.4859,12.6124,2.4371,0.5302,0.2921,14.1387,17.3165,5.5295,78.2195,196.2962,h
19.967,7.1262,2.2109,0.7815,0.4031,21.5647,12.7246,5.0347,12.325,178.732,g
182.96,15.8671,2.6794,0.3326,0.1726,282.706,-172.866,10.9651,49.632,160.905,h
68.1826,45.9107,3.1484,0.1343,0.0707,17.9132,44.5098,-38.5567,32.3596,150.471,h
38.726,21.9505,3.1059,0.2821,0.1524,35.9498,23.4397,15.0785,2.507,142.506,g
41.8464,19.4302,3.1166,0.2217,0.1235,11.5249,27.9829,-11.9406,0.092,193.579,g
17.0911,10.5528,2.3909,0.6748,0.4004,-3.3729,7.3418,7.9732,14.894,129.857,g
242.625,48.0852,3.9494,0.1229,0.063,-224.882,-243.154,-33.2692,28.1069,269.357,h
18.6222,10.4887,2.2868,0.6878,0.3868,-9.2645,-15.4947,-5.5256,18.3697,102.8301,h
27.2257,11.0172,2.6196,0.5522,0.3469,15.705,23.8955,-8.1105,49.756,212.754,h
65.9214,14.9115,3.2049,0.2402,0.1269,-125.87,53.3382,-9.6839,3.118,215.35,g
65.2283,15.273,2.6488,0.3726,0.2278,-58.7195,53.1101,13.1671,5.781,303.718,g
40.3392,10.0127,2.6337,0.4139,0.1948,32.839,33.918,4.9552,44.4455,216.9099,h
96.2068,21.1363,3.1019,0.2357,0.1325,91.0272,66.9564,4.5695,0.686,317.499,g
42.068,9.8012,2.4579,0.4321,0.2178,44.8421,34.6795,-9.2528,0.3486,211.64,g
29.7979,9.9269,2.6981,0.6092,0.4679,16.871,30.7046,-10.1852,8.6839,227.77,h
73.8643,37.4991,3.9212,0.1278,0.0662,55.246,67.7589,-34.8392,16.6332,177.439,h
51.0702,18.5098,2.9521,0.2848,0.1703,19.375,47.9198,13.3036,7.48,257.949,g
13.226,10.3547,2.1569,0.7944,0.4843,13.2345,6.1887,10.9801,84.0609,162.185,g
79.2916,17.213,2.806,0.2612,0.1531,56.3301,51.3347,-7.1871,56.7018,288.2018,h
72.4457,22.6577,3.3752,0.2567,0.141,-47.825,57.0393,18.762,1.092,313.89,g
23.6634,12.2549,2.2945,0.6193,0.368,26.0595,12.6462,7.0634,5.9657,114.657,g
170.766,126.793,3.3891,0.1731,0.1092,-312.241,150.115,-111.007,76.5015,185.976,h
36.0356,12.2104,2.7611,0.546,0.3526,25.3897,34.7527,2.637,21.1556,194.0315,h
91.5673,17.3431,2.6439,0.3178,0.1827,-61.8638,-100.671,14.479,2.947,164.785,g
79.3368,17.6035,3.2275,0.1978,0.1033,85.3556,34.2215,12.6844,45.6726,180.768,h
85.8175,13.7655,3.2348,0.4462,0.2317,-60.6026,-52.6697,-4.854,10.4111,374.5664,h
20.6865,15.2789,2.7123,0.3475,0.1689,25.9948,16.4699,-2.4539,10.1903,191.3144,h
22.5539,9.7776,2.2068,0.559,0.2888,-4.0544,16.5945,10.4839,9.215,236.65,g
100.769,34.9654,3.3592,0.1679,0.1091,-52.6052,63.912,-25.7638,71.2791,268.667,h
60.7883,27.5272,2.8868,0.2336,0.1201,88.6317,-19.3902,13.1675,5.097,237.768,g
28.3624,15.9281,2.5237,0.3353,0.1931,8.0848,-10.2841,8.4111,27.4515,145.155,g
47.8669,18.7702,3.073,0.2342,0.1213,30.5749,31.939,10.45,0.94,188.266,g
37.9626,15.9992,2.7825,0.2937,0.1741,-18.3229,14.1607,13.4721,0.0895,140.294,g
105.8838,31.6732,2.9204,0.2866,0.1304,-28.6341,-90.0392,25.401,75.8304,77.4709,h
100.717,32.1655,3.1019,0.3496,0.2242,-68.4435,-79.3513,-23.6337,9.6768,301.496,h
18.2123,12.7203,2.4158,0.595,0.3013,-5.0695,13.5919,-7.9454,83.0753,196.808,g
24.7773,12.3627,2.5113,0.537,0.3217,-36.0385,-20.331,-11.7787,2.0901,89.9928,h
88.417,20.5569,2.5877,0.3695,0.1925,-53.2686,13.0601,9.4588,5.1674,277.224,g
38.2019,9.6268,2.428,0.4647,0.2701,-28.1819,1.2728,-13.1906,75.1594,150.1557,h
43.4047,8.0794,2.9491,0.3627,0.213,4.074,24.416,-12.4289,12.8929,111.09,h
18.9276,7.4513,2.1414,0.7653,0.4657,-1.9997,7.282,-3.5493,18.1586,192.226,g
18.0375,15.5268,2.617,0.5024,0.2669,2.902,-9.3529,8.2196,72.3693,208.358,g
76.4616,19.7466,3.1992,0.2042,0.1135,65.8724,67.9882,17.0617,2.091,245.683,g
21.8354,11.6478,2.4793,0.6202,0.3433,22.9052,14.7747,9.1326,75.099,251.825,h
54.9902,18.0423,3.0123,0.2988,0.1822,51.2465,60.2784,-9.2511,12.1284,290.8277,h
70.8288,18.798,3.1845,0.1713,0.0938,1.8424,52.3164,10.8859,4.734,235.511,g
46.549,16.7233,2.8837,0.3712,0.2268,16.8669,42.2383,-11.3058,14.536,171.486,g
41.8803,21.5763,3.006,0.2821,0.1711,-5.4176,-28.201,11.338,5.1208,175.211,g
32.5517,12.968,2.4541,0.5589,0.3708,-29.0313,-24.5179,-10.8125,15.486,156.299,g
39.6329,17.7916,2.5786,0.3404,0.1755,-47.7698,-17.7292,15.9754,8.817,161.913,g
23.8187,15.5894,2.4654,0.4795,0.2551,15.967,-19.0187,9.5695,24.1621,195.012,g
51.4762,42.8406,3.0552,0.207,0.1096,47.4713,41.4457,-32.4454,11.0336,268.502,h
34.9699,15.4688,2.7549,0.3435,0.1862,29.0009,30.5621,5.4633,40.2034,194.6822,h
51.1548,11.6714,2.9117,0.299,0.1624,9.6688,41.0018,2.2744,58.114,218.552,h
33.2708,27.8147,3.0894,0.2336,0.1209,4.5532,-15.6015,-26.8701,43.7444,126.727,g
34.3872,31.6236,3.2924,0.2198,0.1217,21.1503,28.0159,-25.0545,20.7695,106.629,g
76.0232,29.7304,3.1676,0.2407,0.1322,48.3665,-48.2333,-19.3455,85.4055,178.372,h
12.9506,11.3156,2.1319,0.7454,0.3801,15.0129,-3.9388,11.7527,13.5225,229.307,g
20.7099,6.2012,2.2822,0.799,0.5561,-17.0072,-18.1344,-6.0106,27.282,133.77,g
19.1316,15.0191,2.2683,0.5067,0.2938,-6.6317,17.0869,-3.6266,65.2488,56.8467,g
84.44,35.3814,3.742,0.1953,0.1004,-6.9577,52.0089,7.6456,1.17,353.441,g
39.0094,20.8056,2.7727,0.2937,0.1882,3.2393,30.5222,-9.5172,19.937,175.655,g
30.5814,12.4485,2.301,0.605,0.3175,32.2728,22.0672,-4.8017,55.5217,101.397,g
230.891,62.3233,3.2208,0.2183,0.1104,-288.613,151.662,-29.7636,88.8043,296.491,h
28.2452,7.4431,2.4609,0.5848,0.3581,11.1731,10.0138,-4.6976,76.566,83.9864,h
34.2283,12.2816,2.499,0.5864,0.3376,30.8257,20.6314,10.9961,7.7895,214.322,g
12.9697,9.9206,2.1833,0.8,0.5541,11.5638,8.2103,8.6755,76.267,121.243,g
36.744,16.6424,2.6542,0.3725,0.2317,-3.7691,31.0401,8.1484,25.831,187.835,g
70.9525,40.1728,3.6219,0.1777,0.0942,63.1304,70.1906,35.5967,76.95,316.14,h
173.6085,49.7885,3.5218,0.2063,0.1037,-228.8788,-93.0779,32.1942,81.6312,303.3794,h
31.0616,11.0944,2.3531,0.5233,0.3215,14.1348,14.9342,7.4413,34.976,123.11,g
95.3733,46.0798,3.1073,0.2005,0.1226,55.3443,69.6142,37.2896,43.1325,333.2413,h
17.6798,10.9569,2.2148,0.5366,0.2957,-0.5043,4.9753,-4.8227,82.015,180.983,g
27.4989,18.4474,2.8079,0.2942,0.1502,-4.344,14.4374,-10.4699,19.0804,233.578,g
27.518,10.6219,2.5453,0.5071,0.255,36.8135,8.5384,6.3812,6.1065,167.716,g
19.3139,12.2773,2.5152,0.6015,0.3344,14.8885,16.1281,4.4356,63.5259,222.127,h
36.7526,10.7672,2.433,0.4465,0.2269,-51.6149,11.8839,8.2875,6.816,145.572,g
23.6846,18.2775,2.7304,0.4205,0.2819,-1.2911,15.0703,4.8989,15.923,135.989,g
61.9045,35.1266,2.8904,0.1493,0.0765,46.5687,47.4556,-20.9033,17.4836,276.5422,h
35.1152,17.8053,2.8385,0.2667,0.1026,-1.0544,36.1822,6.2832,5.8542,238.0909,h
28.9475,20.2296,2.78,0.2988,0.1751,19.3121,16.1185,-9.4908,56.0565,197.445,g
17.2632,10.7598,2.4393,0.6255,0.38,1.4736,-5.9904,7.4399,43.542,38.2934,g
168.9167,24.1899,2.7354,0.3443,0.1691,-235.6526,156.3105,17.4115,29.3893,253.3268,h
41.3583,26.2789,2.9861,0.2375,0.1244,12.5494,37.071,22.1155,23.065,257.026,g
73.7689,10.6768,3.1317,0.2182,0.1158,39.7241,56.231,11.7694,25.2735,170.2389,h
79.9893,20.3632,2.4928,0.4309,0.2203,-79.1537,48.6051,9.5656,2.8761,259.813,g
35.4709,9.4004,2.6628,0.4087,0.2293,-0.2241,25.0851,5.1172,63.2829,71.4087,h
64.3029,16.4474,2.9383,0.2605,0.1516,-38.3076,16.6768,-3.3641,7.8144,226.805,g
40.4257,29.6162,2.8021,0.3091,0.168,37.9317,41.9258,-29.7312,58.424,203.837,h
44.1108,9.3378,2.8701,0.3439,0.1773,31.4158,27.1127,-7.2437,70.2967,215.239,h
130.4518,27.1369,3.1999,0.372,0.1883,-98.1669,-109.2498,11.2795,9.6941,385.4177,h
20.1648,7.2982,2.0737,0.7342,0.3924,-2.272,9.4557,-5.4454,65.121,111.006,g
53.586,3.1711,2.6269,0.3927,0.1933,-3.6971,4.6324,-20.6368,15.9907,201.0377,h
25.0197,12.4496,2.3789,0.6785,0.3747,-12.1758,-10.3255,-3.224,17.5291,174.9723,h
30.2147,22.6783,2.9201,0.3101,0.1905,1.0785,26.009,-6.2943,3.919,211.573,g
25.4038,11.4504,2.6609,0.5721,0.3439,12.9142,25.8025,-7.73,18.3364,203.312,h
37.1736,12.2674,2.7589,0.4425,0.3145,33.6764,32.5339,-9.9795,5.941,201.227,g
18.2046,10.6997,2.2227,0.509,0.2605,-0.158,3.675,-2.7717,26.3124,202.697,g
17.9317,16.5232,2.4005,0.5089,0.2604,-8.4113,16.4595,-12.2526,15.228,43.9121,g
24.9624,12.6705,2.5843,0.5286,0.3789,19.1893,11.4913,6.4666,8.131,127.428,g
31.5312,9.1466,2.4807,0.4595,0.2364,-12.2368,-20.4397,-7.8897,62.3261,196.985,h
49.3247,10.6729,2.7115,0.3378,0.1772,35.3775,21.292,2.8949,15.1485,207.2384,h
64.8106,15.7378,2.7782,0.295,0.2025,-96.1277,24.4761,16.1435,10.426,236.152,g
38.5491,19.1817,3.0384,0.2947,0.1515,-2.0615,27.1747,-7.9478,7.8488,156.407,g
17.846,10.8365,2.2455,0.5511,0.2756,24.0633,8.1612,3.8501,80.6796,152.338,g
76.3542,25.8162,3.4768,0.1581,0.0799,58.4325,75.9297,-12.3111,9.308,161.4,g
32.752,11.6661,2.4175,0.5468,0.3614,-8.7188,-25.4862,-8.4706,23.863,158.232,g
24.3798,9.6194,2.4125,0.5609,0.3346,-12.5854,13.0954,-5.9295,46.6564,78.3395,g
19.4824,7.1564,2.1688,0.8,0.4034,-5.9314,12.232,-4.1397,40.3317,120.492,g
18.5582,7.4575,2.2028,0.7774,0.4859,2.1391,-6.7384,1.9712,4.3666,235.731,g
28.7647,23.9383,2.8106,0.2753,0.1431,5.3199,-19.565,15.2222,1.126,154.515,g
27.2369,19.2143,2.7173,0.3164,0.1812,-17.5434,13.2407,-8.5868,13.341,63.2308,g
87.5091,31.9534,3.2285,0.1997,0.1191,-15.5371,44.8852,18.8937,10.732,310.703,g
28.7453,10.6247,2.5977,0.5278,0.3371,18.9851,20.6578,6.0474,15.033,154.98,g
86.9287,23.861,3.0147,0.1769,0.0962,-115.494,67.8687,-9.7501,2.3402,245.899,g
38.2454,20.819,2.8245,0.2846,0.161,24.0574,28.7441,-13.2083,21.897,163.289,g
35.4735,9.9857,2.4393,0.4364,0.2418,12.8833,28.2088,-4.2739,21.853,193.075,g
33.0671,22.189,2.6924,0.335,0.1756,16.1518,29.0082,20.4612,8.8093,199.272,g
93.4162,32.545,3.641,0.1664,0.0934,-23.6075,61.4786,-17.2517,0.3386,317.552,g
79.4345,11.5257,3.1433,0.2408,0.1219,33.5341,39.966,-10.3594,15.9883,160.674,h
32.3768,12.0859,2.5244,0.4066,0.2287,11.3552,-24.0635,5.7086,23.3573,206.525,g
61.0765,22.1349,2.9317,0.1966,0.1012,16.4389,-22.8588,9.5081,7.7011,183.489,g
14.042,9.7789,2.5095,0.754,0.4757,-3.0844,4.663,8.9316,31.1612,205.2095,h
26.0008,10.4058,2.4583,0.6308,0.345,9.6332,20.0192,-6.4613,54.4165,226.0597,h
70.4372,23.8977,2.9292,0.4909,0.2996,-63.3836,-72.3311,17.5967,0.875,317.562,g
27.7865,13.1526,2.6609,0.4454,0.2631,4.3608,-14.38,-10.2233,25.282,201.227,g
19.9774,9.2051,2.4099,0.6809,0.43,0.5164,-12.105,-7.1817,3.2309,137.584,g
35.9235,17.7575,2.6395,0.328,0.2167,-26.1562,-28.7616,-5.3126,0.7528,155.514,g
48.1747,29.1517,2.953,0.2048,0.1094,39.317,19.2686,26.0782,78.6694,156.3966,h
182.604,71.6365,3.3761,0.2411,0.1197,-263.166,-138.6423,-70.1266,34.0059,214.6293,h
21.3231,0.0026,2.1538,0.786,0.4877,-2.5263,10.5923,0.0,6.6607,223.985,g
12.9535,11.2802,2.1319,0.7454,0.4022,14.9291,-6.0758,-11.3938,31.0982,173.797,g
81.7221,25.4673,3.4322,0.1867,0.097,26.3885,49.5452,-7.519,0.969,266.396,g
40.2965,15.4665,2.6959,0.292,0.1541,-48.9599,-18.9337,-9.4184,0.125,210.714,g
33.528,21.3633,3.0671,0.2554,0.129,-25.1954,16.0213,-10.2241,2.3111,171.234,g
23.0951,14.755,2.5328,0.4985,0.3182,-4.7957,-9.459,-5.4528,12.434,103.323,g
44.8892,16.1803,2.5815,0.3958,0.2163,40.6298,-13.8512,-4.9309,15.1543,196.302,g
31.1823,14.847,2.3149,0.4697,0.2542,-28.483,-24.1133,7.8002,22.9229,107.931,g
80.2224,27.2946,3.3912,0.2056,0.1221,78.0535,67.2139,-19.2783,1.547,258.047,g
64.6203,18.2201,3.328,0.1772,0.09,-1.5264,48.5079,-10.699,4.7354,237.387,g
77.7367,24.138,2.9574,0.2449,0.1407,-23.7871,58.7053,7.7287,14.363,317.96,g
64.9547,16.9587,2.8672,0.3109,0.1555,48.0015,54.7258,-12.65,0.195,255.726,g
30.4114,16.5206,2.4479,0.5062,0.287,27.1246,26.9558,-6.3283,15.8624,131.1,g
40.2853,13.1958,2.8333,0.2391,0.1463,-3.4738,35.8315,6.4691,5.0105,187.4108,h
29.1133,11.8054,2.5833,0.3906,0.239,1.0719,12.5734,-10.7898,61.2334,101.9478,h
94.5982,21.9615,3.2107,0.1486,0.0869,-19.003,-46.3192,17.2027,80.7469,117.3777,h
27.4278,12.636,2.7555,0.3916,0.2133,-13.2997,19.1969,5.4596,3.597,255.342,g
46.8646,16.4591,3.0394,0.3014,0.174,27.6108,39.8684,-7.2507,2.896,206.474,g
13.0998,10.8861,2.1569,0.7666,0.4425,14.1937,-4.4901,-11.0395,43.273,138.358,g
28.68,11.3248,2.4023,0.4713,0.2436,27.6661,24.5807,-6.2009,46.602,136.067,g
108.8426,27.6965,3.3677,0.2469,0.1419,-112.0059,75.7484,-22.6554,25.8674,322.3517,h
36.9906,15.5377,2.8162,0.3328,0.1672,10.1804,28.0966,11.4917,86.1551,264.923,h
61.8765,19.9646,3.0386,0.2113,0.1157,-70.1994,39.4893,-12.1058,1.5361,258.766,g
119.975,74.8536,3.5262,0.1906,0.1376,-47.4358,-119.0453,69.0948,86.3852,385.3241,h
17.497,7.4656,2.1945,0.7796,0.5463,-0.4062,-1.0474,4.2772,18.256,164.397,g
103.5335,39.7475,3.4053,0.1506,0.0961,-55.8695,28.9661,-24.1597,2.6241,299.4555,h
31.838,19.8051,2.636,0.3422,0.2116,-10.3978,-14.5275,8.99,53.953,92.073,g
38.9342,20.5513,3.1133,0.2519,0.1498,2.8118,-11.6282,-15.5647,5.5697,170.239,g
46.2803,13.2719,2.8442,0.4709,0.2511,27.4117,12.5567,5.7543,9.9035,216.0709,h
27.5557,6.6472,2.3385,0.6605,0.3417,17.7962,-12.1441,5.4037,21.3825,127.212,g
25.2295,10.3237,2.2902,0.5426,0.3037,20.3085,26.8131,-9.9377,12.7764,107.4802,h
88.0102,44.629,3.9169,0.1224,0.0646,73.8944,81.9724,10.8999,8.4648,290.816,g
56.817,19.6413,3.1888,0.2311,0.122,72.4752,51.9813,12.9438,8.831,230.44,g
58.4723,17.7199,2.9547,0.2542,0.1504,62.9969,34.5543,16.2131,42.133,256.874,h
33.6044,20.9643,2.7864,0.3189,0.1774,30.643,-15.2684,-8.8839,9.802,166.839,g
29.809,15.7188,2.6428,0.4268,0.2519,51.4292,22.945,5.5462,50.6821,106.7603,h
46.9647,11.3272,2.4232,0.4226,0.2132,30.2592,32.5679,-8.0923,1.107,166.863,g
72.3558,25.2105,3.1028,0.3007,0.1898,1.5853,55.6873,18.2632,0.114,362.993,g
13.147,9.8234,2.3414,0.8155,0.5399,11.8989,8.4986,10.3764,52.0346,164.308,g
72.9287,19.6802,3.0032,0.2184,0.1176,52.2131,68.898,-13.9395,2.2766,239.105,g
39.558,18.4668,2.7566,0.3012,0.2093,-0.2109,-33.1858,-12.5149,3.443,196.863,g
143.39,37.5223,3.4379,0.1842,0.1053,-81.7049,-38.7371,-34.4613,15.8452,262.737,h
34.6583,27.1975,2.8974,0.2345,0.1272,-5.9433,29.622,11.2306,55.5748,100.2511,h
35.8304,16.0994,2.7938,0.3248,0.1857,-17.1983,-30.1669,3.9149,13.0951,239.649,g
53.0943,17.864,2.9157,0.2429,0.1354,2.678,34.8987,-9.3369,0.5989,228.529,g
47.1318,23.4848,3.5004,0.2284,0.1177,10.0736,31.0237,-15.6217,8.902,166.25,g
78.7044,31.6771,2.9034,0.1949,0.1056,75.1252,51.7154,18.2618,83.9143,158.147,h
85.8378,49.6255,3.7247,0.1331,0.0744,-106.1658,-33.8178,-37.324,58.0625,242.9225,h
68.5031,30.5252,3.1106,0.2264,0.1492,-7.1942,-91.4008,-14.5522,9.0744,181.346,h
104.972,61.6853,3.4451,0.1396,0.0712,-1.5046,78.2005,37.4677,10.381,183.486,h
28.0971,15.9477,2.4728,0.3805,0.1936,-26.0141,-24.0529,-10.4618,13.9543,136.293,g
25.0459,22.9081,2.8552,0.2959,0.1486,-21.7386,19.356,8.3062,30.4393,116.741,g
154.2224,50.697,3.4433,0.2179,0.1203,-120.7577,-108.9276,-47.8312,22.0795,233.0952,h
70.0753,19.3644,3.1517,0.2327,0.1216,35.245,59.7135,-8.1105,4.1472,244.546,g
111.314,55.5265,4.4051,0.0661,0.0346,34.2789,89.5705,33.2061,0.465,304.129,g
18.184,5.8259,2.3666,0.6586,0.4091,11.3458,26.7226,-4.3583,80.9287,117.2926,h
90.2668,31.9218,3.3578,0.1571,0.0902,-38.4016,70.3051,15.5585,28.7043,298.747,h
98.0033,15.5155,2.7501,0.3253,0.2231,-127.993,29.7694,-2.4457,17.598,215.221,g
18.1586,10.7448,2.4314,0.6556,0.3981,8.6462,-15.9745,-9.0776,72.273,237.998,g
25.2127,17.0717,2.5694,0.3854,0.2305,6.1366,20.737,-5.1133,33.5054,136.324,g
32.7861,17.9806,2.356,0.4053,0.2137,-27.1037,-25.4106,14.6214,29.924,217.15,g
66.9411,22.6725,3.0594,0.266,0.133,51.7194,76.8033,-9.8085,5.633,154.979,g
35.8791,20.5591,2.7716,0.3198,0.1616,-33.3079,7.2215,-15.632,10.257,127.459,g
16.6709,13.7816,2.2439,0.7545,0.4751,35.2264,-9.3629,-3.0051,84.4991,212.6206,h
19.7327,7.409,2.1021,0.7194,0.4229,0.4781,-5.253,-5.0183,89.3153,98.6568,g
20.9113,9.5,2.2175,0.6242,0.3848,-2.1989,14.0473,-9.3651,0.1406,105.88,g
92.6571,21.8773,3.2185,0.278,0.1643,-72.227,42.4363,-10.8905,8.2413,309.3671,h
25.1122,16.7456,2.6904,0.4218,0.2126,-25.947,-3.9846,-3.3261,42.2479,178.2127,h
25.6849,15.0191,2.5321,0.3877,0.2159,6.8213,16.0753,-11.6748,38.883,143.995,g
28.9415,15.1615,2.5855,0.381,0.1658,10.9221,18.4686,-10.4801,64.7773,235.031,h
42.5939,17.6212,2.721,0.2852,0.1644,59.072,17.6668,12.4545,5.293,225.942,g
18.8423,16.7069,2.3493,0.5011,0.2707,-19.5952,-19.1171,-7.8235,79.698,236.344,g
25.2612,22.2631,3.1237,0.2986,0.1516,2.5509,16.5295,7.8636,4.53,62.1155,g
39.1154,23.9109,3.1608,0.2238,0.1233,12.9861,30.101,13.9471,4.253,118.89,g
38.5065,15.7785,2.7384,0.3434,0.1726,55.5708,-21.7275,12.596,2.37,115.612,g
24.8616,12.2989,2.617,0.4324,0.221,34.5093,8.0585,9.0506,1.6899,93.9946,g
47.5599,16.8144,2.6077,0.3333,0.1749,-54.788,-31.7849,17.4669,32.6342,228.8011,h
13.0301,11.1805,2.1351,0.7546,0.3773,14.9999,0.4644,-11.8252,35.096,146.661,g
40.6129,23.8845,3.0147,0.289,0.1648,2.5821,24.4365,-18.286,19.312,184.776,g
52.4876,20.2453,2.7336,0.4598,0.2447,32.5329,35.0471,18.7212,9.4384,265.023,g
66.2943,23.1329,3.1339,0.2131,0.1128,12.4525,71.725,14.015,2.314,179.632,g
89.2164,23.476,2.5403,0.4553,0.2349,-70.9724,-66.3533,17.9769,3.4312,328.92,g
46.5004,37.2673,2.793,0.254,0.1683,12.3916,-32.4707,-25.6942,80.6529,204.5836,h
72.8104,14.3361,3.096,0.307,0.1607,-54.9261,58.5437,-5.9832,0.644,286.265,g
60.3452,20.8174,2.7202,0.4574,0.2782,23.6286,58.0531,10.4358,16.1157,148.0604,h
70.3003,25.9827,3.7191,0.195,0.1112,45.7945,76.1355,17.9328,0.519,262.125,g
42.5896,27.5117,3.3595,0.2287,0.1199,-22.1561,47.4757,-17.2455,41.5633,237.3838,h
20.9784,11.1711,2.2068,0.5963,0.3385,14.4672,18.7948,-1.923,52.3856,104.418,g
31.6835,27.1255,2.7955,0.2978,0.1529,13.607,21.9645,20.884,14.9066,224.871,g
86.2726,38.3756,4.097,0.0896,0.0462,50.9778,81.6191,14.5319,5.2854,187.745,g
21.1957,0.0006,2.1319,0.7749,0.4982,0.0,0.0001,-8.8692,29.6802,239.229,g
17.2356,10.7068,2.2577,0.6464,0.3785,2.7562,-7.3865,7.5309,29.0239,206.342,g
85.8371,15.9287,2.8525,0.2669,0.1566,-74.1026,41.5018,-10.2283,2.144,256.348,g
23.9864,17.3368,2.6464,0.3679,0.1862,22.1504,-16.1529,8.1634,0.792,189.108,g
13.1015,5.7631,2.4018,0.5479,0.279,28.4059,18.3969,10.6962,23.4659,197.2919,h
23.6547,17.5581,2.7149,0.3874,0.2138,41.3328,-17.6837,21.0208,73.7828,140.1876,h
32.4134,16.0437,2.5821,0.3351,0.1793,-24.4907,-23.0998,-11.5562,17.831,186.169,g
21.5433,17.7823,2.5447,0.5221,0.3238,-12.5902,-13.6169,8.6447,38.911,201.804,g
31.8372,9.3091,2.2589,0.4408,0.2231,-20.1184,22.3137,9.0755,43.535,142.056,g
19.8196,16.2359,2.3997,0.4143,0.2291,-1.3583,7.7218,-5.7515,88.9179,35.8997,g
62.9629,19.3932,2.9654,0.3649,0.2214,-43.5016,27.367,-21.8587,2.217,318.393,g
13.0257,10.922,2.0846,0.7572,0.4568,-13.9838,5.6958,9.8938,27.3,173.909,g
37.264,19.6944,3.0073,0.2625,0.1332,8.7516,22.6513,-15.8655,6.5171,196.023,g
101.306,14.86,2.7987,0.3307,0.1852,-80.8902,-91.8252,-10.439,29.119,186.274,h
62.9751,30.8424,3.1771,0.1043,0.0759,-93.4246,51.9049,10.4588,42.6852,238.5861,h
82.4143,27.3795,3.0702,0.1829,0.1034,-82.8951,-79.0104,17.1011,3.573,279.306,g
41.8044,20.9524,2.7348,0.2468,0.128,72.225,-22.3472,17.6023,22.3263,122.32,g
43.5211,8.4113,2.243,0.5486,0.2943,-48.3433,-24.7991,6.9322,7.1305,189.003,g
40.8914,14.4618,2.6096,0.3882,0.215,-8.1308,-23.988,-3.9532,5.2595,174.842,g
48.962,21.8454,2.8736,0.2903,0.1559,25.0289,45.37,-10.8981,9.569,66.8445,g
27.4746,16.3967,2.968,0.3767,0.2201,19.6982,14.9053,2.8676,18.2815,183.368,g
16.9023,10.8956,2.248,0.6215,0.3983,-0.7233,4.1971,-7.7875,67.477,68.2083,g
68.4339,13.6962,2.4878,0.3675,0.1967,-73.8656,-37.1503,12.7439,27.43,138.435,g
62.1786,15.7135,3.1726,0.2426,0.1327,-111.246,42.8062,-6.6647,2.553,230.019,g
63.9201,26.6873,3.7525,0.1908,0.1097,-66.1234,39.0716,13.4314,0.035,263.59,g
29.114,18.1634,2.8759,0.4484,0.3267,8.9725,21.0902,-12.0594,19.0682,144.449,g
18.6438,10.1183,2.2279,0.5976,0.358,-21.5244,-11.9949,-3.3638,34.186,131.599,g
76.7257,19.7924,3.5476,0.1928,0.122,18.5482,58.2338,17.3855,43.8784,194.0422,h
27.1805,7.7076,2.2279,0.6036,0.3521,13.4361,-11.7859,-3.4239,74.9943,83.751,g
94.1916,34.263,3.0932,0.1614,0.0875,74.7954,70.4419,-26.1439,9.5567,284.916,g
31.2072,27.5033,3.0883,0.2521,0.1563,29.2356,17.3943,13.7615,5.8754,188.7,g
20.9636,6.8796,2.0737,0.7511,0.4346,21.3988,14.1561,-6.071,57.837,215.311,g
27.9799,13.511,2.4735,0.521,0.2706,-8.1767,-19.0081,-12.6245,3.9151,97.8411,g
71.862,28.8326,3.5638,0.2047,0.1173,-53.1898,64.8095,-11.1288,1.2638,287.365,g
66.2708,21.1399,3.1064,0.2333,0.1209,-35.2954,60.0875,16.139,5.998,307.171,g
43.1149,20.6045,2.9609,0.2615,0.1537,38.0039,23.6864,5.8435,2.4098,168.887,g
19.8269,17.0655,2.3385,0.4174,0.2225,-0.4675,5.2229,-5.2469,24.6377,228.76,g
20.4478,12.6043,2.3953,0.4789,0.2435,2.741,-12.5683,-9.8304,22.3269,85.2293,g
91.7079,37.8589,3.1148,0.2226,0.1263,68.2425,78.7615,-15.9738,3.5523,199.296,h
25.0243,18.4051,2.5453,0.4672,0.2949,2.8213,-21.7414,-15.2108,29.556,141.123,g
36.6939,18.4718,2.9122,0.2962,0.1561,-12.6727,-14.506,-5.8937,11.9465,144.661,g
22.7179,10.2397,2.1644,0.5342,0.2774,-24.7993,-17.6508,10.3193,6.09,124.185,g
20.9751,15.7055,2.4232,0.4113,0.2094,1.5115,-12.9013,5.6286,11.757,92.3437,g
21.5257,15.8974,2.6201,0.4341,0.229,26.9538,10.3154,7.9841,6.6877,234.686,g
28.9269,10.4897,2.5132,0.454,0.2316,-3.5824,11.7968,4.3108,63.5476,231.2,g
32.2232,10.1951,2.4955,0.377,0.1965,-8.7485,24.4939,5.144,7.226,150.414,g
76.6007,33.8701,2.9424,0.1971,0.1437,-150.9535,81.1818,28.4643,32.2782,198.3273,h
12.7634,11.6137,2.1446,0.724,0.362,-14.9998,-0.544,11.6225,65.0592,106.706,g
96.2327,46.5165,4.154,0.0779,0.039,110.355,85.0486,43.1844,4.854,248.226,g
201.09,82.5347,3.9952,0.0987,0.0531,-224.515,-188.032,-59.7038,73.6304,340.516,h
27.0089,24.9415,2.6628,0.2717,0.1424,28.552,3.091,12.2596,55.3088,161.032,g
70.9653,20.5648,3.337,0.1694,0.0904,-92.0304,55.5307,18.032,1.534,269.253,g
13.0051,10.7559,2.4289,0.7561,0.4823,13.4222,-4.73,7.986,8.4921,121.258,g
175.485,89.1504,3.7786,0.1282,0.0762,-145.587,129.121,-81.6312,79.547,347.389,h
40.8482,19.3025,2.7457,0.304,0.1626,17.9183,-12.9194,8.098,16.1438,206.3743,h
80.9531,22.8653,3.6501,0.1818,0.0973,84.0961,84.6643,7.2546,1.7098,242.774,g
25.3165,5.7908,2.7074,0.4807,0.3254,40.7202,16.4772,8.3612,41.1638,103.1442,h
26.0965,16.0825,2.5179,0.3551,0.1806,-31.4925,-14.3983,9.9377,17.638,103.521,g
23.7081,0.0,2.2055,0.7913,0.5016,0.0,0.0,19.648,90.0,248.785,h
18.7296,12.7288,2.5754,0.5739,0.3537,5.0236,17.3464,-9.4598,86.9335,104.34,h
22.2607,13.2452,2.404,0.6114,0.4635,7.9961,19.9549,13.6282,27.312,217.046,g
51.8097,20.6343,3.1855,0.2179,0.1093,13.6999,49.5199,-9.6974,8.0894,142.784,g
38.6092,24.3726,3.1016,0.1971,0.1017,39.7835,22.5295,-19.0668,0.4442,187.851,g
92.7021,47.9376,3.6027,0.1203,0.0742,67.4022,42.7788,29.8527,29.262,26.6519,h
27.7722,23.0145,2.8976,0.2544,0.1361,10.8862,10.2693,-13.8578,7.2,115.213,g
36.045,17.1907,2.4764,0.3539,0.1953,2.1024,27.4065,12.6208,60.1685,217.647,h
21.8884,6.7399,2.0986,0.7171,0.4024,-23.7924,-11.7222,-6.6181,15.8008,136.545,g
28.971,7.5578,2.2923,0.5816,0.3291,12.3711,-7.6712,-5.4745,41.669,110.649,g
19.6285,10.546,2.3345,0.6343,0.3403,8.7448,-17.4441,-10.7656,14.4,203.949,g
50.4291,16.7332,3.0506,0.3035,0.1749,29.1262,41.8014,-8.1781,6.1251,160.041,g
66.9998,25.5407,3.3536,0.1511,0.0826,6.2204,47.4067,7.3149,0.8728,244.338,g
39.1912,16.9653,2.8716,0.2675,0.1526,-29.1034,-25.066,12.9417,2.992,225.822,g
23.9367,16.2543,2.5581,0.4177,0.2365,1.0994,8.0572,7.1137,78.0806,68.2362,g
18.4594,10.5041,2.3336,0.685,0.3554,-8.0251,10.7443,7.4802,62.1048,175.0353,h
62.6301,19.3823,3.2934,0.2361,0.1198,26.5243,50.2173,-11.9191,1.4085,236.485,g
37.802,18.8904,2.3646,0.7948,0.5162,35.4074,24.0503,13.1141,62.565,372.313,h
206.403,59.0292,3.36,0.0934,0.0482,-116.974,-222.417,-55.9079,2.8755,92.9775,h
45.9681,14.2485,2.8168,0.3857,0.2617,49.9158,24.3286,10.3351,61.0296,199.6103,h
22.9579,13.0779,2.5051,0.5406,0.3703,12.5751,16.276,-5.9326,17.6252,171.09,g
29.5348,9.0383,2.3274,0.4988,0.3082,37.4322,-8.5855,5.9459,7.356,204.454,g
154.5193,79.6213,3.6816,0.1344,0.0838,-78.1494,-164.489,-58.2242,70.249,344.9825,h
25.5788,22.6088,2.9533,0.3051,0.1765,17.122,-19.0968,12.6505,40.679,232.667,g
23.3523,5.8999,2.2683,0.8086,0.4178,25.2915,8.6832,6.8545,18.9122,191.764,g
24.5973,15.246,2.48,0.4007,0.2103,-16.1917,-9.2247,-1.2889,27.6555,168.025,g
36.3781,10.3615,2.2742,0.6223,0.3537,28.2943,25.907,7.6178,19.4337,134.407,g
21.8918,6.6859,2.2776,0.723,0.4195,23.0746,12.9135,6.6104,1.5218,75.0411,g
21.543,16.5969,2.754,0.4863,0.2899,23.3825,11.515,13.3939,13.874,207.444,g
70.8573,19.6306,2.7631,0.4017,0.2285,-34.9747,-38.3308,-12.3777,19.8215,269.139,h
39.1574,12.7014,2.6026,0.2996,0.1635,56.6981,14.3524,9.1642,13.7782,136.377,g
97.0342,32.9848,3.9343,0.1198,0.0603,34.0882,89.9319,-18.9841,0.4882,290.224,g
23.0903,4.6362,2.2642,0.6891,0.3617,-36.6709,-10.2799,6.4944,46.6873,39.3271,h
19.5827,6.7639,2.5994,0.6487,0.3393,13.4849,16.0028,5.8857,16.8523,182.4152,h
12.9842,11.0986,2.07,0.7489,0.4383,-14.4071,6.6499,-10.176,64.903,182.963,g
67.4472,63.9595,3.2897,0.0858,0.0646,-29.7701,55.3976,30.5826,22.804,308.2935,h
35.6486,10.2406,2.5687,0.6035,0.3943,34.0682,20.5153,13.2999,36.3529,172.7491,h
12.9108,11.3309,2.1089,0.7393,0.4086,14.9511,-7.0264,10.9232,76.6517,136.464,g
37.6565,20.7949,2.9266,0.2558,0.1545,32.9923,17.0607,11.5135,10.691,163.356,g
45.903,17.1103,3.3097,0.2887,0.1541,15.8314,33.2516,-0.9053,0.595,198.018,g
114.806,22.8821,2.6716,0.3706,0.2524,-50.8563,-130.103,24.28,41.91,127.577,g
25.3794,10.3391,2.4306,0.4638,0.243,-4.5621,-19.9611,7.0176,30.0704,185.969,g
149.0328,82.3057,4.5326,0.0196,0.0161,18.5865,-71.2493,40.8908,87.8868,274.6639,h
25.806,10.0689,2.3212,0.4678,0.2506,-7.6673,-18.0561,-6.9773,23.33,237.548,g
53.2936,13.4141,2.7763,0.4017,0.2418,57.3811,45.0169,3.0146,4.709,176.269,g
41.2738,18.1847,2.695,0.3532,0.1907,50.2856,34.7983,-15.5189,16.706,94.6244,g
40.2789,23.3107,2.8476,0.4006,0.282,-45.6908,-28.1249,-16.8017,2.0323,284.663,g
23.0916,8.971,2.4108,0.6175,0.4291,9.7476,9.249,-6.5998,73.696,149.158,h
38.4401,13.3636,2.7396,0.4026,0.2468,20.8924,34.2348,-10.7897,13.7355,257.754,h
18.1825,10.6833,2.415,0.7077,0.3981,-8.2743,15.8082,4.0825,63.7141,122.215,g
33.6985,15.6267,2.736,0.3214,0.1625,11.6386,20.1723,15.9402,3.9292,236.628,g
51.9853,13.9772,2.8876,0.2979,0.1665,39.9522,48.8609,-4.4912,3.241,222.739,g
12.9176,11.3596,2.1123,0.7413,0.39,15.0388,-5.6768,-11.5638,64.933,227.107,h
52.5964,25.6208,2.9518,0.2939,0.1603,19.694,51.4918,-20.7042,5.258,255.029,g
61.6628,22.8819,2.9214,0.2109,0.1073,-31.4227,41.2793,6.7023,21.2299,189.062,g
41.128,15.0705,2.8075,0.2773,0.1503,-1.9661,12.8811,15.1744,2.042,155.902,g
63.0082,26.638,3.4625,0.1929,0.0799,47.392,43.4272,10.4725,57.8684,34.4071,h
63.7247,26.8329,3.2632,0.2057,0.1121,-47.2009,58.935,-24.6534,3.4161,291.715,g
28.5807,19.4397,2.5257,0.3994,0.2012,-33.152,-22.0706,17.3914,8.916,184.079,g
19.2924,7.2769,2.1508,0.7915,0.4276,4.7252,-10.7908,-3.89,68.7907,196.725,g
52.1322,24.8487,2.6248,0.2918,0.1601,-52.1475,25.5667,-13.6924,58.488,71.6604,h
34.1547,21.9048,2.84,0.267,0.1721,8.0011,24.475,18.6403,17.307,71.0507,h
74.6868,19.1355,2.8624,0.4022,0.2258,61.9181,61.9511,12.1915,21.453,152.807,h
59.9269,14.5004,3.0035,0.3423,0.191,45.8914,37.5542,-4.5141,35.6,303.382,h
17.3057,10.9327,2.2672,0.6108,0.3324,-3.0176,8.3053,6.4644,7.894,102.636,g
128.189,22.1649,2.7952,0.2708,0.1675,143.63,-71.097,-8.4593,26.796,158.973,h
78.3004,17.2693,2.9408,0.3049,0.2023,70.5444,79.4725,-8.9468,8.1366,252.036,g
83.7821,9.5265,3.2285,0.1906,0.108,-106.1764,43.9407,11.0373,56.7255,245.4822,h
12.8396,11.4267,2.0881,0.7265,0.4122,15.0967,-8.261,-9.6155,36.706,103.242,h
47.8015,21.3919,2.995,0.2428,0.128,-86.9407,38.5207,-16.3311,5.3538,255.334,g
27.8575,12.7818,2.5905,0.4262,0.2144,27.2821,15.8826,9.1153,9.754,240.869,g
21.9664,15.3013,2.5459,0.5491,0.3457,20.5225,21.2193,3.4783,7.388,187.286,g
19.0832,16.6809,2.2999,0.5163,0.2882,16.2506,16.7689,14.2638,20.1371,151.706,g
50.7843,17.0186,2.6618,0.2985,0.1558,46.0079,39.3826,8.6514,4.89,204.054,g
36.6353,19.0978,3.1561,0.3162,0.1916,-1.6013,-33.0153,-15.5762,8.007,157.739,g
90.4766,38.2659,3.6727,0.2042,0.1048,-47.7558,44.2203,23.7069,0.141,373.654,g
38.2077,12.0761,2.4736,0.5608,0.369,30.6513,15.1812,4.4099,7.599,52.6762,h
67.3071,28.7303,3.095,0.2194,0.133,-38.1019,52.5158,-23.41,4.0631,291.655,g
88.3759,29.8719,3.5153,0.1264,0.0798,86.4346,74.494,-17.7714,8.2753,205.976,g
146.867,43.4848,3.2927,0.2839,0.1455,-128.228,-100.919,-34.7371,39.9463,331.369,h
31.9332,26.6219,2.8645,0.3661,0.2029,17.7106,20.076,-11.752,49.979,85.3921,g
30.1447,14.2087,2.4942,0.4071,0.2131,21.7485,-24.473,7.14,1.359,141.734,g
32.169,23.6508,3.104,0.2314,0.1279,21.2629,23.9994,13.0646,60.7186,103.947,g
45.5625,17.5357,2.6085,0.2685,0.1367,81.966,-38.1004,-5.1302,54.251,241.771,h
41.3546,19.3979,2.9403,0.2742,0.1383,59.0774,26.6164,-13.1682,7.917,167.038,g
31.3831,8.894,2.6484,0.5146,0.3404,-5.9901,22.649,5.7042,20.208,55.8071,h
40.4206,20.0955,2.8162,0.3038,0.1519,46.2512,-25.1725,-14.0546,82.4523,77.0405,h
24.2267,17.1977,2.541,0.4029,0.2345,12.9662,-17.434,9.9375,3.9884,162.993,g
46.7313,25.0033,3.6542,0.2024,0.1205,7.129,14.7518,-14.2331,3.8676,204.126,g
17.9821,10.7309,2.3032,0.5672,0.296,1.6666,-7.6764,-5.202,23.651,144.039,g
102.24,60.6173,4.3462,0.0712,0.036,65.8335,78.8577,-32.6139,1.554,322.234,g
28.9509,15.4999,2.8228,0.3699,0.2008,-37.7378,-7.4171,-12.2385,49.557,218.587,h
24.5426,17.3565,2.4942,0.4776,0.2612,18.7365,17.7184,12.8455,12.869,80.7642,g
21.539,10.9515,2.1399,0.5435,0.279,-13.733,-18.4413,8.682,28.4753,161.373,h
22.9433,11.9638,2.4789,0.5484,0.3326,30.7902,15.0813,-4.4274,36.284,254.6969,h
22.0777,14.9281,2.5611,0.4203,0.2266,26.0561,9.8719,1.0923,24.0431,245.947,h
33.2179,17.2895,2.5063,0.3848,0.2086,30.3863,3.591,-24.2987,42.1742,210.5265,h
17.3058,0.4794,2.3621,0.7404,0.5221,4.1264,3.779,-0.4141,80.4582,76.6652,h
105.022,92.0342,3.9104,0.0951,0.0568,-91.9383,-15.1269,58.248,25.907,199.29,h
25.1536,16.1568,2.6484,0.3865,0.2393,4.6969,21.2042,8.4416,23.479,159.54,g
65.7368,32.8299,3.332,0.1364,0.071,83.0276,49.2726,-24.2423,11.6143,153.825,g
29.4396,20.4049,2.7712,0.3793,0.2108,1.5983,24.6059,-11.0959,2.898,263.367,h
35.914,25.5262,3.3118,0.2478,0.1256,21.2094,18.594,15.7727,1.746,151.84,g
56.6978,25.182,3.2003,0.1545,0.0823,54.6171,15.3449,-21.3093,6.7129,185.06,g
52.412,11.8978,3.102,0.2183,0.1087,44.073,32.7187,-6.612,36.3549,140.0659,h
34.7943,21.5846,2.7771,0.3258,0.2097,-8.1357,14.9949,-15.5638,42.3246,161.145,g
17.7663,11.9747,2.3423,0.5936,0.3272,12.2033,24.6656,6.3376,34.3547,232.347,h
105.853,46.7858,2.9836,0.2326,0.1241,-133.756,90.0587,10.3865,16.2565,281.002,h
243.157,142.458,3.6309,0.131,0.0661,-195.688,-219.973,125.381,71.309,341.788,h
31.1574,20.4519,2.7388,0.3613,0.198,15.56,27.4798,-11.3327,17.2362,137.699,g
21.4765,12.0621,2.6058,0.5601,0.3185,-1.5605,9.3728,-7.7419,36.335,209.941,g
12.9651,11.1028,2.1055,0.7451,0.4431,14.3497,-6.9602,-9.5272,32.5129,239.576,g
18.9583,11.9321,2.3483,0.6278,0.3834,10.1576,19.4856,-2.0165,38.2,242.914,g
69.0585,27.2418,3.5735,0.1332,0.0709,85.0411,59.4095,-8.6602,1.548,251.884,g
51.5423,17.1957,2.4456,0.4194,0.224,40.8689,46.7289,-12.3993,37.141,220.826,g
20.8219,18.8425,2.8182,0.3906,0.2166,-5.7112,-11.8752,3.7412,7.4814,204.29,g
62.0023,31.9066,3.5554,0.1492,0.0792,67.3373,48.6388,-13.4348,0.505,204.325,g
31.0833,19.6176,2.6289,0.3196,0.1774,24.7849,-16.4431,15.2197,1.041,154.215,g
31.9077,8.7097,2.3775,0.478,0.2411,13.7771,18.6176,-8.7877,5.9537,200.251,g
13.2566,10.3836,2.1717,0.7946,0.4747,13.4475,5.9458,11.1924,15.671,238.572,g
39.5884,21.688,2.7727,0.2835,0.1578,16.3054,36.6765,10.7629,17.9289,220.991,g
20.5544,11.1194,2.2945,0.5584,0.2817,20.9162,18.7941,9.8703,59.294,216.512,g
27.8036,11.2593,2.7213,0.5001,0.2957,-8.4844,22.3189,3.2041,13.0353,211.66,h
58.0383,13.6734,2.905,0.2638,0.1437,51.8046,38.842,6.6876,76.1149,78.8224,h
53.8541,25.302,2.971,0.2598,0.1395,17.4912,30.3414,27.6036,77.226,250.126,h
41.3935,9.6415,2.4393,0.4364,0.2491,54.5746,-16.0567,-6.2314,1.811,185.406,g
30.9737,18.2285,2.6395,0.4381,0.2672,7.0214,30.0035,19.3767,30.144,161.147,g
21.7283,10.6288,2.3139,0.6019,0.3519,17.4416,17.9036,-7.5813,32.7666,217.683,g
138.7458,40.2431,3.0299,0.1368,0.041,84.7461,130.857,-28.884,3.3626,218.1114,h
21.9142,11.0413,2.3284,0.5775,0.3404,15.6196,18.8123,4.7082,68.016,121.574,h
21.3305,12.7697,2.3334,0.4919,0.2575,-27.3154,-10.8733,-7.5809,15.8492,64.6895,g
26.3796,22.7762,2.6889,0.5752,0.39,14.5844,28.8831,-23.2064,49.3837,132.57,h
22.5058,9.6454,2.6401,0.5586,0.324,-14.4893,-26.805,-6.7603,25.5648,46.6227,h
19.5513,16.5461,2.3879,0.5106,0.2611,-19.1027,-12.7235,-12.1617,51.5248,260.4947,h
48.4012,24.2711,3.079,0.2443,0.1296,46.7852,34.7823,13.903,0.839,183.868,g
25.8427,12.104,2.5172,0.462,0.2325,6.5765,8.5877,3.6327,5.484,214.401,g
97.719,31.3451,3.0959,0.2839,0.1969,-80.2914,-80.3631,-20.8974,9.5897,279.075,g
95.0296,23.6139,3.1321,0.3299,0.1863,-84.2197,-23.9245,-17.1221,20.3594,357.8884,h
62.8218,15.2759,2.9214,0.3116,0.1576,2.8447,50.4547,8.6603,17.0517,292.639,h
27.8273,16.898,2.5575,0.3075,0.1537,11.2961,-12.7324,9.2499,43.696,204.068,g
144.8698,18.9582,2.8248,0.4067,0.2289,-104.6886,-161.7681,-18.6551,88.8454,92.3026,h
18.3692,12.481,2.5231,0.5367,0.3343,2.1877,-6.9057,9.7286,28.516,165.277,g
23.1329,10.415,2.5527,0.5274,0.2666,33.3206,9.567,10.3088,58.9232,202.2829,h
61.8196,15.3048,2.636,0.2705,0.1376,-108.23,58.2781,8.5924,1.092,186.807,g
24.2817,9.1754,2.3181,0.6202,0.3197,26.5546,16.5509,-10.8193,3.829,133.886,g
21.8344,6.832,2.1804,0.7063,0.3531,25.981,-0.1704,6.6103,35.4993,95.7374,g
19.7131,7.9518,2.5179,0.5078,0.288,-6.4052,-9.1431,-5.7197,41.5306,173.5266,h
67.4796,23.4741,3.0993,0.2554,0.1404,-33.7264,38.8047,-5.279,2.6617,306.191,g
61.3563,19.4228,2.9373,0.2865,0.1473,5.263,-44.503,-12.1258,3.776,240.085,g
102.337,44.0007,4.2258,0.0666,0.0372,2.7012,89.9662,-12.4656,3.2,229.552,g
27.3672,15.5052,2.5552,0.5911,0.42,2.1447,28.8891,7.9747,12.8237,208.7939,h
24.5729,8.7188,2.643,0.6553,0.3811,5.5341,18.7508,-8.9839,14.7342,238.229,h
105.761,37.9127,3.2134,0.1218,0.0639,81.4085,97.9701,16.2744,3.634,169.257,g
112.1744,9.8195,2.5044,0.4748,0.2346,-91.7594,-122.0252,6.8037,86.7379,243.5942,h
34.6616,9.2726,2.4456,0.362,0.1846,-53.4062,11.7518,-3.975,19.5139,157.12,g
24.1699,18.731,2.5691,0.4239,0.2157,42.5855,6.7161,-13.4043,5.1352,193.7732,h
31.8437,21.3649,2.5302,0.3156,0.1578,27.0289,-14.5664,-19.8732,5.475,106.423,g
27.8774,20.5885,2.785,0.4085,0.2322,7.7486,23.0835,-14.6864,37.707,208.559,g
36.1276,10.3417,2.4338,0.4972,0.256,-33.3708,28.0494,-6.7114,0.5848,74.7372,g
38.2081,29.6875,2.8689,0.2502,0.1508,25.2156,-30.8998,-14.7142,25.176,145.734,g
22.6502,21.0274,2.8648,0.4096,0.23,20.0843,19.2825,14.0703,59.259,70.2412,g
23.2866,10.5569,2.1987,0.5443,0.288,33.0043,-17.3124,8.7295,33.307,193.67,g
17.5265,11.0555,2.2648,0.5435,0.2799,1.0075,-6.2517,3.2753,26.8207,233.855,g
35.5577,24.3995,2.8119,0.2591,0.1303,6.2848,-21.9429,17.7932,3.314,280.751,g
103.335,50.5504,4.258,0.0875,0.045,32.3388,74.2771,-29.2771,3.4381,290.426,g
40.9012,14.8358,2.5244,0.3677,0.1868,-69.2629,30.897,-12.1868,5.741,292.578,g
21.6948,6.8708,2.0846,0.6996,0.3745,24.7572,9.5118,-6.5457,23.451,84.0671,g
34.546,20.8963,2.9157,0.2866,0.156,5.3318,28.0222,4.9595,3.103,169.467,g
29.054,25.8172,3.0193,0.2611,0.143,7.3167,23.9303,18.8811,31.0087,99.172,g
91.736,20.9687,3.0658,0.2101,0.1195,-53.6447,65.2706,10.7555,9.7456,311.3537,h
38.2871,16.452,2.3775,0.5577,0.3669,27.1041,21.9944,-9.7515,46.6248,133.152,g
17.763,7.0232,2.357,0.8571,0.4945,-6.8579,8.3954,5.4142,67.345,185.682,h
62.4115,31.2051,3.4099,0.2222,0.1138,58.6048,51.5254,25.8018,6.1268,267.515,g
22.3607,12.3815,2.3253,0.5154,0.2719,-1.331,9.8102,5.5702,23.99,186.33,g
26.694,9.5367,2.3375,0.5563,0.3885,5.3922,20.5388,-6.1469,84.8213,28.173,h
22.8613,12.6787,2.5159,0.5122,0.3034,21.0613,12.044,-9.4541,8.694,156.341,g
13.0419,10.829,2.1477,0.7616,0.4662,-13.7597,4.9355,-9.777,23.3048,224.687,g
90.6123,36.4748,3.6258,0.1906,0.1031,-58.4457,-26.7678,18.0674,4.6584,396.921,g
21.9528,9.9429,2.179,0.5828,0.3013,5.3718,-17.2517,-10.6395,27.259,189.258,g
190.677,74.6928,3.5101,0.2135,0.1135,209.184,153.349,-71.4251,72.5933,369.048,h
25.5694,12.1376,2.5428,0.4441,0.2278,-21.3481,-3.6903,9.3471,9.7343,196.876,g
76.8377,26.5769,3.5931,0.2389,0.1494,-54.9263,23.5317,12.0204,4.154,275.72,g
122.948,20.6215,2.9754,0.2032,0.1032,-242.423,128.313,12.7635,8.35,158.745,g
17.9171,10.7729,2.5184,0.6905,0.4186,6.713,9.8405,-1.586,2.335,187.5844,h
72.5226,17.2902,3.114,0.1985,0.0924,29.8122,45.3409,-12.5501,21.9396,193.2479,h
27.1239,17.6472,3.058,0.3132,0.1728,2.558,8.1116,-13.4637,16.169,234.602,g
13.1817,10.44,2.1446,0.7885,0.4839,13.2572,5.6969,10.7694,24.9009,92.3585,g
24.2385,10.9437,2.4385,0.5173,0.3333,9.9459,21.3701,-5.7577,10.9363,178.879,g
78.696,24.65,2.5673,0.2658,0.1756,-22.9674,-73.197,-13.3549,37.6947,38.8639,h
23.0473,15.8546,2.7368,0.473,0.3126,2.7521,22.0594,-6.2051,68.062,249.403,h
48.8841,14.1835,2.8038,0.3441,0.2176,-23.606,-35.172,-12.5396,1.783,214.303,g
22.6255,15.2609,2.7415,0.4062,0.2294,-4.89,-11.3924,-7.7689,15.109,133.836,g
41.6067,10.5486,2.4639,0.4364,0.2251,-7.2166,-31.2745,-5.2903,8.17,124.73,g
60.4087,15.2666,2.9175,0.2382,0.1276,67.2909,40.1999,6.3825,2.6457,232.763,g
30.3594,16.9003,2.7033,0.3248,0.2069,10.4975,-13.2944,5.16,0.2976,248.599,g
69.0638,30.9665,3.6383,0.2017,0.1084,-40.3163,70.6762,26.1325,4.3045,290.341,g
25.1916,14.1066,2.6781,0.3778,0.2046,-6.0686,-14.3053,-5.177,5.636,153.141,g
179.992,75.4342,3.6182,0.1332,0.069,-125.488,-114.388,37.5789,5.1421,204.152,h
28.8738,8.0803,2.1584,0.5486,0.3021,16.6444,16.9719,-3.6688,48.027,169.681,g
22.4756,11.2507,2.2672,0.5676,0.3,-12.9752,-19.6917,-8.5486,68.163,146.242,g
84.0375,35.1717,3.7263,0.1745,0.0921,7.8038,53.0591,10.1184,0.401,336.464,g
50.8142,27.7736,3.3463,0.1901,0.1061,28.326,39.9401,-20.2304,4.7419,187.57,g
13.1584,10.7054,2.2135,0.7768,0.4557,13.8929,2.6508,-11.0701,63.0,92.5548,g
19.9205,10.3429,2.5198,0.6163,0.3761,-5.6802,16.1492,8.8758,27.5493,242.753,h
31.5567,14.1112,2.5198,0.3263,0.1798,-24.7986,-14.4798,6.4829,21.041,140.418,g
19.7829,6.4294,2.2956,0.8304,0.5392,-16.7851,-17.0595,-5.0057,78.8637,130.985,g
19.5014,12.4493,2.3531,0.5322,0.2993,3.1483,-12.526,-10.1548,27.644,214.814,g
34.0918,14.5474,2.527,0.4042,0.2095,13.1554,28.4159,9.6806,56.0959,64.7141,h
105.1478,51.3997,4.1876,0.051,0.0383,-114.3564,83.0826,-29.099,40.1549,306.1684,h
24.3642,9.1402,2.29,0.641,0.4487,-25.079,-13.0801,7.9173,10.8031,54.6152,g
96.7285,26.6214,2.9731,0.1915,0.1048,-38.2776,-111.704,-5.914,13.4054,148.671,h
33.9312,18.959,2.8142,0.3021,0.1664,24.8683,15.8333,-14.2404,9.6812,134.475,g
157.31,32.8992,3.4717,0.105,0.0609,-99.7718,-78.797,-17.7748,34.3119,231.102,h
107.426,66.4353,4.4152,0.0615,0.0312,2.1942,80.4345,38.3153,0.108,306.566,g
36.9759,25.5087,3.0833,0.2187,0.1143,35.107,22.5906,13.9966,3.906,232.353,g
25.4641,15.0072,2.4115,0.4411,0.2267,-23.3359,-3.7213,-6.1822,54.7523,209.76,h
61.0664,26.4698,2.7007,0.2908,0.1643,-82.6079,-41.84,21.7416,0.151,247.38,g
27.5202,16.582,2.5809,0.3675,0.1877,-6.1815,18.1638,12.4413,14.777,103.044,g
32.6311,13.4123,2.4082,0.3984,0.2051,24.8993,14.7668,-11.6975,14.8675,224.409,g
29.6274,14.5327,2.5058,0.4805,0.2449,-33.1172,-21.4287,14.4428,38.887,179.471,h
18.7575,12.8054,2.5085,0.5333,0.2775,16.7669,11.3436,-4.1454,24.632,71.7487,g
77.2321,23.0616,3.1315,0.1869,0.1156,80.1682,82.7555,-12.8192,6.987,200.019,g
44.2157,19.8863,3.1252,0.2759,0.1548,36.2909,39.2318,-5.6117,9.565,144.714,g
89.2985,17.9731,2.9337,0.2038,0.1252,4.152,80.0039,8.355,3.616,200.99,g
18.0731,11.5841,2.4125,0.5803,0.4313,-0.5062,6.9524,-11.5926,9.6089,256.911,g
192.197,61.7657,3.4649,0.1872,0.1106,-27.2776,-218.729,51.3807,7.5687,331.86,h
22.5861,17.7805,2.3314,0.4709,0.2401,-2.9073,10.0913,-12.28,39.924,160.435,h
25.5801,15.8765,2.5276,0.5193,0.2923,-8.6292,-17.1298,14.7861,3.628,176.888,g
23.3751,12.5305,2.3243,0.5924,0.3104,28.3051,4.9827,-7.8915,33.8435,94.5324,g
131.0715,60.9879,3.2783,0.1042,0.0897,35.9373,110.7311,-47.8311,84.4635,154.8328,h
49.1439,18.1723,2.9307,0.1709,0.1038,-65.575,37.6103,-9.7183,80.8282,161.3425,h
47.1025,17.8097,2.9151,0.2809,0.1745,-22.2615,-20.6708,8.6163,10.4927,223.697,g
47.7155,27.6498,2.6439,0.2672,0.13,-27.0897,-30.3886,16.5982,18.3787,173.3645,h
22.2696,16.8281,2.6444,0.5329,0.2959,25.3278,18.8315,-12.565,15.229,177.234,h
113.44,27.2173,2.8274,0.2336,0.1257,-66.7016,-27.8434,22.1385,3.685,260.732,g
24.5568,7.3979,2.3711,0.6766,0.3426,-10.6425,-8.7545,-3.0253,31.091,174.751,g
33.6254,16.2543,2.7296,0.3262,0.1668,-14.209,-24.4998,-12.002,61.1523,219.4,h
36.7801,21.8545,3.1297,0.2248,0.1154,5.8438,-23.6652,-15.2382,7.243,198.622,g
19.2685,15.8885,2.4661,0.4991,0.2513,12.7909,17.6816,-11.5401,52.9701,54.3576,g
100.012,44.7902,4.1322,0.0884,0.0453,43.2948,89.1063,-26.9751,3.081,252.784,g
107.858,39.9186,3.9914,0.1273,0.0678,-70.5417,67.5005,13.2157,0.0791,350.842,g
36.8182,14.3749,2.8615,0.2916,0.1479,28.5125,10.8911,8.699,14.32,192.916,g
115.505,17.0683,2.6893,0.3988,0.228,115.356,65.5559,10.2487,80.7349,188.788,h
82.4622,29.4793,3.4104,0.1629,0.0845,35.9174,80.7168,20.2289,4.232,218.761,g
79.3481,24.6138,2.6096,0.4988,0.2715,-83.8414,16.4072,-19.2488,3.796,278.274,g
37.398,9.3411,2.6585,0.4566,0.3019,29.8851,28.3052,-5.6481,7.915,166.488,g
21.4699,11.1525,2.1553,0.5594,0.3112,-14.0051,-18.8549,7.0017,65.5712,56.1808,g
38.3425,22.701,3.1492,0.2738,0.1989,27.3754,31.0201,-0.7477,9.9482,214.491,g
64.1293,22.3318,3.1268,0.1845,0.0952,73.1486,45.3642,17.6934,3.778,268.456,g
38.015,17.8824,2.7435,0.2744,0.1399,5.6726,27.8261,16.6841,9.2636,174.732,g
33.456,30.5016,2.8633,0.4384,0.2664,29.8716,24.8192,-9.6527,67.25,179.527,h
22.4196,11.1449,2.4878,0.5594,0.3821,-8.8309,-20.7553,7.677,10.9799,108.704,g
31.3403,23.5451,2.9863,0.258,0.1336,-0.5112,19.198,12.6257,43.5443,111.728,g
167.3657,123.4549,3.2448,0.1395,0.0913,-133.7341,94.8311,-96.0545,74.8187,257.4338,h
71.4686,24.024,3.3941,0.2167,0.1132,55.5414,74.3565,-16.8204,2.76,210.589,g
27.4814,23.5628,2.8017,0.2826,0.1492,4.5103,20.9656,-12.1436,81.4517,238.458,h
60.0737,18.208,3.1339,0.2182,0.1231,-18.8277,18.2696,-6.69,5.624,250.575,g
85.889,28.6696,3.7388,0.152,0.0851,25.0748,-37.7939,23.3276,8.2632,206.324,g
40.3064,13.3274,2.635,0.3268,0.2051,-29.5632,-28.6773,7.8411,13.838,185.467,g
77.0826,25.4232,3.4002,0.2006,0.1041,-53.2658,69.2391,-20.8604,5.0251,275.476,g
78.2793,31.904,3.1624,0.1404,0.0769,-113.7576,39.437,9.5273,42.3902,77.3752,h
45.3779,25.1567,3.4111,0.2383,0.1317,2.6534,56.1975,-18.1433,2.4183,240.878,g
17.941,7.4752,2.2889,0.7815,0.5219,1.2938,-4.1966,-3.522,2.105,105.236,g
24.1291,12.3616,2.6646,0.5065,0.276,2.0266,17.1422,-8.7257,40.0613,84.6768,g
29.8548,21.4516,2.9784,0.2806,0.1456,-29.6933,17.5267,-9.5246,26.9856,86.5943,g
71.467,23.6412,3.0843,0.1663,0.0941,-80.9148,-54.9547,15.958,89.3981,274.4902,h
23.3011,13.7888,2.6068,0.4936,0.2565,-11.7829,-3.554,11.7992,53.8272,216.9604,h
96.4796,57.592,3.3579,0.1604,0.0929,-152.2278,27.6346,37.4663,1.0932,359.4094,h
28.2166,17.0311,2.6026,0.3695,0.1885,25.7471,-9.524,-13.3947,14.0812,215.501,g
27.7252,14.7943,2.6439,0.3768,0.21,30.6781,22.5883,-5.672,12.665,168.638,g
35.1602,15.3464,2.7734,0.3589,0.1963,14.6742,-22.1246,8.8685,5.54,119.153,g
98.8571,25.0617,3.2232,0.184,0.0986,12.4358,75.4402,3.9381,40.952,305.3155,h
21.5452,12.1241,2.4558,0.5959,0.3161,3.017,-20.2701,-4.0001,8.2298,89.9811,h
17.6563,10.8055,2.248,0.5819,0.3079,-22.46,-9.8571,3.9711,72.368,95.1152,g
104.897,16.5823,2.5826,0.3556,0.1791,90.1887,76.4128,-6.0498,11.241,282.424,g
48.8922,23.0023,2.7835,0.2173,0.1243,70.161,-8.2962,12.4883,2.0888,121.642,g
85.4772,66.6394,3.6346,0.2084,0.1033,23.5172,-41.5824,-14.7502,22.1821,357.9892,h
83.8945,20.0156,3.2446,0.201,0.1062,59.4463,62.9735,-8.0126,8.8829,246.751,g
14.5938,12.4274,2.2576,0.4779,0.259,-1.5413,-9.9437,-9.6697,21.7229,147.6247,h
85.4423,33.7202,3.5788,0.1279,0.0706,68.3641,75.4086,-18.7359,0.3652,278.283,g
87.1478,30.1456,3.5906,0.1535,0.0805,35.3944,81.1524,-19.9712,2.152,291.692,g
93.4231,52.127,3.5515,0.1219,0.0611,65.3255,80.6104,16.5413,22.1891,307.734,h
71.5641,35.1044,3.1497,0.1431,0.0733,-28.6295,27.3206,27.1517,31.499,170.245,h
34.092,11.0162,2.6781,0.4323,0.2403,27.7823,17.0989,11.865,1.517,207.855,g
53.1378,23.854,3.4822,0.2033,0.1099,31.951,51.4626,11.9776,5.6592,212.606,g
22.4992,10.4464,2.2625,0.5683,0.3415,22.2059,19.508,-11.0449,26.9489,225.367,g
19.4661,10.7874,2.3483,0.6099,0.352,7.8758,-17.1186,9.3704,14.3006,243.176,g
66.7064,18.0313,3.2703,0.1948,0.1033,-14.6341,51.9567,12.4564,3.2846,225.711,g
32.843,14.2793,2.9146,0.4017,0.2538,-11.1135,-21.6815,4.8152,3.4605,198.949,g
38.4181,17.1406,2.5971,0.402,0.2162,16.0802,39.5951,-13.8313,0.393,261.014,g
32.6997,22.1011,2.857,0.3572,0.2314,22.0794,19.5163,-17.7256,20.449,153.756,g
33.2144,21.18,3.135,0.3401,0.2019,9.8233,25.9401,12.8832,1.2333,176.45,g
60.458,33.1061,3.1944,0.4679,0.2464,14.3,-33.8765,28.8315,8.292,372.568,g
262.203,82.2943,3.7197,0.1214,0.0619,-299.738,-152.016,34.0519,63.2988,223.485,h
19.2159,14.2802,2.4541,0.5272,0.3322,-5.2763,16.264,4.2851,20.77,153.866,g
100.961,46.5423,4.1751,0.0899,0.0478,10.6786,82.1558,25.0621,3.045,315.529,g
30.6386,18.9203,2.7404,0.28,0.1645,4.861,-23.0307,-7.4035,6.753,201.604,g
131.913,40.049,3.3995,0.1606,0.0867,-131.708,-62.3433,36.9203,31.124,276.301,h
37.7416,12.8358,2.5804,0.3233,0.18,30.2583,19.824,8.698,10.813,198.746,g
65.8244,18.8813,3.0978,0.2028,0.1066,-41.7522,53.5763,-12.4085,8.031,218.971,g
69.9448,23.0824,3.7401,0.1615,0.0981,-47.6786,-54.9037,18.6834,57.393,156.13,h
30.7083,18.8247,2.799,0.3209,0.1708,-26.232,-20.9137,9.3871,14.118,214.365,g
26.2328,20.9103,2.7451,0.3705,0.1862,21.8231,-21.0481,16.5366,75.6027,201.633,h
68.9306,27.332,3.1948,0.1762,0.0891,74.3417,70.2758,-10.9485,1.9026,241.43,g
94.8489,24.7965,3.1622,0.3003,0.1531,-66.8504,57.2807,-6.1345,23.194,335.9071,h
51.624,21.1502,2.9085,0.242,0.134,50.8761,43.1887,9.8145,3.613,238.098,g
20.4073,11.6349,2.2553,0.5944,0.3361,11.1089,19.6698,7.4807,21.957,119.397,h
50.1325,37.4544,3.7613,0.1325,0.0704,-10.6273,-13.7066,-23.9465,16.5336,95.671,h
17.8317,10.1327,2.398,0.7668,0.4405,12.0647,7.9338,14.706,1.6673,235.4956,h
31.9774,11.9107,2.7723,0.4088,0.2255,-6.8707,19.3197,-10.7704,6.46,173.846,g
18.1716,12.8733,2.586,0.5344,0.3074,0.7496,-6.3392,8.3141,33.8273,162.521,g
25.8379,10.5903,2.4257,0.4916,0.2608,9.4113,21.7968,-5.8969,26.604,74.3439,g
44.7821,14.8631,2.889,0.2569,0.1414,31.6467,24.9265,8.4655,4.0468,242.131,g
110.8966,37.5048,3.6716,0.1695,0.0885,-96.4045,-140.5629,8.9172,38.7412,170.0706,h
37.1534,19.0733,2.9071,0.3108,0.2012,11.6496,21.9013,17.3717,11.785,192.709,g
170.7778,65.1699,3.1726,0.1805,0.0973,-69.6537,-189.4876,32.6956,57.4979,142.5045,h
96.5965,37.0646,3.2999,0.2175,0.111,-45.6339,-82.5645,14.312,4.591,295.128,g
98.2968,50.2884,3.0338,0.3737,0.2419,-69.4558,63.7397,-45.85,61.0672,303.25,h
49.1229,24.2545,2.8388,0.2261,0.1167,55.8012,-33.3052,16.6326,30.43,176.439,g
19.8446,17.6904,2.5993,0.395,0.2126,-0.0195,-8.0277,-10.3793,23.0443,159.264,h
41.6116,10.1455,2.9077,0.3871,0.2022,-41.3479,-28.2571,-7.9844,85.6838,250.143,h
20.4023,7.2924,2.055,0.696,0.3833,0.2625,-4.7217,5.7095,34.5528,95.1519,g
31.0527,21.0442,2.6968,0.3437,0.1719,39.2751,21.2631,9.7659,15.591,148.635,g
57.1241,22.8455,2.9903,0.2065,0.1099,-66.5789,-42.3854,-16.8088,30.645,179.502,g
56.8163,30.386,2.9978,0.3658,0.1819,7.1108,78.8955,-22.9473,71.2264,252.5838,h
94.798,22.3755,2.933,0.3116,0.1604,125.887,-73.7973,-14.5003,52.436,82.7249,h
46.395,20.7354,2.9941,0.2291,0.1151,-5.4724,-22.4582,-11.9183,9.8102,204.407,g
25.6385,14.8594,2.48,0.4768,0.2599,11.3167,16.8274,-14.7236,24.1921,140.303,g
88.8427,19.6117,3.2609,0.1338,0.0895,2.9363,19.1422,-8.4687,87.673,94.5177,h
27.3639,11.9915,2.5955,0.4213,0.2221,8.459,19.9408,10.5561,35.37,168.006,g
62.1966,39.1505,3.2655,0.1536,0.0795,-67.5718,45.3843,-36.4981,1.945,269.637,h
45.102,20.0974,3.1647,0.193,0.0975,34.5486,31.4351,-8.0756,1.2698,171.526,g
114.567,37.9239,3.7376,0.1912,0.1059,-168.008,67.6121,26.6628,0.8106,372.3,g
77.6825,18.3835,2.935,0.2706,0.1365,47.0054,80.5433,13.6448,10.3002,230.14,g
16.2414,11.6275,2.4362,0.6044,0.3315,1.9824,-5.9228,5.5241,73.705,95.0327,h
25.1194,16.3569,2.2707,0.4504,0.2332,-11.0628,-17.4874,14.5994,27.4012,170.738,g
47.0562,10.9906,2.5548,0.6095,0.2915,29.8753,35.8008,-10.812,74.324,188.403,h
13.1681,10.7534,2.1477,0.7758,0.4448,14.1059,-0.9633,-11.2967,28.175,93.3325,g
56.8538,16.7862,2.9701,0.3236,0.175,68.7272,34.0334,10.8524,62.7139,246.5548,h
225.453,56.7446,3.4401,0.1375,0.0771,-201.3496,-94.144,53.4716,88.0696,256.8955,h
86.8165,27.1374,3.5146,0.1972,0.1252,-29.2676,59.8195,-19.9237,2.506,311.422,g
38.2407,14.7608,2.73,0.3557,0.1853,-42.045,-20.474,7.3276,3.9659,203.657,g
210.504,33.3894,2.9039,0.2982,0.1578,-186.238,106.85,17.8934,28.4331,215.481,h
86.7377,16.1945,3.1184,0.351,0.1831,34.4602,68.0619,-19.7053,4.692,363.319,h
25.16,10.4337,2.3191,0.4556,0.2278,14.5512,-18.1403,-4.0287,25.7405,118.281,g
21.9932,9.9294,2.1931,0.5577,0.3109,-4.0314,16.335,10.1397,42.753,103.939,g
18.719,10.0538,2.2923,0.6224,0.3444,22.1638,11.3655,-5.2373,54.437,166.884,h
103.15,43.3171,3.9352,0.1022,0.0513,24.9862,114.912,-24.1812,62.0401,184.945,h
68.5377,21.7562,2.9731,0.2149,0.1229,60.3419,64.8438,-11.3324,15.494,186.18,g
30.2098,15.3863,2.3692,0.3932,0.2158,20.7711,27.7257,9.4231,32.907,160.716,g
21.1077,7.0966,2.0774,0.6862,0.3473,-25.1666,-7.9365,6.2317,2.867,130.872,g
67.6011,25.9772,3.0962,0.2941,0.1494,-3.3199,31.6754,11.2731,1.37,326.562,g
47.8141,39.3699,3.2659,0.2245,0.1141,46.2922,34.2703,-23.2266,12.0685,152.651,g
65.667,32.7136,3.7666,0.1599,0.086,47.6365,62.0176,-11.0031,16.903,209.747,g
22.6904,12.8613,2.2718,0.5668,0.3289,13.6513,13.3931,8.3562,69.7558,231.041,h
25.7974,15.0539,2.608,0.4069,0.2109,-18.2012,13.4294,9.2773,58.6235,38.5349,g
42.1536,23.1402,3.1998,0.2254,0.1215,0.0818,-32.8412,13.3461,8.0243,167.334,g
26.0122,12.7403,2.4764,0.5409,0.3122,-12.3651,-22.5077,-7.7198,38.556,163.007,h
38.8245,16.474,2.7899,0.3228,0.1679,17.4768,34.4857,-9.777,0.804,254.646,g
198.055,42.5451,3.6965,0.2037,0.1079,-233.715,-128.744,27.0634,57.052,362.617,h
47.1689,13.3291,2.6547,0.3588,0.1849,-80.0532,37.9722,7.3896,18.1339,254.5,g
75.5011,17.0911,2.9773,0.451,0.2482,1.1458,-49.4256,-8.9153,1.1556,341.699,g
38.9566,14.1448,2.7662,0.5948,0.384,-38.6958,-32.9909,4.7953,17.0214,314.7395,h
30.4343,11.7743,2.5465,0.4148,0.2088,-10.295,-15.5618,-11.0628,12.7025,217.838,g
27.6647,17.2409,2.5024,0.4245,0.2437,1.0215,17.1162,-14.0228,2.315,138.304,g
37.6085,26.9945,3.0856,0.2044,0.1039,37.1349,14.3963,-5.9997,6.6889,205.566,g
102.698,43.7581,3.9838,0.079,0.0424,-135.875,75.4813,30.0902,5.5948,226.243,g
58.401,34.6992,3.0107,0.2517,0.139,-10.8768,-68.5577,17.4978,6.8722,157.271,h
21.6691,12.4606,2.4289,0.5549,0.3259,24.417,15.0588,9.1451,8.891,133.345,g
21.9244,12.3699,2.3493,0.4608,0.2707,-28.2201,-8.1482,9.9155,15.61,200.696,g
23.6215,10.0757,2.2227,0.5689,0.2844,25.8723,17.2674,10.3683,2.819,222.857,g
60.7244,17.3754,2.6884,0.3509,0.1665,82.4657,4.5381,10.3655,14.4753,287.5723,h
50.131,17.9673,3.0298,0.2232,0.1134,-13.9348,36.5453,3.0183,4.7341,242.555,g
41.1069,11.8791,2.7627,0.5625,0.3371,-44.9923,-22.7481,-9.2161,48.1747,178.4784,h
50.4864,37.1735,2.9919,0.2409,0.174,4.3727,-30.2334,21.8089,39.7134,201.8814,h
25.8002,13.2023,2.3936,0.501,0.2848,17.6722,14.3858,11.9903,12.5937,171.925,g
88.5821,45.3852,3.3989,0.1525,0.0792,-39.6185,74.6123,52.1147,3.144,289.22,g
37.1464,21.6205,3.3506,0.2502,0.1296,2.7761,28.1556,-12.9581,1.705,78.1894,g
51.7656,30.7225,3.578,0.1601,0.0871,38.2446,39.4275,14.3551,7.6181,197.258,g
33.3917,10.8839,2.4886,0.4578,0.2549,9.7498,-16.8504,10.168,4.116,117.805,g
20.8491,9.9287,2.316,0.6039,0.3647,2.7306,-14.7746,-7.6769,65.8518,25.6525,g
25.5991,12.5304,2.6959,0.4995,0.3293,7.2105,-19.2635,-9.913,8.7515,215.707,g
29.2428,8.1792,2.6214,0.447,0.3342,7.5582,27.2815,-10.2098,14.4655,234.8111,h
111.7246,56.7521,3.1875,0.1608,0.0843,129.8734,61.8305,10.5023,30.6901,148.4478,h
32.9045,9.7782,2.2836,0.5119,0.2676,32.59,18.2646,-11.5326,81.3208,167.8863,h
88.7747,24.3092,3.4783,0.2005,0.1029,35.667,92.4847,-15.6103,1.8142,273.908,g
37.7771,25.3763,3.3648,0.2236,0.1207,29.8161,-15.9668,-12.1117,0.8021,196.855,g
25.2943,0.0,2.2368,0.713,0.3797,0.0,0.0,-11.2426,70.5589,78.0593,g
85.7777,23.85,2.7803,0.4615,0.2803,-17.2767,-106.5174,-10.2017,26.992,206.0471,h
54.5124,19.5018,2.9509,0.2531,0.145,32.9563,-32.1282,-14.6519,1.7074,212.902,g
18.1202,10.6294,2.3766,0.7101,0.4055,8.1281,-15.6172,-3.5703,37.8225,189.645,g
95.5973,25.7806,3.4943,0.2169,0.1152,-13.2794,43.3393,16.6877,0.5731,327.217,g
38.7182,22.5525,2.4616,0.3282,0.1779,-32.7971,-27.0487,-14.3104,14.391,108.069,g
25.1217,0.0,2.2799,0.7244,0.4383,25.4328,16.6693,-0.0001,48.5825,242.515,h
20.0821,7.0172,2.2109,0.7877,0.4277,20.7727,13.7231,-5.1582,34.358,127.013,g
242.0791,71.1568,3.6947,0.19,0.1039,-102.2563,-225.8662,82.1649,60.7836,258.0838,h
64.5226,14.9087,2.5557,0.3115,0.1878,79.1655,-40.6169,-7.4207,0.47,198.596,g
56.9892,27.8128,2.7037,0.3363,0.1909,-6.8392,-47.46,-30.871,85.5277,76.655,h
66.9995,31.1183,3.5624,0.1359,0.0694,48.9367,61.7826,10.8849,3.1014,198.382,g
22.7412,10.1745,2.4843,0.5639,0.3033,30.84,-15.1058,6.8333,12.2494,180.247,g
34.8614,18.8957,2.9332,0.2519,0.1359,16.429,18.1677,9.0215,5.772,198.03,g
20.298,16.405,2.4125,0.4526,0.2263,22.6523,19.0022,8.5651,58.441,193.479,g
21.295,16.3565,2.6015,0.433,0.229,-11.1212,10.2831,-11.6914,12.4043,80.0502,g
40.1178,22.7584,3.0058,0.2743,0.185,6.2469,-29.9627,15.9072,1.23,192.577,g
10.0268,6.354,2.7142,0.6274,0.3201,1.8377,0.4268,-7.5374,61.3248,177.7557,h
38.3392,18.2407,2.6928,0.3266,0.1957,44.386,-24.9301,15.5016,7.116,241.747,g
86.5389,16.3152,2.8756,0.3023,0.1565,48.9056,72.2829,4.4207,1.53,245.673,g
19.2274,10.2241,2.4298,0.6506,0.4108,-5.6524,15.4282,8.3542,61.454,188.82,h
94.7196,26.9299,2.8742,0.2685,0.1423,-97.468,-66.978,24.3466,37.5354,217.708,h
19.399,7.4377,2.1717,0.7407,0.4411,-1.2309,6.8109,4.5419,36.0106,93.6069,g
80.2374,54.469,3.3462,0.1725,0.0945,-21.2271,46.0824,37.7544,15.2636,308.5453,h
32.1357,16.835,2.7973,0.327,0.1842,-3.7201,13.6267,-8.2186,3.028,132.39,g
25.9126,10.5144,2.4381,0.7156,0.3672,-29.533,-6.1689,-1.3718,42.753,242.3657,h
15.2463,13.9656,2.4343,0.6239,0.3178,-40.0212,6.7776,-7.6091,88.9297,149.3363,h
40.9491,13.9738,2.7059,0.376,0.2451,11.379,30.2522,10.5107,8.5585,164.841,g
23.4823,11.8254,2.5611,0.4615,0.2404,16.1376,-11.3361,1.2537,21.1996,118.642,g
65.4261,21.4481,2.6924,0.2782,0.1472,-82.6774,50.6903,-10.2465,8.129,254.745,g
34.9374,14.2446,2.7408,0.3815,0.2334,-2.2511,30.3157,10.5688,9.034,179.785,g
35.2375,9.4788,2.4265,0.4082,0.2228,32.4648,-24.6124,3.9519,11.053,214.467,g
40.9787,17.3368,2.8582,0.341,0.1823,38.1097,39.5081,-9.6327,16.181,148.841,g
82.7868,30.0257,3.23,0.2311,0.1408,-7.6862,52.992,-18.001,24.9283,333.9209,h
61.8677,17.219,2.8368,0.3121,0.1753,-74.1327,-37.4271,-10.788,83.4915,126.2051,h
77.0789,29.6883,3.4049,0.1909,0.0986,41.95,71.0791,23.1293,6.8425,342.796,g
121.021,25.7419,2.7604,0.3403,0.1849,114.843,70.6318,-12.3028,1.112,354.892,g
236.715,92.616,3.52,0.1015,0.0539,-321.209,122.712,-89.4731,25.7824,71.289,h
90.9796,56.2669,3.0556,0.2904,0.1509,0.3255,-101.706,11.6523,2.076,386.316,h
49.1157,18.0908,2.8309,0.2745,0.1557,47.039,30.6409,-12.5733,2.2065,154.529,g
104.156,17.6415,2.935,0.2857,0.1643,17.3668,104.885,-13.9686,0.8358,333.468,g
33.5107,10.8591,2.6799,0.4598,0.2435,35.1301,28.949,-6.3518,9.962,87.8559,h
51.0942,10.927,2.7653,0.388,0.2,26.8045,45.4515,8.6927,11.6,220.749,g
25.5005,24.3055,2.7831,0.3556,0.2648,6.5081,15.4926,-16.1597,28.7159,121.4007,h
98.5681,37.7214,3.2964,0.144,0.072,23.0117,113.518,23.9109,34.082,281.275,h
45.19,10.4792,2.3444,0.3891,0.1968,12.4636,27.3732,-7.2256,3.79,222.939,g
46.2893,12.3993,2.8651,0.3165,0.1671,-82.4823,37.1961,-6.6611,10.6382,280.2,g
20.9196,12.3885,2.357,0.4703,0.2484,-1.0318,7.3312,10.5233,19.31,233.962,g
65.8168,28.7954,3.4192,0.1725,0.0863,69.8768,65.376,7.528,6.9368,207.387,g
34.1551,22.5427,2.9908,0.3115,0.1772,2.1068,6.0209,-9.3894,51.7229,52.7754,g
18.9497,15.0729,2.3512,0.5212,0.2695,20.6231,18.0688,7.0774,17.1957,128.887,g
34.6876,12.4005,2.5472,0.3461,0.1745,26.3022,-18.9013,8.8459,12.095,131.332,g
163.29,84.2977,2.8794,0.2904,0.1736,36.907,77.2924,-39.1866,33.612,96.6701,h
37.6576,22.9717,3.1973,0.233,0.1235,-21.8899,16.7534,16.9726,0.4443,115.159,g
91.2235,37.9047,3.3754,0.1706,0.1064,-47.2725,72.3117,37.2558,3.586,294.102,g
16.7566,11.3063,2.3766,0.584,0.355,0.0,0.1543,6.7419,48.504,117.636,h
92.3723,47.0706,3.0527,0.1949,0.0996,41.6349,84.604,-24.542,17.086,271.141,g
27.71,6.6551,2.6514,0.5523,0.3342,18.4418,-5.5253,6.7768,29.3522,165.7713,h
46.0224,12.4339,2.5832,0.3238,0.1841,-47.8112,-22.5169,7.6568,28.8406,160.69,g
77.3327,18.1007,2.702,0.3873,0.1936,71.932,48.2209,-14.4452,30.558,147.225,h
32.9701,19.1408,2.6149,0.3883,0.2367,-2.0584,-32.71,-13.798,30.8151,154.294,h
32.4106,12.9067,2.4646,0.4906,0.2556,12.1954,22.2017,-7.5632,13.097,151.687,g
25.4663,17.1171,2.7423,0.371,0.2091,4.2117,20.3061,6.0298,21.333,56.2445,h
54.4385,9.4219,3.0728,0.3045,0.165,61.8271,25.2577,-9.6612,6.1805,173.4926,h
20.8577,7.1651,2.0588,0.6987,0.3537,1.2862,-8.4705,-6.0613,41.2181,240.018,g
30.2852,14.738,2.683,0.3921,0.2147,10.977,-21.7731,-5.3946,12.395,238.556,g
23.2007,9.7733,2.2788,0.5579,0.2921,-25.5851,-17.1035,-10.6575,30.7414,52.9858,g
39.5437,11.2019,2.6853,0.4149,0.2198,33.0736,26.3628,-7.45,3.7748,267.892,g
35.4054,20.3297,2.8768,0.3001,0.1866,10.9018,28.5441,-13.8102,34.644,92.012,g
29.6823,21.9488,2.6147,0.5073,0.335,-13.8653,-23.2324,-14.0536,88.587,145.9518,h
133.365,53.2757,3.3975,0.1413,0.0811,-73.6085,137.599,-36.2074,72.951,290.358,h
177.656,55.8744,3.359,0.2035,0.1087,-89.3844,-156.014,24.0003,2.3331,272.085,h
67.6685,19.254,3.0214,0.2875,0.1556,-105.945,59.3824,9.5786,2.3677,234.18,g
28.5144,25.1769,2.7271,0.3093,0.179,-21.9314,18.2613,-13.0677,59.9787,157.675,g
107.597,46.4634,4.0313,0.0911,0.0474,-82.3014,72.13,-29.0426,3.503,302.304,g
51.3222,27.5089,3.6777,0.1834,0.0927,24.3186,49.4474,-19.4964,5.6174,128.052,g
131.864,77.8131,3.1889,0.3346,0.2049,-47.9904,-176.335,-60.0489,85.081,271.402,h
48.0293,13.2839,2.7832,0.3855,0.21,32.6432,14.7251,-10.5128,2.397,199.141,g
92.769,36.7959,4.094,0.1,0.0505,17.6552,82.5596,-32.9371,5.8385,227.08,g
24.3751,19.0703,2.8567,0.4186,0.2455,5.8433,-12.8979,11.8995,45.8112,52.2355,g
156.9574,121.835,4.3815,0.0206,0.005,60.1705,102.2865,-35.9262,88.498,129.757,h
61.7547,7.2247,3.0021,0.2433,0.1069,-24.5622,-36.2658,-7.6131,24.7205,156.1852,h
20.8382,10.2682,2.3404,0.621,0.3356,4.0453,-15.9238,-2.923,86.8812,222.986,h
48.2002,25.6478,2.76,0.3527,0.1972,-60.6256,22.5389,19.6924,26.8176,301.244,g
53.0516,38.4292,3.2252,0.1804,0.0851,27.9866,-31.242,-17.542,61.0381,235.0636,h
33.9185,18.2139,2.9689,0.3298,0.1864,20.8632,29.1407,13.0989,10.519,168.823,g
23.8349,18.6432,2.8322,0.3782,0.2436,-17.265,-11.7662,7.1626,69.237,64.2395,g
153.066,49.2126,3.816,0.1555,0.0832,-150.35,-126.184,-37.3358,36.077,352.282,h
104.604,43.6324,2.8335,0.2465,0.1343,4.5666,28.4395,31.7044,4.314,325.195,g
164.2,63.4424,3.2047,0.2491,0.1345,-171.137,-135.894,44.8997,24.194,307.891,h
111.657,31.2859,3.0674,0.2457,0.128,-95.2504,-83.5029,-12.0748,3.348,336.62,g
29.7499,18.698,2.7304,0.2995,0.1628,23.4646,16.5765,-12.374,0.56,205.114,g
36.3394,9.0447,2.444,0.4065,0.2068,53.6289,-19.691,4.7429,1.236,191.15,g
44.613,22.0402,3.0717,0.2289,0.1149,-20.6975,34.0315,-13.3497,7.436,110.618,g
34.5344,20.8554,2.6021,0.4,0.2362,28.2809,34.1069,-16.6342,9.6722,262.144,g
21.0483,17.6112,2.4409,0.4529,0.2373,29.591,-9.6241,14.2623,32.4415,173.549,g
192.852,75.9943,3.4438,0.1231,0.0646,-202.948,-115.867,72.8867,60.596,191.365,h
138.8453,101.6172,3.4782,0.1535,0.1083,-81.0572,67.0812,-46.1997,64.0622,382.3652,h
23.9257,15.9532,2.5065,0.4019,0.2072,13.2554,11.8988,11.9046,24.452,99.9141,g
18.8638,7.0231,2.3043,0.8337,0.4194,-7.5519,12.3037,-2.664,50.3182,167.844,g
30.8286,8.7743,2.6222,0.5752,0.2995,-28.5249,-16.9847,-5.5143,31.947,224.019,h
21.6071,6.827,2.0774,0.7029,0.4059,23.2776,12.3509,6.4888,88.9063,259.471,g
26.7063,18.6618,2.8842,0.3499,0.1821,11.9666,16.8838,14.2216,17.71,89.0357,g
27.4599,12.6085,2.6069,0.4302,0.2213,-30.6896,-11.6992,5.4168,68.844,221.497,h
30.3572,21.0853,2.6998,0.2455,0.1307,29.9452,16.4013,14.0697,5.4315,77.4132,g
18.0667,12.8863,2.4158,0.5643,0.3013,2.7454,-10.67,7.8956,86.453,167.368,g
53.8685,15.831,2.8722,0.2859,0.1443,0.0619,36.8694,15.7186,32.443,185.396,g
16.2153,11.6035,2.3118,0.6,0.3195,2.8361,-6.8129,-4.9052,75.817,122.801,g
112.1047,26.6977,2.8913,0.463,0.287,-53.0038,-70.6654,-22.1141,18.4025,324.7103,h
52.735,12.6817,2.6561,0.5563,0.3609,-64.5213,32.0105,11.6103,8.9282,277.766,g
29.9126,15.0223,2.7135,0.4603,0.2369,-6.6009,15.2915,-16.9716,2.5305,202.792,g
31.9795,10.8835,2.3927,0.4494,0.2854,19.7412,26.6413,-6.4333,13.4176,130.073,g
50.8775,17.4526,2.9566,0.3812,0.2326,42.1977,52.8139,-17.6132,9.4633,198.192,g
29.4333,12.0838,2.4955,0.3898,0.1997,-26.6349,-23.0879,-7.1125,32.312,38.7584,g
23.8423,12.5932,2.3838,0.4132,0.2169,18.8385,12.8007,6.4597,31.192,233.835,g
18.7599,12.6422,2.4479,0.5419,0.3084,3.227,-11.0757,9.8468,18.587,114.086,g
92.2348,24.2443,2.8525,0.2458,0.1341,89.9966,80.2383,14.9143,6.12,238.277,g
13.4575,9.164,2.438,0.8576,0.4889,15.7633,-7.6129,10.0714,12.0227,101.5295,h
35.1379,6.497,2.7193,0.5954,0.3273,26.78,21.5213,-8.2411,46.056,234.207,h
45.9608,19.8827,2.9302,0.2983,0.1885,37.2304,23.9056,14.2798,1.305,174.503,g
85.1815,34.5239,3.5263,0.15,0.0862,61.8615,82.1158,-20.363,3.888,170.419,g
21.3145,12.5083,2.3454,0.4515,0.2325,-29.9256,9.2222,-9.3692,13.2097,207.403,g
12.867,11.3195,2.1414,0.722,0.4296,-14.8022,8.3638,6.7735,42.694,214.914,g
21.3516,10.3682,2.243,0.5771,0.3171,3.9919,-16.3115,-7.5029,57.3003,105.127,g
36.4659,16.4298,2.5058,0.3869,0.2075,46.7078,23.7806,-15.2667,12.9854,151.521,g
28.6836,12.2316,2.4698,0.4203,0.2153,33.5127,23.8686,9.5612,40.8052,60.8276,g
28.5623,20.8086,2.6013,0.341,0.2557,2.6261,27.8465,10.1167,45.0675,227.8204,h
64.2169,18.1686,2.5507,0.5832,0.407,-38.8492,-66.5204,-4.0623,33.9807,168.5068,h
20.6204,8.7072,2.1851,0.5608,0.3138,-19.7423,24.1898,12.4961,39.6851,205.3396,h
86.5058,44.8406,3.2648,0.1914,0.0987,-161.9878,82.1991,-40.3299,3.2487,248.6552,h
24.2801,21.7926,2.7619,0.2855,0.1427,-6.4294,-12.9046,-11.3814,48.801,182.708,g
24.3686,15.5878,2.5593,0.4248,0.2166,-5.3289,-16.2269,13.8149,71.762,140.871,h
30.941,16.5982,2.4955,0.4335,0.2343,2.9095,26.7865,4.0661,58.3672,205.9844,h
55.4239,16.6488,2.9166,0.3467,0.2482,-45.0366,36.6338,-9.1619,7.785,297.6813,h
20.9288,12.8416,2.3901,0.5173,0.3157,15.3763,13.585,6.3098,16.771,96.9992,g
30.3706,20.1588,2.5711,0.2926,0.1597,1.1567,-13.1034,17.4626,60.7795,263.98,g
61.9301,18.9766,2.9545,0.1743,0.0872,30.7333,-23.7584,-9.3106,13.4953,160.14,g
17.7169,14.0628,2.4383,0.7015,0.4578,7.2499,12.8802,12.8688,2.6161,226.4903,h
65.0492,20.4085,3.1836,0.2333,0.1268,-64.2384,42.3664,-13.017,9.9495,262.636,g
90.4076,29.5096,3.8065,0.1169,0.0611,51.8801,77.1253,-14.4278,5.4802,233.727,g
25.6468,22.5865,2.7493,0.285,0.1683,-12.632,-16.3279,11.9013,3.2549,146.34,g
22.1689,12.4471,2.437,0.5155,0.2687,-1.451,10.7877,9.1109,45.8014,188.537,g
20.8101,14.76,2.5065,0.4922,0.2695,-0.2453,11.2032,-9.0785,2.108,137.302,g
19.0142,8.8881,2.4048,0.7126,0.4744,-17.8566,-15.6116,4.954,29.1631,223.884,g
81.7713,16.212,3.1441,0.2813,0.164,-0.177,43.0976,-16.0866,46.672,58.6144,h
18.2067,10.4895,2.356,0.5903,0.3194,-1.4055,7.2556,-6.046,49.5821,116.737,g
64.632,36.9102,2.7738,0.2003,0.1002,24.8608,55.7333,-10.8648,39.656,161.012,h
59.1793,27.7158,3.1826,0.1609,0.0851,-4.6849,-26.0344,-12.6641,11.7406,202.539,g
33.4604,9.3442,2.4232,0.3698,0.1868,50.9648,8.0618,4.3085,4.457,188.4,g
33.6009,16.3082,2.6981,0.2826,0.1493,32.9809,10.3581,-5.0109,14.504,187.088,g
62.9393,23.0985,3.1787,0.2916,0.1839,-45.7177,45.992,20.2932,4.9252,285.261,g
47.8875,23.5629,3.4947,0.1745,0.0885,59.9256,25.3189,-8.5295,1.272,149.729,g
35.057,22.7916,2.8182,0.2705,0.1467,16.8649,29.6708,19.9999,46.912,179.904,g
78.7682,28.2616,3.5831,0.1481,0.0866,44.0772,72.1661,-12.829,2.3175,174.536,g
27.6178,9.6148,2.3021,0.4738,0.2469,7.3108,19.5239,7.6898,69.004,50.4708,g
31.8528,9.1297,2.6535,0.5353,0.3932,23.8483,10.1555,7.1572,40.2082,222.397,h
35.1147,17.8008,2.9096,0.3842,0.2063,37.0454,35.004,8.3877,16.6113,142.507,g
74.7241,25.517,3.3375,0.1687,0.0857,52.4757,57.9373,-9.0161,4.5284,261.352,g
22.6135,10.6883,2.1931,0.5385,0.2981,23.2508,18.9791,-10.3254,10.7152,174.583,g
25.5998,12.9419,2.4232,0.4528,0.2736,3.5181,20.2538,8.3724,62.509,151.831,g
42.8647,23.4034,3.1768,0.197,0.1082,-12.0406,-16.8023,17.2307,12.867,167.686,g
93.5575,21.1771,3.1928,0.1783,0.0914,-99.0496,63.7391,7.725,5.4461,238.577,g
31.0277,13.572,2.6069,0.3659,0.1965,-33.4891,-18.3522,-4.3004,0.3403,148.715,g
22.8716,12.4573,2.2504,0.618,0.368,16.3718,15.6523,-9.4009,3.427,105.333,g
25.9034,12.1401,2.4564,0.4126,0.2325,34.8238,12.3815,-5.1151,34.0048,89.8237,g
51.1226,19.913,2.8817,0.2758,0.1845,39.2254,40.2793,18.7924,3.888,221.634,g
12.926,11.3551,2.3988,0.7425,0.3812,-15.032,4.5285,-11.711,60.0829,193.697,h
34.6319,15.245,2.6721,0.4255,0.2351,31.8166,26.8105,3.9682,1.553,181.643,g
19.4348,7.3353,2.1717,0.7744,0.4276,-3.6794,10.0501,-4.3598,60.218,135.999,g
29.1673,18.0125,2.841,0.3417,0.1925,24.9667,10.1387,-8.975,6.382,210.92,g
98.1339,54.5318,3.2041,0.1951,0.1287,-184.1671,87.5247,-21.7298,16.565,214.8823,h
60.6909,10.5145,2.9305,0.2454,0.1647,-71.6889,21.3956,-9.1812,53.457,194.2611,h
57.4045,31.0873,3.2531,0.2831,0.1823,-40.4326,40.5879,18.9167,6.389,302.484,g
84.3787,33.7186,3.6211,0.2297,0.1222,-50.4275,-65.0604,-8.1588,0.1081,383.599,g
26.7065,18.907,2.6781,0.4281,0.2214,9.1616,18.6858,-11.6888,26.881,63.7637,g
30.2009,16.4833,2.8542,0.386,0.213,-1.954,-22.6476,9.8037,8.7445,188.9037,h
31.7945,12.0796,2.356,0.3656,0.1828,27.6032,16.5782,-11.1314,5.629,102.622,g
12.9842,11.1771,2.1508,0.7491,0.4205,-14.6888,6.392,10.9724,45.726,199.697,g
85.8049,32.2278,3.7798,0.1609,0.0868,22.7669,77.3155,-11.7304,1.3536,288.764,g
98.2442,13.6592,2.1734,0.542,0.2952,83.6413,65.6691,4.7823,40.455,165.9593,h
19.4394,16.9197,2.273,0.4747,0.2747,12.5394,18.4987,12.4998,29.742,101.555,g
45.7164,17.6456,2.9066,0.2839,0.1668,-40.8992,-37.6286,-11.6904,20.0713,214.177,g
87.5279,23.7462,3.4542,0.2164,0.1281,-43.071,63.8345,6.8093,2.617,296.422,g
46.4446,12.5216,2.708,0.3585,0.1988,-0.0947,24.2357,-11.9515,6.2087,167.626,g
66.9575,40.3173,4.1294,0.0827,0.0424,62.768,44.2846,-22.5145,3.996,181.433,g
89.2198,30.9204,3.6657,0.1943,0.1156,-45.9685,60.5827,-9.4736,3.667,337.885,g
78.3354,21.168,2.7945,0.3547,0.1934,59.5809,83.5768,-7.8714,11.8806,233.189,h
60.0081,21.2597,3.0156,0.2634,0.1336,70.5173,53.0514,9.2952,16.397,260.371,g
31.9613,12.1623,2.7024,0.4226,0.247,-12.5933,23.4701,-9.6547,20.144,219.631,g
27.3481,14.9418,2.433,0.4317,0.2417,-28.6155,-22.5047,-8.9758,74.229,249.861,h
25.6521,23.0307,2.6577,0.5992,0.3087,-20.0772,-16.5121,-13.9279,85.5133,170.4148,h
86.7454,31.4373,2.9937,0.2171,0.1182,89.2592,-35.4173,-22.9529,10.7988,150.107,h
34.4757,16.2697,2.8215,0.2821,0.141,5.2605,21.4287,-7.2427,53.431,180.861,h
81.2464,77.0121,3.8888,0.1267,0.0634,-66.0714,-42.8035,21.757,22.5005,359.445,h
117.902,69.9325,3.4107,0.2979,0.1661,90.5019,117.519,19.4267,57.1777,390.07,h
43.2183,22.325,3.0828,0.2884,0.1715,-59.419,-26.8643,-16.6142,4.1112,279.854,g
19.5793,14.6976,2.2934,0.514,0.2824,-6.8054,17.3916,-4.9889,13.17,130.918,g
39.4997,18.6159,2.4104,0.4626,0.2978,23.7402,24.6677,-0.573,74.765,224.0906,h
58.1603,30.2688,3.4278,0.2095,0.1245,36.3677,44.1205,11.9627,1.6337,270.772,g
109.7919,90.0145,3.3358,0.0775,0.0344,-156.3544,70.3151,-34.0523,64.6239,98.018,h
20.6404,7.2305,2.1287,0.6989,0.368,-0.8805,7.2814,-5.9025,14.933,160.057,g
24.8952,11.9504,2.4713,0.4527,0.2889,-9.1428,-14.5479,8.0554,47.4256,156.086,h
84.6834,24.4595,2.7284,0.3554,0.2399,-51.9482,-71.9329,-16.2241,57.6423,136.3991,h
17.3479,1.5338,2.1772,0.7922,0.4828,-1.5906,7.3247,20.635,88.8382,259.137,h
26.3471,14.3444,2.4229,0.5487,0.2984,30.3445,12.6617,-12.3303,50.1213,263.3354,h
17.0915,10.6401,2.2878,0.634,0.4098,0.497,-3.7506,7.8839,28.0696,234.951,g
75.6267,16.4543,2.4749,0.5695,0.3132,86.5018,-37.0773,-6.4531,14.441,125.601,h
94.2907,20.7954,2.7292,0.2388,0.1203,-21.9469,-98.1663,13.7197,37.8216,75.5689,h
24.7271,14.5628,2.6069,0.4277,0.246,-8.76,-14.9319,8.5488,79.5231,203.767,h
49.2668,21.7636,2.6698,0.3037,0.1529,10.9362,44.8508,-8.3905,75.1611,245.03,h
41.5143,37.7714,3.1772,0.1749,0.0967,30.3418,27.4409,-16.5403,26.155,219.644,h
46.6118,23.6375,3.1575,0.263,0.1347,32.1222,39.3201,15.7178,1.0271,269.663,g
28.867,6.6822,2.2878,0.5567,0.3067,-11.4547,-13.0095,3.764,10.8057,117.879,g
19.9341,6.9203,2.1889,0.8026,0.4498,19.8538,14.4316,4.9234,41.328,119.746,h
51.1753,25.3532,3.2617,0.1598,0.0818,-15.5784,-21.7391,-19.428,45.5989,213.093,h
19.9091,8.456,2.5468,0.6065,0.3095,-34.6135,-18.8923,6.7465,68.1039,39.7711,h
62.8457,24.0335,3.6595,0.1941,0.1033,41.1593,62.5019,15.8945,4.3753,248.368,g
48.6979,25.7886,2.7555,0.2125,0.1168,-28.1016,-30.9838,16.8676,69.0297,146.101,h
57.8723,9.0599,2.4969,0.4713,0.2373,35.6038,44.459,-9.1099,63.5282,247.087,h
18.6233,12.6685,2.3829,0.5921,0.3375,-14.3172,-14.9123,-3.1822,85.5581,91.0776,g
28.7879,16.5967,2.6144,0.3597,0.2321,-21.0397,-18.9643,10.1365,88.9008,88.4575,g
121.699,83.7406,4.0526,0.0804,0.0435,77.3276,99.4045,-47.4613,77.782,339.251,h
12.8979,11.4031,2.1089,0.7393,0.3774,15.0476,-4.3601,11.7061,20.3136,62.7772,g
62.3288,16.3919,2.7447,0.3222,0.1755,42.9253,60.1055,10.5693,17.5637,119.108,g
89.0973,27.4427,3.4193,0.1664,0.0981,-70.2297,64.7778,19.2681,1.6024,270.831,g
21.0923,10.9644,2.1931,0.5513,0.2788,7.1419,-18.427,-9.1865,19.3207,164.493,g
255.749,83.1878,4.0608,0.0668,0.038,-224.095,-157.163,-62.1765,76.7151,276.245,h
24.3625,16.3621,2.6613,0.4885,0.2694,-4.253,-23.1445,13.0119,40.6717,110.12,g
16.3081,11.2645,2.3444,0.6425,0.3688,-4.2469,7.2293,7.6066,16.3315,51.4114,g
62.2061,34.732,3.0828,0.1967,0.1012,-58.3155,37.3336,12.9837,29.492,271.638,h
121.5846,24.0051,2.9664,0.3009,0.1559,-82.1125,-117.7839,13.1076,66.1716,56.4439,h
18.3843,12.3029,2.4676,0.5588,0.3492,3.9061,-10.6956,-10.7463,62.5869,99.7899,g
29.4141,18.504,2.9199,0.368,0.2351,21.2967,17.2504,14.7789,2.642,188.463,g
25.6886,7.9251,2.3711,0.6723,0.4021,14.1407,19.422,6.9966,6.0144,181.782,g
31.6176,14.2639,2.6613,0.4318,0.2345,11.2686,23.2386,-11.3718,54.251,260.434,h
39.301,17.2702,2.7156,0.3715,0.2069,41.9106,-17.2948,11.1277,4.5729,120.804,g
39.4987,14.016,2.7832,0.2949,0.1623,-40.7033,-20.7903,-7.1121,2.188,141.834,g
27.6431,17.2132,2.6123,0.4396,0.265,-4.6323,10.7016,-14.7213,14.669,25.5491,g
19.5203,16.7042,2.6826,0.4922,0.325,5.8958,11.4286,12.5715,29.5127,53.5969,g
58.8047,33.6055,3.5673,0.1798,0.0955,45.2378,56.4516,26.5973,4.687,134.654,g
75.3209,32.3544,3.3055,0.3979,0.2502,46.5909,44.4458,25.6188,2.001,407.345,g
22.5397,13.02,2.3233,0.4561,0.2447,-1.3525,10.5006,5.6487,16.1722,107.044,g
29.1399,22.4479,2.5193,0.311,0.1903,-15.0859,-28.3027,17.6011,8.2104,97.7962,h
35.3572,11.5794,2.5832,0.4151,0.2441,13.2905,-22.171,-11.6236,30.3721,67.1247,g
43.2637,16.634,2.8122,0.2881,0.1656,-40.892,-29.5622,-13.6273,0.0951,169.08,g
45.4661,13.4823,2.4412,0.5659,0.2899,45.6265,-1.2784,4.732,28.5203,147.306,h
91.616,16.4013,3.1089,0.1977,0.1093,18.7187,50.826,-10.2227,76.028,205.871,h
85.3224,24.5625,3.1875,0.2058,0.1153,46.5941,82.067,-22.2008,0.137,256.507,g
197.5952,64.7036,3.5323,0.1451,0.0614,-182.3144,-83.1542,60.3853,67.8974,217.506,h
57.0238,23.9562,3.2678,0.1911,0.0974,14.6428,45.77,7.4105,14.005,178.182,h
26.6349,25.9017,2.8122,0.4255,0.2007,14.0788,23.3311,12.7453,30.9235,185.8905,h
26.5179,15.3339,2.6069,0.4129,0.2311,27.7301,21.6032,-11.7835,5.9374,183.554,g
30.3908,7.6326,2.2989,0.6533,0.3593,-35.5287,-8.7048,5.6889,53.951,236.917,h
17.6877,12.4821,2.6196,0.6507,0.3613,13.9636,15.1892,-5.1048,6.794,238.852,h
30.367,15.6628,2.7226,0.3939,0.2112,14.8962,25.3998,10.2676,49.0315,45.5098,g
24.5455,15.9583,2.3589,0.512,0.3304,-15.0906,10.7176,15.7758,35.1981,256.196,g
30.0622,10.7943,2.6096,0.4275,0.215,12.7135,20.2691,8.0645,45.7507,211.15,h
22.7208,17.3569,2.6314,0.4322,0.2161,27.7406,18.9986,-12.3719,18.365,131.33,g
30.1667,12.8365,2.6498,0.4502,0.2296,28.542,14.6061,4.6252,1.6861,210.992,g
106.332,35.0174,2.7966,0.4505,0.2452,-38.1628,-115.38,23.3649,7.764,360.895,h
83.3045,21.4643,3.0953,0.2128,0.124,-40.8964,70.6312,-16.6665,1.494,300.26,g
118.71,89.4659,3.4193,0.2742,0.1388,57.3669,-71.8817,117.371,32.8558,369.18,h
46.2759,16.1992,3.0133,0.2532,0.1285,-29.7586,-23.1652,-11.6603,1.4241,209.889,g
25.5884,14.8267,2.4526,0.4656,0.2381,19.2723,11.8516,12.2279,20.363,96.0406,g
21.3122,5.9538,2.2393,0.7896,0.5677,17.1712,18.7293,6.3354,47.817,195.136,h
96.5248,24.8025,2.9251,0.4678,0.2872,39.5886,-106.87,20.0798,24.4182,421.2666,h
33.1171,21.9778,2.6702,0.3056,0.187,5.5666,-23.8338,17.9228,17.3965,222.218,g
39.1431,20.9245,2.8739,0.2567,0.1504,22.0114,36.095,-15.6353,14.8637,131.863,g
60.9072,31.5988,3.3534,0.1312,0.0689,12.8724,42.8477,-25.4401,3.7195,221.022,h
26.2968,12.1111,2.5051,0.4344,0.2484,3.9917,22.4926,-9.9256,0.085,170.775,g
23.12,13.0592,2.3847,0.466,0.2577,24.7351,14.5916,2.8713,42.462,77.5756,g
25.6931,10.177,2.2889,0.4473,0.2288,-14.979,17.8698,5.8346,28.175,92.1703,g
22.6437,8.678,2.2923,0.6786,0.3648,26.6655,7.5747,9.1655,21.399,206.788,g
18.8725,17.2617,2.3775,0.5325,0.3333,-23.0535,5.7972,14.5049,49.329,148.828,g
80.1827,23.7679,3.5853,0.1517,0.0944,43.4594,61.9575,-8.0893,1.891,223.572,g
95.4476,24.1218,3.7656,0.1844,0.0968,59.2695,86.2177,-15.7422,0.601,255.995,g
39.4741,9.3826,2.7657,0.4031,0.2461,8.9522,22.3131,-4.2635,78.4692,91.9059,h
35.7876,19.1477,2.6685,0.3481,0.2121,-15.6096,21.3279,-4.183,5.585,81.2448,h
19.3968,15.3263,2.5076,0.5567,0.3211,27.5058,23.1146,-20.1709,43.9538,147.2857,h
121.718,44.5867,4.0204,0.0985,0.0511,-117.108,101.347,19.4415,1.542,222.766,g
19.3057,13.0677,2.4764,0.5876,0.3556,6.0243,-16.0067,-2.972,89.3334,155.394,g
32.2869,16.2117,2.6385,0.4161,0.2356,13.109,24.6315,-12.0596,5.8259,195.812,g
52.3327,24.5651,2.3478,0.4164,0.2379,-22.7436,-64.6192,14.427,86.4925,191.2506,h
32.4967,14.8197,2.5514,0.3118,0.1671,12.243,-26.6934,2.2923,63.9721,129.362,g
67.9645,12.9553,2.8639,0.3502,0.1963,28.844,71.8958,3.5926,10.2801,234.708,g
36.1005,10.3413,2.4364,0.5026,0.2468,10.7105,31.5241,-6.0309,2.7836,172.7757,h
93.06,26.3056,3.8134,0.1421,0.0746,64.454,72.1375,-20.4546,0.558,261.179,g
33.6825,16.326,2.7247,0.3487,0.1781,34.6867,-22.9435,-14.9478,11.7631,164.756,g
49.6847,16.4927,2.9358,0.2643,0.1571,32.117,47.5202,10.4147,1.3506,219.427,g
98.1014,20.8224,2.7126,0.4205,0.2141,82.7671,76.1611,13.993,2.954,220.417,g
43.7187,11.9147,2.6284,0.3388,0.1847,27.4107,33.8738,-7.4705,11.6246,178.695,g
23.1655,20.9149,2.659,0.4079,0.2292,16.1363,17.7383,14.8946,24.7031,156.686,g
93.8711,41.0984,4.0372,0.1239,0.0632,-49.321,20.3669,26.3444,3.2,281.297,g
56.5232,13.9445,2.732,0.4004,0.2382,-27.7165,-48.5938,-5.6678,17.637,104.8,g
76.7176,30.7721,3.2463,0.1685,0.0876,19.1262,45.5711,-34.822,3.3996,228.208,g
15.0509,12.2064,2.4843,0.6623,0.3361,-1.2266,1.9075,-3.2387,62.1054,220.536,h
53.9373,19.0335,3.0455,0.2287,0.1301,-16.7642,-39.2715,11.5627,5.2515,192.359,g
31.1411,13.9297,2.6121,0.5194,0.3173,4.786,23.0934,-5.2272,20.2988,244.3127,h
23.2673,10.2974,2.4354,0.5908,0.3725,9.075,17.7489,8.6035,74.2971,222.43,h
121.6825,82.8631,3.1495,0.2632,0.1427,57.2025,-61.0469,58.1906,69.5071,367.5839,h
18.2881,12.989,2.4023,0.5149,0.2673,-14.2768,-7.229,-3.9326,48.0394,157.526,g
17.8613,10.8618,2.3032,0.5274,0.291,-0.0006,-0.3013,-4.7386,45.5168,148.317,g
25.6579,9.6231,2.4764,0.5275,0.3422,-8.4837,-18.5263,8.3947,29.802,86.7284,g
32.5139,15.4471,2.705,0.3254,0.1746,-22.2052,-21.633,14.5943,7.5607,184.87,g
56.4481,22.4001,3.2609,0.1815,0.0877,18.1382,-37.6199,17.4892,48.8909,184.1571,h
80.2375,9.5778,2.7759,0.3178,0.1797,7.9203,43.2221,1.9162,27.1433,301.8484,h
29.6153,8.6906,2.4893,0.5186,0.2901,35.147,19.6692,7.2979,17.7295,192.495,h
32.0237,12.6492,2.4298,0.4796,0.3364,-25.3114,-23.6305,-5.1363,20.2901,206.641,g
101.424,41.0631,4.1837,0.0793,0.0421,78.3723,90.4413,-27.5737,6.1992,265.012,g
35.5539,14.6053,2.639,0.2893,0.1596,29.9144,-14.7182,5.4633,13.318,236.509,g
74.2408,30.402,3.8022,0.1599,0.0837,57.1511,77.2229,-23.7214,6.4966,240.349,g
53.0403,13.8821,2.8159,0.4125,0.2987,41.2841,47.6989,11.2755,10.1148,237.736,g
52.5943,27.5078,2.8322,0.3061,0.1538,-43.8786,-44.2619,12.669,52.085,103.298,h
30.251,13.6492,2.6946,0.3495,0.1768,-1.3097,17.8866,-9.1995,2.103,154.642,g
75.5502,29.2845,3.5567,0.2734,0.1625,8.599,53.1994,13.8984,3.6374,339.732,g
84.7165,45.4775,3.5171,0.1635,0.1036,-106.6612,-32.6838,47.7808,66.173,301.9222,h
85.4782,36.4647,3.9318,0.1031,0.0531,84.0815,81.3091,-13.4819,1.9366,214.966,g
20.2097,16.0145,2.5391,0.4335,0.2558,19.521,14.0185,-8.0444,66.05,95.4134,g
34.8998,16.0011,2.827,0.3619,0.1839,7.1256,16.2734,6.9719,11.545,214.487,g
24.2438,15.906,2.6006,0.389,0.2661,-15.787,36.2131,-9.9236,45.4182,250.9381,h
71.4229,38.2364,3.105,0.3243,0.2171,27.5632,-34.8287,-17.9037,7.078,356.713,g
60.5135,21.8754,3.021,0.1963,0.1034,-110.511,36.3348,9.2767,6.909,252.777,g
25.3624,20.271,2.6005,0.447,0.2403,-14.7557,-29.5837,12.0145,37.2179,149.4033,h
66.4048,29.6975,3.3304,0.1467,0.0759,13.9496,21.6895,24.2529,1.464,252.138,g
20.2764,12.9387,2.4175,0.4665,0.2352,-16.52,-4.3311,6.4784,78.2299,175.389,g
246.5385,57.6978,3.9195,0.1619,0.0887,-179.8195,-246.5407,-38.16,41.5958,337.0055,h
22.2342,12.5906,2.2601,0.6044,0.3269,-16.6249,-10.6821,9.74,16.7407,182.889,g
32.3656,9.7166,2.5211,0.5181,0.2726,-0.3136,25.3308,5.2685,43.291,143.377,g
23.8302,9.5854,2.2504,0.6067,0.3848,27.584,-8.0138,7.7657,20.9266,104.336,g
35.5573,7.9008,2.6849,0.4287,0.2366,-16.8049,17.2613,-1.191,74.8965,89.7345,h
20.2832,11.8635,2.5927,0.6181,0.3538,2.4571,18.7698,7.2128,8.7688,226.524,h
13.0501,10.6842,2.1833,0.7672,0.482,13.3831,-2.7243,9.4369,86.767,168.883,g
25.3765,9.1271,2.3988,0.5469,0.3493,12.5064,-10.1528,4.4152,9.172,208.378,g
18.0424,6.8555,2.3395,0.865,0.4554,8.4732,-10.8729,-5.2541,5.4707,196.336,g
27.0734,21.4627,2.639,0.3628,0.1871,-4.6365,12.9546,7.6621,1.2713,101.258,g
40.381,23.8161,2.8069,0.2632,0.1517,-15.4082,36.562,15.0864,6.8587,87.1968,h
20.7417,15.2144,2.4669,0.4573,0.2406,2.6314,-10.302,-8.5521,16.395,151.372,g
20.5897,9.9634,2.3365,0.5991,0.3756,-3.546,15.1735,8.6621,0.9856,183.648,g
13.4287,12.5724,2.5091,0.4125,0.2284,11.389,13.6556,1.7479,51.2221,174.8656,h
213.7181,64.5242,3.2799,0.1722,0.0811,-221.0159,-202.2092,-40.3874,49.9322,336.422,h
117.8682,50.3293,4.0356,0.0846,0.057,-39.6629,-153.0976,15.6543,8.936,40.4605,h
46.9362,14.4609,2.8621,0.2734,0.1367,28.4484,34.4628,-8.3419,7.463,240.047,g
26.9932,11.0517,2.4175,0.5698,0.3728,26.4522,23.9408,10.2865,7.251,205.718,g
87.6702,26.2324,3.1492,0.166,0.0947,-165.595,72.0442,17.3701,4.229,234.285,g
131.1632,33.058,3.5216,0.0494,0.0445,81.0172,124.4038,-12.9859,7.5425,54.8115,h
21.5918,11.1856,2.1847,0.5686,0.2909,21.4828,19.5266,-9.7772,36.0879,206.341,g
49.4001,36.207,3.0848,0.1974,0.1024,-64.5316,-34.7814,-31.949,49.2599,297.626,h
19.4791,10.6494,2.2967,0.6818,0.346,7.3712,-16.8688,-6.7274,0.4907,165.928,g
23.8449,12.7567,2.4183,0.4771,0.2729,17.534,16.7979,-6.8923,45.306,150.858,g
113.52,94.3738,3.985,0.1145,0.0599,58.1009,111.325,40.0677,80.2538,331.474,h
37.2577,12.0793,2.4354,0.356,0.2037,5.1882,-17.8545,6.037,30.015,61.1727,h
213.1212,68.7536,3.9985,0.0245,0.0142,-247.5963,90.3857,54.356,47.3361,159.4975,h
8.8805,4.351,2.317,0.7961,0.5258,-11.8383,-13.8696,-10.0267,79.5006,189.9593,h
100.445,29.8257,3.3817,0.1744,0.0961,-36.4986,89.8594,19.8401,5.256,302.838,g
90.4367,82.5906,3.189,0.3479,0.213,4.6697,-116.6638,41.5347,46.163,363.0987,h
65.8683,25.7031,2.9088,0.4602,0.2684,-56.916,33.0477,19.3811,15.196,283.915,h
85.7031,28.2402,3.7542,0.1578,0.088,-65.175,80.4978,-6.7848,0.358,265.24,g
25.0466,14.9198,2.4548,0.4632,0.2474,8.0163,11.0654,13.9739,62.8382,219.754,h
46.9136,8.9994,2.7499,0.4064,0.2243,2.1078,34.5445,-1.5689,66.9732,111.0806,h
231.518,172.926,3.5345,0.1236,0.0621,-235.693,115.973,179.851,60.3405,197.133,h
18.5571,10.1384,2.415,0.6192,0.325,-2.1428,8.6021,-6.1654,13.1194,132.062,g
21.7388,6.8516,2.1446,0.7025,0.3763,-24.7358,-9.5968,6.5652,26.948,146.188,g
53.1491,23.4733,3.1508,0.2481,0.1502,46.851,45.1187,-10.9404,13.5688,163.248,g
227.085,82.2788,3.5786,0.1272,0.0664,-217.326,-101.412,-74.4291,47.572,156.772,h
66.2579,18.7394,2.7197,0.2498,0.1268,61.1647,59.6429,-11.0501,17.172,140.18,g
43.3859,14.1675,2.8689,0.3083,0.1548,-11.0986,-18.2535,-9.2057,14.648,197.026,g
44.0436,15.6266,2.9322,0.4009,0.2274,45.5108,27.244,-19.366,50.1467,243.994,h
45.4416,13.7878,2.5247,0.3004,0.1833,48.3856,26.3504,-8.453,43.9545,171.5389,h
31.6769,19.2556,2.5617,0.3841,0.1962,28.5514,28.6597,14.8882,64.622,226.045,g
57.0253,19.8149,2.7222,0.345,0.1924,-56.6913,-20.715,6.5186,1.367,283.06,g
94.861,22.6239,3.3062,0.1635,0.0877,-130.757,77.5513,-12.2361,2.0276,311.614,g
91.2612,29.9126,3.66,0.2035,0.1043,11.2769,43.9246,10.7067,0.8864,340.59,g
21.1271,10.8614,2.2625,0.623,0.3689,16.0867,18.5321,7.8426,16.8596,70.3124,g
138.491,28.3107,3.0695,0.2505,0.1291,104.099,92.0481,-23.9536,3.367,204.735,g
50.9418,21.5709,3.2002,0.2315,0.1328,-16.3625,-44.7336,2.456,2.8444,229.148,g
56.6873,41.0291,2.942,0.248,0.1319,-41.4359,-43.8618,-38.2489,42.899,170.1159,h
16.5794,10.1502,2.3312,0.4755,0.2639,24.6394,11.9279,9.1115,42.4078,263.5234,h
55.2393,3.4692,2.8082,0.4538,0.2421,21.4055,25.1603,-10.4775,48.7783,154.0832,h
74.8828,16.524,3.0243,0.2345,0.13,69.3492,-33.1692,9.4851,3.27,187.85,g
36.3065,12.1659,2.5971,0.4703,0.2566,34.7771,33.949,5.9467,5.471,87.105,g
138.144,62.2837,3.3476,0.203,0.1201,-304.226,159.495,-80.4377,60.3232,185.874,h
57.6556,33.2475,3.2526,0.2976,0.1868,17.8991,38.2299,14.8958,71.9083,173.7475,h
91.8525,36.9829,4.0567,0.1024,0.056,27.7173,86.3899,19.2193,2.1094,224.331,g
51.9288,39.6292,3.9398,0.138,0.0761,27.7288,38.4254,2.9934,15.0666,90.4525,g
28.6404,19.121,2.781,0.3543,0.2078,25.9066,18.6593,4.2748,2.5401,145.927,h
54.3153,24.5044,3.2655,0.1574,0.08,-3.7285,39.6162,14.8565,10.5649,208.059,g
25.9323,17.9622,2.7462,0.3964,0.2377,11.4111,-14.6894,-13.9478,50.082,260.99,g
36.6168,9.0362,2.7462,0.4951,0.2915,28.17,29.6638,-5.9013,14.718,81.0417,h
83.3231,15.6786,2.8951,0.2266,0.1165,-64.881,61.1489,-13.2277,7.779,266.698,g
39.5766,15.6353,2.5065,0.5327,0.2913,18.5136,36.2208,9.6697,8.6074,127.693,g
22.5828,12.9817,2.5328,0.4516,0.2449,21.0244,12.0471,-5.0394,49.739,151.714,h
85.054,30.1405,3.991,0.1182,0.0615,-83.0643,77.7161,-16.878,2.82,258.322,g
81.3031,25.3707,3.418,0.1406,0.0739,-7.8621,68.7019,20.7308,1.121,208.418,g
27.6421,13.9434,2.4843,0.3574,0.1787,45.8372,-20.5492,5.0304,11.5031,205.412,g
42.6295,18.4729,2.9474,0.3781,0.2049,38.281,41.3602,-15.6309,21.504,117.701,g
70.365,16.1874,2.8435,0.2638,0.1728,50.6703,72.9945,8.6219,0.6983,170.59,g
53.9626,10.1645,2.9143,0.3228,0.1675,-13.777,14.6327,4.9056,31.443,167.529,h
19.7982,15.4644,2.4541,0.4745,0.2583,-5.9147,17.5553,-9.3996,21.142,211.217,h
76.2697,27.5969,3.7549,0.1535,0.0891,47.708,65.1852,-18.3947,4.054,215.109,g
12.8668,11.4326,2.2343,0.7347,0.3936,15.1217,-6.738,11.2675,85.1354,215.319,h
10.5046,9.0132,2.2204,0.6088,0.3293,6.8141,10.3285,-5.9923,69.4158,150.3847,h
121.392,25.4437,3.5335,0.1581,0.0795,-162.596,90.5677,23.8947,2.3568,294.526,g
26.0678,14.4996,2.721,0.4981,0.3203,21.8108,22.3165,6.2733,12.9637,246.447,g
49.4749,20.232,2.8692,0.2932,0.1507,36.1621,47.5655,16.6265,14.3967,143.684,h
33.1479,17.6144,2.679,0.2785,0.1476,-57.7771,22.0442,15.0057,5.5823,159.189,g
17.1244,11.0466,2.238,0.6069,0.3324,3.0499,-8.1208,6.41,11.2213,187.262,g
22.9882,12.3155,2.6037,0.5978,0.4172,16.2683,19.6494,10.2916,40.238,208.699,h
16.7571,11.1616,2.3243,0.6019,0.3768,1.0378,-4.8525,7.3821,71.177,170.814,g
95.0076,24.8016,3.6641,0.1448,0.0788,-51.1695,81.4116,13.7195,0.051,278.401,g
47.5572,15.3059,2.9472,0.2699,0.1621,11.9493,36.4325,-9.1034,10.781,168.825,g
29.3345,12.0211,2.4683,0.4184,0.2296,15.9527,7.2054,-8.0449,0.936,197.788,g
74.1171,36.349,3.2307,0.1952,0.1102,-100.079,56.7992,20.0833,11.6548,238.366,g
81.0143,23.5233,3.2455,0.1886,0.1088,-67.8454,56.6289,18.1783,0.3176,293.048,g
20.9745,10.2545,2.4518,0.6784,0.4717,15.5785,19.6311,-10.5785,50.79,174.42,h
19.4502,9.1554,2.3324,0.6651,0.4302,19.7267,14.5702,-4.3676,36.3441,182.013,h
21.5359,12.5372,2.3865,0.4641,0.2361,13.4757,13.6071,-9.9932,15.312,166.529,g
289.856,160.324,3.568,0.0854,0.0456,402.925,-121.901,132.589,16.4804,33.2553,h
29.805,12.3865,2.4579,0.4146,0.2317,-3.3275,22.1946,6.8552,41.3475,194.711,g
47.4667,17.912,2.7181,0.3502,0.2172,57.3802,33.9482,-11.3089,11.762,223.254,g
21.2307,17.2634,2.7789,0.5324,0.3003,17.5359,22.5489,-10.0711,36.584,215.938,h
24.2753,15.6068,2.5276,0.4392,0.2685,7.9587,19.1974,14.8347,15.4169,125.031,g
53.5519,15.0304,2.6454,0.2919,0.1505,-59.4158,-27.6305,10.7953,3.1493,107.767,g
19.3209,10.0193,2.3711,0.5532,0.283,25.6493,5.2824,3.0817,62.041,221.146,g
16.0903,10.46,2.4494,0.6921,0.4076,11.1376,9.5297,-5.7355,15.3926,202.0865,h
93.5917,19.2043,2.7821,0.3154,0.1627,78.4398,60.3149,-12.7054,7.444,305.959,g
62.3838,29.4254,3.2854,0.2343,0.134,31.2617,93.7113,-13.9448,0.094,79.2501,g
131.466,65.7777,3.1391,0.1764,0.0897,-75.3996,-139.535,-57.979,25.926,129.876,h
77.7764,11.3507,3.1919,0.2289,0.1212,-34.6685,-23.5648,-7.512,45.8326,79.4901,h
21.8539,6.9876,2.77,0.6454,0.4058,41.9834,-15.6775,1.1456,45.9537,77.4601,h
25.7577,18.0876,2.6893,0.4131,0.2219,9.4966,11.0487,-9.8209,8.682,216.462,g
25.9297,14.8099,2.5786,0.4406,0.2309,25.2963,-20.1359,-12.4451,12.5848,164.364,g
41.5423,17.4376,2.5909,0.3146,0.1535,8.8842,22.0939,11.9942,64.8607,207.2207,h
28.5206,16.3063,2.5119,0.5508,0.2754,22.6963,15.1825,-16.055,5.435,204.554,g
222.9085,110.8744,3.9151,0.0373,0.029,575.2407,-264.2232,-97.7706,37.703,192.7844,h
156.9363,25.1713,2.8043,0.5287,0.2689,-153.4963,-91.4318,-12.238,30.2859,363.3546,h
28.6609,19.1223,2.8609,0.3402,0.1894,-10.3243,-23.1846,11.4633,20.7574,199.059,g
55.6462,19.9946,2.9423,0.2616,0.1468,-68.1742,44.1481,-17.81,15.151,274.292,g
72.7983,23.2986,3.3429,0.1589,0.0815,46.2421,59.0347,12.2292,7.4414,206.648,g
147.8836,64.1603,3.549,0.1413,0.0647,-221.6574,-87.6575,-60.1694,18.1132,324.3452,h
35.6382,17.5993,2.7987,0.2639,0.1391,-26.7832,21.7653,9.2033,14.224,178.909,g
34.0557,15.214,2.6518,0.3122,0.1594,-26.4406,-16.1588,-11.1017,31.791,86.0526,g
73.5568,28.7359,3.4992,0.1353,0.0689,40.5719,70.5185,-15.7186,3.062,171.525,g
22.8849,15.0983,2.5677,0.7124,0.4154,-4.7445,12.8972,6.8721,6.3728,184.3651,h
85.1724,32.5982,3.5616,0.2445,0.1324,9.0292,43.3465,22.3726,1.778,350.237,g
43.351,17.7081,2.9287,0.3477,0.221,37.3736,31.5782,-12.4757,20.664,140.19,g
29.826,14.7692,2.6985,0.4144,0.2232,-8.459,16.0988,-11.3684,5.159,178.934,g
66.5892,33.1708,3.1194,0.2309,0.15,32.4913,45.4621,17.3933,22.501,135.914,h
29.4682,24.3438,2.9368,0.2718,0.144,26.8358,-14.4813,19.037,19.977,118.517,g
102.502,30.0694,3.5923,0.1271,0.0643,26.2754,85.5577,19.7771,1.977,296.187,g
32.5113,20.2822,2.9727,0.262,0.1368,41.3193,11.4314,-9.3542,5.489,250.274,g
33.1019,12.8653,2.4091,0.538,0.2943,-16.8991,-11.8281,8.8158,8.0901,199.781,g
43.7671,29.7969,3.4,0.1855,0.1037,21.5615,33.4166,-23.0803,27.622,131.255,g
41.8138,22.462,2.7828,0.211,0.1113,-30.8827,34.4853,-4.5173,58.8998,106.332,g
27.3072,21.1663,2.7451,0.3417,0.188,17.3432,25.0137,-10.5546,61.037,201.23,g
20.5862,7.154,2.0917,0.7368,0.3765,-23.2456,-11.4081,5.8065,5.13,186.44,g
123.623,32.9219,3.3583,0.195,0.1163,-40.5766,83.8441,19.0983,4.358,297.014,g
84.8658,36.6013,2.8238,0.2971,0.1853,-35.3613,-74.705,25.1221,1.804,345.464,g
95.89,27.8548,3.2298,0.1844,0.1057,24.892,74.3167,1.8096,13.735,288.693,g
159.065,95.6256,4.136,0.0763,0.0387,-8.717,113.146,70.2285,85.27,374.061,h
12.7,11.6952,2.2393,0.7147,0.3775,-15.5235,7.8166,-10.933,51.82,196.578,g
102.349,18.6221,2.7906,0.3239,0.1887,110.459,-58.2128,9.6098,7.9901,245.003,h
21.8522,12.5133,2.5231,0.4378,0.2264,30.4578,-8.9109,-10.1482,7.979,198.305,g
58.556,25.66,3.231,0.1816,0.1102,18.6048,20.3758,9.2744,0.052,228.505,g
43.2868,12.6522,2.7271,0.2868,0.1453,-55.5632,15.1082,-6.1238,26.6256,168.077,h
62.1595,28.6383,3.4442,0.1327,0.0739,26.1706,50.5118,12.5823,6.3446,184.737,g
65.947,45.6462,3.4255,0.2263,0.158,4.6385,61.3182,-35.2857,53.1749,337.9442,h
233.685,39.0338,2.9442,0.357,0.2086,-141.761,-192.201,-16.7395,40.1961,172.779,h
140.2011,108.7905,3.476,0.1536,0.0702,29.9756,152.2416,60.1599,87.619,194.425,h
40.2136,19.8464,3.145,0.2728,0.1622,9.4515,31.2123,-10.3147,1.5993,146.986,g
22.2827,12.286,2.3811,0.5322,0.3139,27.0087,9.5843,7.4325,34.432,162.542,g
54.0779,19.6182,2.9125,0.3095,0.1939,-46.9322,36.1548,-15.8737,7.4712,280.891,g
165.2576,23.4409,2.7692,0.6639,0.3678,-57.075,-164.4205,17.7674,16.8837,302.3371,h
22.0358,18.3018,2.6848,0.3678,0.2566,-0.4579,16.1617,10.3458,15.8867,244.3275,h
101.501,82.7937,3.38,0.2109,0.1136,-85.88,63.6137,-52.301,33.688,308.418,h
20.4751,12.3055,2.3883,0.5603,0.3701,16.4521,15.9503,8.5912,10.796,194.27,g
13.0559,10.513,2.2443,0.7749,0.4986,12.9706,4.7756,-9.2585,11.534,209.103,h
18.2437,11.8129,2.3664,0.5677,0.4108,-0.2505,-3.9872,-11.4435,68.354,189.542,g
98.9353,22.7219,3.3004,0.1898,0.1134,-61.1028,74.1378,12.3454,0.647,337.257,g
27.1226,18.3417,2.723,0.4144,0.2412,-8.365,-5.4101,15.0415,39.0678,50.5404,g
101.63,48.2557,3.6763,0.1256,0.0669,-97.8371,-73.4577,21.7698,32.0807,99.863,h
150.5909,86.5713,3.7915,0.1467,0.0786,-99.692,-114.0487,68.6977,84.0206,397.1679,h
21.3864,16.5732,2.3528,0.7327,0.3852,6.4741,27.367,10.4684,36.1593,64.9341,h
113.563,22.193,2.5283,0.3881,0.2119,-128.202,86.7902,13.6508,11.697,268.957,g
24.5474,0.0,2.1055,0.698,0.3725,0.0,0.0,12.4542,81.1632,169.125,g
34.2701,23.8482,2.5176,0.3768,0.23,-3.1096,24.4097,20.4664,28.8934,148.4983,h
13.2032,10.7005,2.2956,0.7797,0.443,-14.1279,-3.1228,11.4334,21.6348,193.384,g
29.8806,16.4314,2.7254,0.4209,0.2355,-20.5918,-0.9242,10.5041,72.641,155.9726,h
112.279,21.1702,3.3409,0.1574,0.0823,-142.074,92.6338,10.3738,3.2837,257.543,g
20.7352,8.8031,2.4116,0.7248,0.4244,19.3317,18.8959,-11.2826,30.336,174.644,g
21.7631,10.6005,2.4755,0.6284,0.4602,6.8925,26.5481,-10.1598,39.4569,164.0367,h
37.4998,5.4708,2.5243,0.35,0.1812,-21.0752,-21.0326,-6.4874,56.4826,227.0072,h
34.6213,21.7278,2.9901,0.2701,0.1376,18.464,4.4838,13.0476,10.0478,158.136,g
101.25,24.022,2.9696,0.2359,0.1206,-43.493,114.461,-6.8962,10.965,278.483,g
38.3797,19.6647,2.772,0.2705,0.1462,29.1015,27.1517,-16.278,8.548,196.298,g
191.8036,49.7183,3.0006,0.2093,0.1225,146.2148,143.6098,31.6216,44.3492,245.4199,h
29.1979,5.5862,2.2863,0.8092,0.5875,14.6833,13.4088,-8.3881,83.602,237.952,h
18.1081,10.4117,2.2856,0.6062,0.3446,-1.0824,6.4007,-6.5963,35.7431,125.86,g
16.1728,8.3216,2.2174,0.8383,0.5297,0.187,5.7161,-14.0271,81.6645,138.802,h
21.5387,11.4535,2.2455,0.5909,0.3778,13.5851,20.0915,6.2059,36.5241,105.586,g
77.1953,15.9935,2.7551,0.3181,0.1872,74.4323,38.3919,4.2039,2.3779,241.67,g
47.7028,20.7325,2.9385,0.3053,0.1768,43.6353,44.2164,-8.7478,7.4038,224.584,g
39.3737,12.0817,2.7763,0.3213,0.1615,18.1724,13.6391,6.5266,3.7449,201.01,g
26.2815,21.6234,2.9165,0.32,0.1885,-14.4166,15.8649,9.7834,8.796,92.4558,g
62.716,24.2106,3.2374,0.1887,0.1132,21.9411,50.1951,-16.3679,11.196,102.006,g
75.4299,24.781,3.0013,0.1934,0.1122,-62.1678,43.4174,22.0215,10.217,269.255,g
34.2036,20.5097,2.8373,0.3055,0.1535,24.8678,16.3435,19.6332,4.072,263.121,g
108.261,35.2459,3.9109,0.0908,0.0479,50.724,90.2158,18.3796,1.873,230.846,g
41.7614,22.8933,3.1783,0.2143,0.1151,-13.8871,12.2891,13.281,7.4948,174.518,g
12.796,11.537,2.1569,0.7247,0.3937,-15.3095,7.8431,10.7133,76.5332,122.756,g
27.2843,11.8845,2.4824,0.6676,0.4007,18.4265,3.6565,-9.0804,23.9358,42.555,h
36.369,12.5435,2.7582,0.2949,0.1527,9.6028,20.7647,-9.3526,13.7183,192.223,g
123.5097,71.642,4.3904,0.0582,0.0325,-142.8396,78.0804,-48.9085,35.1456,286.9649,h
31.1542,18.4944,2.8845,0.3014,0.152,5.1649,29.3314,11.7729,40.24,165.646,g
32.9946,10.4316,2.9278,0.4104,0.2468,62.3084,32.4461,-6.4655,71.159,148.5766,h
38.0775,17.4715,2.7466,0.3011,0.1532,23.4438,30.6531,-11.8013,20.797,179.288,g
40.1099,23.8657,3.2044,0.2142,0.1096,7.6748,26.4934,-13.9909,4.0619,109.997,g
43.4234,15.0007,2.905,0.3248,0.2383,24.1464,29.5295,-9.5313,5.0326,191.503,g
60.8973,23.6533,2.9974,0.2626,0.1514,-56.1207,20.1166,12.7792,0.411,273.238,g
26.9596,13.9185,2.4609,0.4256,0.2439,-35.7192,-15.2021,-13.633,21.5562,194.285,g
37.2874,22.5485,2.9782,0.2408,0.1246,37.1565,26.159,10.7004,4.73,204.761,g
16.5285,10.999,2.3692,0.6581,0.3996,-3.3234,6.3665,-8.1195,11.404,131.501,g
23.153,21.0028,2.8065,0.3622,0.2006,28.0575,19.6679,16.5609,27.621,78.7331,g
29.0311,11.6158,2.3414,0.5194,0.3257,33.9504,14.3539,6.8154,15.802,227.164,g
37.7449,11.2478,2.8229,0.3933,0.1962,-18.2675,26.2928,-0.6003,39.5153,240.7381,h
130.3612,90.0461,4.1052,0.0712,0.0309,35.6943,-131.0066,47.475,10.0559,151.5751,h
26.6398,20.9653,2.9114,0.325,0.1735,19.4828,8.4823,-7.5902,71.4016,55.3018,h
18.3451,10.9239,2.3766,0.7143,0.3676,14.6583,16.9312,-7.9411,10.1604,119.999,g
44.91,11.8501,2.4346,0.4191,0.2224,45.4244,38.5149,7.7625,9.7647,224.676,g
38.2467,23.9796,3.253,0.2374,0.1237,20.9861,24.0854,11.2854,4.173,188.299,g
38.1089,15.08,2.3927,0.3887,0.2126,-21.4336,-29.3931,13.3864,13.741,154.264,g
80.4112,24.739,3.1181,0.1844,0.0987,-124.431,63.3825,20.6243,5.4106,276.139,g
230.579,58.3893,3.2865,0.2689,0.1528,-258.404,76.7832,-33.7074,13.8834,131.135,h
31.9252,22.3512,2.7114,0.3032,0.1603,34.0372,-13.7053,11.3978,46.586,168.808,g
36.5643,16.2328,2.9682,0.3206,0.1856,3.9841,19.8322,-8.438,6.074,185.927,g
22.0729,12.8478,2.2999,0.4962,0.2632,3.2731,-13.7213,5.4581,38.1238,228.808,g
76.58,26.8037,3.1535,0.2788,0.1717,-28.9863,59.0568,25.9422,5.9878,300.375,g
23.0065,18.8357,2.5527,0.3557,0.1891,4.4306,17.961,10.6529,25.381,123.864,g
76.994,34.6919,2.9914,0.1887,0.0943,74.6132,47.499,31.0558,16.9967,260.046,g
19.3808,9.2424,2.3927,0.6397,0.4352,19.4625,14.7655,3.0857,70.7044,222.215,h
62.4307,19.6817,2.8667,0.2439,0.1457,-59.9296,-26.3858,6.4976,1.456,212.4273,h
22.0016,10.1677,2.2945,0.5787,0.297,23.5414,17.9852,10.7335,29.348,155.428,g
45.3992,15.9638,2.9513,0.2282,0.1169,-17.5017,-23.5876,9.2705,2.1063,216.303,g
41.1907,22.4849,3.1144,0.2436,0.1279,-7.4714,28.3789,9.7364,27.354,95.8773,g
42.1944,19.7686,2.9617,0.3069,0.1851,4.2098,37.7854,17.5866,5.313,186.229,g
26.3595,16.6583,2.754,0.4229,0.2441,8.1366,13.5478,-10.4312,8.299,165.147,g
27.1373,13.7348,2.4281,0.4851,0.2743,6.3929,20.5919,9.8976,17.2732,157.231,g
37.0217,14.5127,2.6053,0.3548,0.1873,55.4516,-22.6499,-6.5415,1.1296,192.952,g
26.277,13.0813,2.4938,0.4866,0.3034,16.6552,3.684,-7.492,72.3736,231.8265,h
106.5722,59.3337,3.1147,0.2136,0.105,93.8837,90.4481,-33.2761,6.8548,278.4193,h
83.1677,17.8399,2.6933,0.458,0.2948,-91.6834,-47.4253,-19.4429,6.489,309.142,g
29.4467,16.6092,2.5527,0.3838,0.2535,-2.3099,-15.2097,-7.3677,13.427,203.418,g
24.5359,11.5548,2.5729,0.4973,0.3142,4.9222,20.2753,10.404,66.8673,219.649,h
41.6749,16.613,2.708,0.4074,0.2302,37.8156,41.236,10.5519,0.5379,145.576,g
113.821,26.1821,2.8603,0.269,0.1441,87.8327,104.544,12.2915,60.572,141.995,h
88.3094,27.4454,2.7608,0.3886,0.2038,-48.1421,-87.6045,-19.1741,1.3258,278.594,g
82.6703,65.7927,3.7722,0.1585,0.0579,30.3151,-64.7826,-57.0727,36.1179,269.6054,h
133.524,65.5287,4.1993,0.075,0.038,-159.335,72.1716,-17.6206,47.302,314.584,h
28.6874,15.1153,2.618,0.4554,0.2494,15.3396,17.6482,9.2523,4.195,66.3042,g
50.7449,8.8637,2.9906,0.3434,0.1742,9.0899,30.3424,5.6241,17.4344,191.832,h
108.3936,20.7227,3.271,0.2379,0.1438,2.6618,65.983,-22.2546,50.8906,109.1835,h
22.1635,15.3738,2.5514,0.4382,0.2261,29.7541,-9.5821,-4.5724,26.5822,110.607,g
26.0025,11.727,2.6138,0.455,0.2348,-19.1202,-11.8245,9.0343,24.6893,195.077,g
28.9173,10.0391,2.5723,0.4846,0.253,-26.0808,23.4742,-8.7992,18.613,208.919,h
47.4957,13.4645,2.8429,0.3374,0.2017,45.5559,-19.2121,11.0517,13.044,239.511,h
25.0903,10.5856,2.6037,0.6276,0.3649,15.0486,16.9877,-10.8027,12.292,194.892,h
34.3113,13.4401,2.5871,0.4347,0.2212,5.0547,-21.7933,6.1834,23.351,183.392,g
79.5024,26.5601,3.652,0.1413,0.0741,49.9097,75.6821,17.3572,3.5757,200.289,g
93.9743,33.4934,3.0918,0.2169,0.1121,47.1848,87.402,35.1025,2.2699,316.733,g
35.7428,11.3646,2.5496,0.4062,0.2271,-50.1549,-12.0617,-2.3443,20.028,215.085,g
36.5237,15.3246,2.4786,0.4252,0.2176,-57.2893,29.2074,-5.1062,12.715,109.517,g
93.955,42.4963,3.2955,0.1332,0.0767,-56.7601,53.6545,-26.7852,18.873,285.59,g
63.6676,17.6143,2.5877,0.3256,0.1718,45.3996,63.7663,10.6671,20.872,122.622,g
19.786,9.496,2.3032,0.597,0.3358,23.8014,10.2753,4.4231,5.495,154.585,g
21.8349,12.6315,2.2355,0.6163,0.3692,12.4304,14.1908,9.8831,65.6716,180.926,g
59.8426,12.2739,2.9484,0.2736,0.1481,-53.5094,31.717,-8.2839,55.9801,199.671,h
118.0119,34.4505,3.4329,0.1599,0.0595,-86.88,92.0826,-16.7904,16.214,265.7457,h
79.539,22.7182,3.4649,0.1793,0.0931,21.7908,75.6075,-11.0191,1.6851,267.36,g
24.6512,0.0,2.2776,0.6755,0.3456,-29.5247,-7.5987,0.0001,0.0003,180.475,g
31.7502,20.3468,2.6299,0.3001,0.1583,20.4544,24.3449,-13.1891,7.038,129.592,g
36.7372,16.5615,2.5871,0.4398,0.2937,27.5738,37.0206,-2.9455,27.593,190.35,g
49.1396,20.7579,3.3206,0.1898,0.103,51.4208,32.1316,-11.1886,5.069,206.895,g
26.6132,10.1685,2.4025,0.5455,0.3338,6.1383,15.849,5.3918,68.3142,21.4704,h
33.8131,24.2268,2.9452,0.2575,0.1288,41.1283,-23.3381,-4.9897,6.6811,172.458,g
62.8232,21.3416,3.1161,0.2641,0.1412,68.038,51.3203,-16.5534,5.672,249.962,g
79.8282,27.2537,3.6566,0.1621,0.0885,77.7044,80.3109,-8.7531,2.3845,264.952,g
78.1114,25.8038,3.2918,0.2763,0.156,-19.7842,49.6372,16.7028,8.8309,316.558,g
94.9287,38.566,3.685,0.1181,0.0707,-77.0214,63.3777,22.6826,0.926,284.312,g
25.3189,15.0721,2.7807,0.4225,0.2527,26.315,21.7912,-8.351,14.263,164.355,g
27.5751,15.389,2.7664,0.4007,0.2115,11.8175,20.4932,-11.0175,0.8311,191.692,g
37.8358,18.0066,2.9415,0.3227,0.1825,23.7478,23.4435,-11.4391,3.108,154.002,g
29.4466,20.3273,2.7404,0.28,0.1464,12.6439,-23.6698,15.1331,4.945,223.448,g
30.9451,16.7568,2.7266,0.4747,0.2523,-45.8489,20.8345,13.6632,24.0,184.2445,h
27.0812,18.6738,2.6345,0.3643,0.21,31.5218,-8.8324,12.6496,32.22,152.158,g
36.8391,13.6851,2.6571,0.3634,0.2015,19.7791,26.0942,2.2219,32.9639,140.335,g
80.2483,24.8864,3.5431,0.1893,0.1015,69.8721,65.6409,-10.5092,0.646,252.371,g
46.7975,17.5907,3.3597,0.2446,0.1247,-11.6847,34.8436,-8.8063,0.372,185.042,g
46.7381,15.3034,2.9886,0.2382,0.1227,43.8146,30.0259,-10.9435,3.111,211.05,g
27.9835,25.1852,2.8182,0.2964,0.1588,-7.6944,-18.7768,12.6197,31.247,188.174,g
21.128,20.7243,2.6693,0.3662,0.1874,24.1939,10.5553,8.7173,1.3953,206.647,g
72.1379,11.6246,2.6972,0.3193,0.1777,53.933,57.9968,-5.8937,0.5105,220.687,g
20.8496,14.4779,2.5132,0.5184,0.2991,-13.0037,-7.7165,-11.1412,84.6393,246.786,h
11.9675,7.3042,2.5834,0.5463,0.3224,17.8808,20.2091,-8.8594,20.9052,147.3084,h
68.6178,29.0161,2.9793,0.1961,0.1033,49.6568,-43.2088,20.4008,19.9613,135.65,g
65.7189,32.3821,3.134,0.1689,0.0856,-0.5381,-25.4792,-23.8037,1.412,254.782,g
35.8764,25.813,3.1188,0.2929,0.1525,26.6665,27.3017,23.5292,14.985,177.835,g
21.143,6.8428,2.0737,0.7426,0.4346,21.5922,14.1347,-6.2006,61.5734,171.131,g
22.3944,18.8885,2.7024,0.3671,0.1835,33.6271,12.2481,-9.0885,45.6085,72.9584,g
76.1989,27.7929,3.5964,0.1375,0.0728,39.0436,69.355,15.6241,0.6204,167.356,g
105.092,45.5063,4.1631,0.0823,0.0423,19.1594,80.9648,23.377,1.333,293.505,g
134.978,50.8072,3.1801,0.3402,0.1734,-176.559,127.717,27.7804,58.643,313.694,h
56.0434,23.3478,2.9098,0.2265,0.1237,12.9185,52.4391,-16.0983,1.7181,193.002,g
61.7465,22.0771,2.9571,0.2627,0.1396,60.3155,62.1973,-11.0676,7.795,318.007,g
35.0512,13.3047,2.5146,0.3804,0.2245,22.2522,-12.2301,-7.7924,23.8234,229.9806,h
31.7333,28.3887,3.216,0.2347,0.1304,3.9603,28.327,-17.6719,35.2665,85.5493,g
18.8172,12.7488,2.437,0.5265,0.2834,3.2467,-10.6101,9.0357,54.4112,232.895,h
32.6604,7.1437,2.4479,0.5847,0.4153,-15.2184,-27.1046,6.3228,86.9062,124.226,h
69.1127,21.8712,2.8921,0.291,0.1673,-65.1283,36.0568,-10.3749,1.875,315.002,g
40.1211,15.5597,2.85,0.3136,0.166,40.0768,30.0931,9.7267,9.8871,197.388,g
20.3157,8.0369,2.1869,0.5363,0.2898,-36.7733,3.5835,2.7775,69.2492,136.6671,h
85.2934,38.3607,3.805,0.1791,0.0972,-5.1982,72.7592,23.6211,3.104,354.787,g
24.5799,10.5318,2.5463,0.4435,0.2443,21.1311,4.2211,-0.6966,23.7446,187.9544,h
24.8732,10.6854,2.3971,0.517,0.3307,13.7192,20.6316,-7.3335,1.727,201.07,g
54.1474,11.588,2.5172,0.3404,0.1839,10.6862,44.0607,6.7006,32.432,120.989,h
57.8733,33.3488,3.255,0.1579,0.0859,41.7596,46.6113,-17.3316,6.4404,178.703,h
35.4284,12.1785,2.8058,0.3675,0.2369,21.9716,29.2485,7.1692,43.4385,247.991,h
74.1891,33.1618,3.7835,0.1386,0.0784,45.0609,73.5357,-10.6017,7.5825,176.805,g
61.0853,23.6968,3.0761,0.277,0.1582,23.1867,22.326,24.213,51.912,176.076,h
109.6006,25.4601,3.3337,0.1677,0.0646,1.0432,72.1357,-11.5013,78.9235,207.6945,h
56.5927,22.4953,3.247,0.2322,0.1271,-10.5577,61.9298,4.3638,0.814,156.099,g
12.4334,12.0458,2.0394,0.6849,0.3516,16.2745,-9.2134,-10.1463,61.71,199.915,g
17.3357,10.9817,2.2833,0.5781,0.2995,-22.4642,-9.4314,3.6979,22.2335,116.364,g
32.2558,12.9847,2.3195,0.5772,0.3029,-16.4099,-35.0385,-8.4825,52.9153,24.6089,h
19.3306,12.252,2.6767,0.5511,0.277,9.4368,14.723,-6.3487,80.6287,112.5059,h
61.047,12.4895,2.8023,0.3687,0.215,49.8533,51.2051,-17.0546,43.0187,180.6016,h
24.5597,10.0908,2.3646,0.5313,0.3218,-6.9375,-18.2864,8.0077,77.663,265.617,h
82.9885,21.5693,3.5101,0.1947,0.1086,-97.9891,74.3425,12.4887,2.622,263.818,g
58.3208,25.9922,3.1836,0.2333,0.1484,-57.0671,32.3796,14.3932,3.4996,304.331,g
26.2966,22.833,2.8633,0.3219,0.1979,28.837,16.4686,10.9348,10.619,160.251,g
41.1843,20.4395,2.5752,0.3777,0.2487,-45.3443,10.5549,3.5357,34.2567,175.044,h
72.5221,21.6377,3.2048,0.1941,0.097,70.6315,65.5715,-13.3125,0.386,207.992,g
12.6365,11.779,2.0394,0.7032,0.379,15.8987,-9.2812,-9.4742,39.212,223.925,g
23.2395,11.0506,2.3617,0.5911,0.3044,-15.2371,-2.192,-4.5196,10.4041,185.8771,h
26.394,12.821,2.637,0.4406,0.2411,-1.3667,13.9258,8.751,14.961,152.898,g
20.2971,16.5992,2.4639,0.4192,0.232,22.0001,14.412,-1.3855,3.637,74.0235,g
53.4755,21.4731,3.1176,0.2029,0.1117,38.7698,34.5178,8.4768,4.4779,169.975,g
109.012,53.269,2.9455,0.2086,0.1117,-75.3077,101.821,38.1466,8.8183,289.219,h
61.6736,35.0896,3.1659,0.3031,0.1594,-5.9663,34.4763,-21.4243,17.1635,334.8951,h
26.4388,14.7268,2.6439,0.4132,0.2077,-32.9602,-15.276,10.0415,3.798,149.753,g
125.8177,66.0868,3.7559,0.2069,0.0888,11.0748,-140.2779,57.0024,59.2365,295.3398,h
78.7576,25.4387,3.0732,0.2307,0.1348,87.2912,54.6496,18.4425,28.5707,159.358,h
34.6136,17.6494,2.6749,0.2748,0.1427,48.0518,-18.2315,11.4362,12.037,100.664,g
71.5616,11.5457,2.8903,0.2979,0.1566,-18.7604,15.0026,10.3962,86.9989,129.8355,h
44.1526,15.0774,2.7312,0.3305,0.1736,-26.8045,-28.1923,-8.1179,10.434,219.609,g
33.4322,18.2079,2.5844,0.4244,0.2427,1.0575,-15.9017,3.7058,18.1238,133.9836,h
30.4555,12.3082,2.5557,0.3783,0.1961,28.482,22.3489,-4.7752,10.909,240.721,g
33.659,6.9885,2.5605,0.5722,0.2957,39.9513,23.8032,-6.091,5.222,170.009,g
173.102,65.3651,3.8666,0.0666,0.0362,105.014,111.898,-41.4593,61.4059,244.89,h
27.6461,12.1572,2.6928,0.4179,0.2241,-22.5774,-23.6784,-8.1852,4.9577,204.639,g
28.7016,12.8039,2.5045,0.3599,0.1862,-13.8537,-10.5429,5.9434,0.8,212.516,g
28.7894,14.1681,2.6101,0.3877,0.2172,-39.8549,-7.5508,8.5703,15.6309,98.7841,g
100.157,9.2877,2.3345,0.6481,0.4421,-112.053,59.4849,8.4801,36.432,289.785,h
25.6878,18.1027,2.7789,0.4027,0.2238,25.2699,22.6046,9.8842,0.374,207.114,g
21.8182,18.7897,2.2564,0.7204,0.3666,-27.9913,14.9735,-18.4908,6.7462,343.2947,h
32.0024,17.7692,2.6959,0.3102,0.1581,-53.0058,22.6601,9.1114,27.5578,191.069,g
30.7289,20.3706,2.7896,0.289,0.1615,14.2984,13.8684,-14.3195,41.999,227.285,h
135.4751,41.3156,3.2849,0.3011,0.1722,-199.287,105.3403,26.5241,37.2856,332.2504,h
133.485,43.5293,2.6884,0.3996,0.1998,-7.5184,-116.55,-42.1679,13.1124,325.573,h
79.066,53.9581,3.6749,0.2467,0.1506,7.5094,-72.1199,52.3105,0.9643,406.997,h
15.806,11.77,2.4298,0.6283,0.3699,-1.2754,3.923,6.9158,15.8601,161.704,h
29.2419,11.1869,2.3909,0.4593,0.2622,21.2664,-17.9436,-10.6449,3.426,170.813,g
121.54,12.7204,2.3375,0.4276,0.2184,97.1065,90.6037,-8.3424,2.8134,172.702,g
27.3397,12.5875,2.596,0.4715,0.2598,12.2726,15.902,-7.9925,20.048,166.382,g
19.0034,10.1104,2.2672,0.5568,0.2838,0.3036,-4.8158,-5.0607,0.58,182.153,g
38.8885,17.7863,2.8946,0.2486,0.1281,-28.7839,-23.494,7.7041,10.1466,160.565,g
25.9462,5.9566,2.4583,0.8442,0.4677,-19.2082,5.6947,-7.4305,14.9896,145.4616,h
44.2373,20.9611,2.8904,0.2548,0.1293,44.1047,42.4894,-11.9185,37.234,196.137,g
28.8406,10.3802,2.404,0.5089,0.2978,3.7736,22.7713,7.15,34.518,141.221,g
34.6902,15.6418,2.5572,0.4463,0.244,25.3105,23.5601,14.3958,8.1672,97.5085,h
20.7813,15.6343,2.2541,0.4735,0.2368,-3.2591,17.0888,-0.4564,37.454,128.165,g
58.0888,12.0888,2.4784,0.4855,0.2431,-65.6251,-32.5183,11.2508,49.1065,297.8268,h
12.863,11.419,2.0434,0.733,0.4027,15.1002,-7.4255,10.8121,17.031,223.366,g
18.3747,10.1736,2.4014,0.6389,0.3393,22.0069,11.0897,-5.899,17.161,49.7125,g
49.8255,30.7355,2.8974,0.2584,0.14,-65.1137,-31.1872,18.5815,14.911,300.164,g
75.596,13.0069,2.8354,0.2805,0.1833,-113.87,44.7505,-7.5942,5.9909,248.281,g
36.0738,12.6927,2.5563,0.375,0.2458,38.6242,26.4191,8.9849,25.8637,138.004,g
77.3322,27.6013,3.5761,0.146,0.0776,19.3071,70.8455,-18.1929,4.744,226.555,g
29.5677,12.788,2.5231,0.3868,0.2024,26.5064,16.0998,-8.7955,37.374,188.409,g
18.8566,12.3731,2.6488,0.5544,0.2884,22.1084,15.0319,-10.5286,16.7295,182.218,h
27.1715,11.2034,2.6493,0.4395,0.2209,8.3899,12.9854,-6.8132,1.61,224.793,g
22.2544,0.0039,2.1021,0.751,0.4466,-1.6598,9.9238,0.0,68.0372,196.096,h
129.058,39.874,3.0599,0.2178,0.1346,-192.543,110.472,-40.6782,36.961,263.567,h
45.2392,16.3478,2.9694,0.3444,0.1776,-11.7121,44.007,-9.6365,0.609,233.861,g
16.8421,11.3458,2.238,0.5723,0.2919,-2.2898,7.4135,3.1122,23.812,111.254,g
64.3781,17.8251,3.0613,0.2336,0.1238,18.9146,53.2694,2.7349,16.783,194.76,g
13.15,10.9523,2.1477,0.7687,0.395,-14.8886,2.6711,11.8531,28.553,192.14,g
50.2148,12.7999,2.7063,0.2852,0.1485,16.7325,36.1069,-11.2957,9.088,175.637,g
17.3976,7.4426,2.1861,0.7948,0.5505,-1.2438,-2.5568,4.5061,26.7597,235.809,g
124.787,19.5238,2.4976,0.3816,0.1987,8.3601,115.169,-7.8125,28.935,117.201,h
143.47,54.3127,3.7465,0.0886,0.0453,-204.767,-40.2249,36.2939,2.037,282.608,h
42.9043,21.1065,2.8567,0.1975,0.1036,-27.5023,31.5629,11.5331,6.0417,247.532,g
103.58,57.248,3.8319,0.0616,0.031,85.4999,74.6364,23.3142,3.804,191.968,g
32.0877,10.4917,2.7384,0.4,0.2073,-3.9676,8.5829,-7.4057,29.936,144.853,h
19.5688,12.2755,2.1932,0.7355,0.3954,5.0862,9.0451,-11.7063,43.7839,197.4573,h
20.89,9.8119,2.2601,0.6593,0.3544,-21.049,-18.3699,11.3412,37.2203,186.984,g
19.5532,15.7328,2.5682,0.4297,0.2257,1.6584,-9.2663,-8.1299,15.8331,82.8225,g
176.492,51.5464,3.4625,0.1506,0.077,-123.865,-125.461,-48.9402,67.0072,300.306,h
46.7382,16.7142,3.0422,0.2777,0.1556,-3.1993,41.0377,9.1539,4.3993,206.973,g
139.7547,48.7106,3.2483,0.1694,0.1066,133.0591,98.3826,27.4915,7.168,192.7888,h
24.9728,18.1846,2.3483,0.3946,0.2085,1.7972,5.7024,10.9854,8.447,110.438,g
19.5279,9.3415,2.5587,0.6354,0.4075,20.6116,13.8569,-3.9329,64.078,217.634,h
12.3479,12.1428,2.0149,0.6763,0.343,-16.4898,9.4667,9.9527,3.4985,91.8413,h
149.174,23.1835,3.1913,0.1687,0.0911,-108.606,64.0779,-6.1224,26.7396,242.437,h
16.2721,11.4997,2.382,0.6017,0.3589,-2.4045,6.0009,6.8902,25.4875,201.869,h
25.6681,12.7911,2.5798,0.4263,0.2461,-18.5243,-14.9176,-2.5865,1.1917,160.575,g
38.6876,10.1242,2.6531,0.4773,0.3479,8.5358,-14.4769,3.7988,74.6745,84.7966,h
35.4667,18.4387,3.1173,0.2962,0.1576,6.5021,25.3813,-14.5289,1.048,203.028,g
22.9575,3.5016,2.0488,0.7278,0.432,4.1849,6.0461,17.1601,38.5683,163.7858,h
21.6375,16.7437,2.4564,0.4965,0.2605,-9.0926,-16.2297,11.358,21.088,189.92,g
27.1627,17.707,2.616,0.3947,0.2094,-3.2049,14.7748,8.4814,74.502,168.73,g
13.0893,11.0311,2.1222,0.7623,0.4113,-14.7038,4.5016,-11.6194,9.8482,106.086,g
95.2785,23.9407,2.9689,0.2825,0.1606,-121.83,76.4394,17.4341,4.9547,278.095,g
73.28,30.9372,3.8598,0.1554,0.0785,14.5414,68.0356,-27.0649,1.0024,230.907,g
20.5134,15.5392,2.5539,0.4693,0.2696,26.4613,6.9866,8.3232,71.5113,172.217,g
12.6834,11.6968,2.1351,0.696,0.3919,15.7979,-9.6666,0.5806,53.022,112.656,g
25.4748,16.7252,2.4829,0.5066,0.3174,-7.8774,-19.3421,-14.3531,47.2952,156.579,h
28.0763,11.5446,2.5387,0.5941,0.3546,-18.8584,-13.3586,15.6492,66.6388,203.8629,h
101.59,31.0974,3.4678,0.1502,0.0839,32.0957,77.2265,15.3875,1.192,306.838,g
19.7381,17.2281,2.4997,0.5158,0.2927,1.8435,-13.1267,-11.7064,6.8428,214.804,g
65.9987,24.8596,3.2931,0.1507,0.0822,39.2557,58.3399,-15.8941,6.9956,196.39,g
46.1956,32.2745,3.7257,0.1475,0.0812,44.6598,28.8594,10.5763,0.305,148.428,g
20.7502,16.4512,2.3064,0.479,0.2395,33.2781,-17.504,-11.4548,74.477,132.97,g
83.3164,22.8416,3.2398,0.2073,0.1333,-46.6311,70.4124,17.6231,2.39,294.692,g
34.9667,9.0557,2.8065,0.4778,0.2428,44.6591,20.6854,-7.181,53.667,206.231,h
25.8508,12.6108,2.6959,0.4894,0.2931,23.1749,20.5079,8.0023,6.352,161.345,g
30.9402,11.2609,2.3901,0.4888,0.2912,-27.7743,-25.4179,-8.3306,2.303,153.977,g
24.0591,17.4114,2.4901,0.4653,0.289,23.931,26.738,16.7825,60.2985,189.3727,h
21.7883,9.9614,2.3139,0.5874,0.3228,-2.3395,14.9823,8.5358,38.68,191.452,g
32.676,17.2026,2.6207,0.3305,0.1832,-20.5735,-19.9968,-4.9301,8.327,167.647,g
32.8294,21.0659,2.7694,0.3265,0.1828,38.4715,23.9901,-11.5174,32.43,107.769,g
29.8995,11.7646,2.7705,0.4953,0.3096,28.0231,23.9225,8.9583,20.46,278.629,h
25.5538,7.6222,2.6218,0.5861,0.4274,-5.7443,-21.8709,0.9994,88.3227,119.1256,h
184.9713,56.9314,4.1234,0.0351,0.0298,-65.6463,-173.8273,52.67,59.1918,101.9371,h
82.5169,39.4253,2.9152,0.3973,0.1938,-79.0621,-95.6843,-17.4059,12.1667,419.4727,h
22.248,9.4628,2.1931,0.6154,0.3237,0.8645,-13.2614,9.3962,0.0865,167.82,g
26.3191,7.5587,2.3243,0.6351,0.3863,-13.4009,8.4588,-2.6104,86.9542,235.435,h
59.0164,18.02,3.3073,0.2587,0.1422,57.701,59.9175,15.4044,1.3107,237.622,g
29.9041,19.5678,2.5257,0.2742,0.1416,-32.3572,22.3811,-3.7625,85.4343,148.34,h
26.181,16.3281,2.4014,0.4246,0.248,13.7201,-18.7301,10.3779,38.3827,166.668,g
27.0722,23.0282,2.8231,0.272,0.1375,-9.724,16.309,15.0269,17.847,44.0284,g
31.0918,19.8015,2.8028,0.2913,0.1504,32.1941,26.9838,-15.7868,7.3779,228.171,g
112.4543,73.3094,3.4562,0.2239,0.1313,-19.6467,-104.6703,-44.8812,52.6677,355.2485,h
29.4748,14.7801,2.8264,0.3743,0.1887,-19.2304,-15.1459,11.1788,10.721,162.78,g
31.8136,16.5183,2.5871,0.3777,0.2005,37.2439,28.8227,-16.5213,11.6029,194.507,g
24.8935,13.5971,2.3512,0.5167,0.3051,7.0421,12.2803,-12.7743,24.205,84.4693,g
27.2805,0.6171,2.1276,0.7067,0.4439,7.6324,-2.9434,-20.2849,12.4293,187.4427,h
19.6642,9.738,2.3541,0.5752,0.3119,24.7193,8.4885,3.7639,49.435,196.952,g
59.4233,27.311,3.1318,0.1587,0.0853,66.4643,34.6839,23.091,10.973,215.284,g
29.0889,13.3365,2.5459,0.4154,0.2148,22.8066,22.6222,9.7382,1.544,177.328,g
81.0863,18.6924,2.9359,0.4073,0.2132,86.9614,78.0873,-16.6915,33.6786,330.053,h
216.2929,78.3016,3.5371,0.1553,0.0874,-247.2998,-144.6507,-82.8763,70.8438,198.6688,h
60.2546,29.7746,3.1714,0.2871,0.156,-70.3638,-25.7822,-26.9379,24.115,157.369,h
25.9155,21.7162,3.1174,0.3342,0.1744,-0.1817,18.9628,10.3883,62.395,56.3603,g
53.6821,45.1554,2.9607,0.3656,0.2304,-47.6507,-20.8213,-22.7607,62.274,314.497,h
33.6341,8.7745,2.7319,0.4245,0.2142,-24.5171,0.9711,-4.4656,67.6115,112.4341,h
48.1898,20.6604,3.2588,0.2447,0.1425,16.2778,32.2888,-10.8913,2.971,183.076,g
43.8935,11.7387,2.782,0.4381,0.2165,-36.9423,15.2566,6.007,78.4634,153.738,h
31.1642,16.2665,2.4807,0.3537,0.1802,22.2594,16.9782,-17.1011,45.2025,215.127,h
41.2491,18.3478,2.9012,0.2624,0.14,-21.6092,-17.9181,-13.2604,7.7318,194.282,g
26.3197,22.606,2.5955,0.3655,0.2272,2.4853,-21.5587,-15.0053,30.5803,159.853,g
23.193,10.7379,2.7263,0.4789,0.2394,10.156,17.8178,-4.4243,1.935,220.145,h
42.9914,32.1129,3.2679,0.2013,0.106,25.9233,25.6297,-17.8527,25.0566,98.3879,g
37.0371,8.8102,2.3865,0.4805,0.2526,23.1075,21.3278,-2.5372,3.198,154.088,g
19.2311,17.4571,2.4265,0.4307,0.2191,-11.1038,13.509,12.0603,84.8561,46.2057,g
31.2748,25.1393,2.9798,0.2588,0.1378,3.3812,-11.1756,14.4151,11.808,132.816,g
15.7142,8.7197,2.5461,0.4806,0.2379,-34.8301,1.7194,-8.6761,36.7418,223.052,h
32.1865,15.0783,2.6675,0.4817,0.2892,33.7822,19.0351,10.1242,8.797,5.6998,h
88.6699,34.8466,2.7835,0.4565,0.3115,18.7296,98.0688,-18.7698,69.0351,87.4392,h
18.9821,10.0948,2.2455,0.5739,0.3267,-23.1794,-10.4958,-3.7785,18.537,194.358,g
29.3669,12.4303,2.5821,0.4581,0.2369,35.1149,-18.2009,8.283,3.0025,154.392,g
22.1115,19.1968,2.5075,0.4375,0.2191,-12.398,20.39,12.4811,76.7034,190.5456,h
109.8467,81.9429,3.1843,0.1686,0.0795,24.0723,134.2717,-39.5789,87.7864,165.7636,h
242.8317,50.7863,3.4142,0.1141,0.0654,-255.1132,171.5541,-40.8667,48.4566,132.5392,h
24.1267,17.7874,2.841,0.3663,0.2358,8.2591,13.3919,-12.9329,2.425,195.544,g
22.9984,18.3025,2.7033,0.3881,0.2327,25.1272,19.8852,11.1359,41.034,185.909,g
24.6687,21.3662,2.7097,0.3922,0.2312,-6.5954,-18.2001,-10.2668,58.515,80.8683,h
22.7982,18.0663,2.5717,0.4879,0.2748,7.2067,-13.8599,-6.2713,10.6855,117.355,g
18.8097,10.0248,2.2601,0.6099,0.3544,21.8522,11.831,4.461,43.0228,174.456,g
18.2548,10.5312,2.233,0.5789,0.3012,-1.6564,7.839,-5.5313,0.535,76.4374,g
29.1651,6.1959,2.5328,0.5615,0.4222,-0.7459,13.864,-5.5502,29.2368,51.3678,h
62.7878,21.5051,3.2236,0.1655,0.0857,-12.6654,-48.017,-8.8202,33.393,166.932,h
77.3767,19.1751,2.5128,0.5528,0.3464,91.7632,-30.6467,11.3837,18.283,154.8265,h
21.6549,9.4121,2.2577,0.6133,0.3398,-4.7014,16.2045,-10.7003,53.7691,84.128,g
90.8667,72.8105,3.8226,0.1432,0.0753,36.3689,47.9418,-90.5671,6.433,304.935,g
25.9229,10.5564,2.3107,0.4597,0.2518,-14.9488,-19.404,2.1827,34.266,138.37,g
62.4341,40.7553,3.0308,0.1938,0.1104,-34.9839,52.4417,31.8603,30.6078,328.353,g
180.1275,89.0307,3.801,0.1332,0.0842,-149.5416,128.2536,-77.0535,84.8175,347.4191,h
81.1205,30.8274,3.3071,0.1953,0.1186,-21.8809,57.8889,-8.6438,2.296,308.79,g
25.1694,14.5658,2.5871,0.401,0.2316,-15.8152,7.6412,9.6603,21.27,168.693,g
67.0121,24.7274,3.4648,0.1495,0.0763,59.917,48.4471,10.6587,2.123,226.712,g
53.3599,23.0908,3.3304,0.1888,0.11,35.6367,28.5136,11.6074,2.4208,185.795,g
27.055,12.083,2.3212,0.4821,0.2649,-17.6967,-11.0691,-9.7611,38.674,134.374,g
19.3993,9.2873,2.3096,0.6471,0.424,19.8807,14.3973,-3.9199,25.804,167.898,g
40.749,26.1492,3.2122,0.1933,0.1009,29.9765,-24.5987,8.9177,8.364,169.123,g
17.3548,10.5269,2.5024,0.6384,0.3758,19.6133,11.9546,-4.3852,56.373,217.923,h
93.6758,32.3094,3.5178,0.2085,0.1085,0.8677,55.2096,16.7187,0.026,362.528,g
76.099,18.7547,2.8639,0.3461,0.2209,-90.7206,-52.0151,-19.5767,3.46,271.43,g
95.2929,21.2305,3.2769,0.231,0.1262,-93.717,60.9944,-10.8885,36.6314,302.0701,h
44.6576,21.6739,3.0883,0.2562,0.1302,28.4687,34.8788,16.0512,22.7661,157.969,g
17.776,7.3984,2.3149,0.8087,0.5254,-2.8991,5.0062,-4.2669,66.1517,160.953,g
37.716,19.0122,2.8567,0.3658,0.194,30.0224,34.101,9.5223,21.8653,85.0906,g
100.325,17.6345,2.9528,0.2865,0.1577,53.3517,106.15,-11.8643,3.5551,261.138,g
28.5532,9.429,2.5378,0.4986,0.2652,23.7076,14.6335,3.1861,51.3444,218.644,h
45.7365,19.0416,3.0235,0.235,0.1208,37.3298,-26.5626,9.4237,2.443,195.773,g
28.7571,22.8786,3.0147,0.2832,0.1542,-8.4752,8.9526,-17.8463,51.789,65.7509,g
91.6423,71.8818,3.8484,0.078,0.043,-56.7107,72.3016,60.019,16.622,285.414,g
32.1076,12.2886,2.7287,0.3541,0.1424,-5.8487,18.745,-4.5997,52.3273,113.284,h
51.8498,11.5121,3.0047,0.2984,0.161,-66.373,-26.7436,5.0632,72.8577,184.5429,h
94.2048,15.4658,2.9297,0.468,0.2581,39.4315,-64.4438,-13.7153,2.8858,401.134,g
103.301,23.459,3.4281,0.1552,0.0841,106.973,95.1682,-10.4938,2.053,274.182,g
12.9782,11.1038,2.2467,0.7479,0.4391,-14.4023,6.747,-10.0441,0.131,64.9302,g
33.4169,18.026,2.8882,0.2652,0.1378,-35.9719,14.7763,-9.0004,15.821,157.306,g
43.4518,18.3722,2.6799,0.2403,0.1223,26.7513,-19.3269,-12.3009,7.1147,223.846,g
21.8166,14.9668,2.5752,0.4122,0.2088,-28.4524,-5.4991,-5.8701,19.496,241.328,g
13.655,9.7647,2.3064,0.8296,0.4321,-14.5885,-4.8081,-11.764,35.794,145.977,g
24.593,17.4341,2.5004,0.3349,0.1754,19.8232,11.1578,14.6176,40.433,132.548,g
125.479,35.7873,3.2037,0.1833,0.0942,-153.586,-91.2738,26.9974,19.7675,180.86,h
76.1034,19.6985,3.2245,0.2141,0.1202,52.5659,68.9885,10.5081,1.341,262.3,g
23.6794,12.7526,2.6583,0.5659,0.3373,32.8447,25.1993,-11.5552,41.834,231.7678,h
91.2356,24.8769,2.6258,0.4402,0.2497,-39.2618,-95.4027,-14.1885,13.5704,169.306,h
101.551,27.5733,3.7108,0.2041,0.1128,-41.8538,81.5373,15.434,1.7955,319.759,g
78.4952,34.573,3.9998,0.1004,0.0504,81.521,70.8718,20.0085,3.515,218.452,g
32.8172,16.6688,2.6869,0.5577,0.4045,11.2613,19.398,12.4762,13.2369,258.0529,h
25.3374,19.6763,2.6117,0.3081,0.1577,-1.3407,20.1489,-8.5206,6.733,182.361,g
12.8939,7.8036,2.4047,0.591,0.338,23.7706,15.6823,-3.8764,65.4062,115.3426,h
20.0987,7.261,2.1287,0.7509,0.3903,-3.3363,10.7235,-5.3261,34.9882,242.244,g
13.1298,10.9426,2.1319,0.7675,0.417,14.6057,-3.9424,-11.6259,21.8775,67.1323,g
87.4439,10.5644,2.6609,0.452,0.2718,-68.9598,52.9605,-9.3686,5.804,316.36,g
116.667,59.1005,3.1193,0.1406,0.0802,-45.3507,-149.902,33.2106,65.138,48.472,h
25.326,14.5831,2.6862,0.4573,0.2338,32.6387,15.2118,-11.9939,7.1654,141.715,g
72.3361,20.4438,2.9501,0.4218,0.2563,-25.9266,35.8239,-24.5737,1.832,335.901,g
29.8242,15.0011,2.7139,0.3594,0.1961,-5.1172,7.1687,-5.4743,11.359,74.4211,g
20.6591,10.6619,2.3945,0.621,0.3165,5.7293,-17.1314,-3.5068,14.135,123.731,g
72.3426,25.2993,3.3711,0.1855,0.1002,39.9883,66.5482,-17.0172,1.8521,198.577,g
103.088,17.1041,2.8028,0.3087,0.1614,-116.268,53.4604,-10.6035,1.171,214.229,g
28.5597,10.4399,2.5092,0.4768,0.2833,-20.5241,16.6542,10.9173,7.3378,190.024,g
137.7469,109.309,3.4399,0.1535,0.0724,40.3431,-137.8268,-135.5051,80.1405,223.7682,h
23.2237,11.7907,2.2706,0.6096,0.3218,4.822,36.9671,2.544,42.213,174.0579,h
20.8652,15.3743,2.4843,0.5246,0.3623,19.0179,17.6239,10.8032,7.671,148.714,g
25.1972,14.9914,2.2707,0.4504,0.2332,4.3585,9.961,-12.5223,5.161,192.368,g
82.934,39.7618,3.1444,0.2272,0.0848,-69.1487,-54.5626,-11.8712,26.4093,240.7969,h
37.2728,14.5732,2.4742,0.4027,0.203,25.4993,17.5867,13.2994,18.1987,132.689,g
89.473,32.9432,3.3831,0.1589,0.0888,-91.8688,51.6337,21.9819,0.524,237.609,g
20.8693,20.7738,2.3017,0.4866,0.2447,-31.6304,-36.1922,-9.3976,9.7574,162.3856,h
60.5182,13.3571,2.6799,0.395,0.2351,-4.2781,-58.6154,-9.9993,0.565,178.156,g
40.2526,15.3646,2.8618,0.2529,0.1419,-34.0157,16.8333,-10.1782,73.9986,233.5299,h
50.7703,19.3929,2.9581,0.2522,0.1415,65.3367,-32.3376,-16.2895,4.232,169.495,g
18.8589,11.6242,2.4091,0.5731,0.3957,-1.1925,7.6219,-11.6151,13.872,184.349,g
17.1654,14.1326,2.4021,0.5884,0.3085,-4.2631,-19.0957,8.5977,81.0052,141.571,h
61.374,22.8597,3.0245,0.2108,0.112,47.2363,46.4616,15.9629,3.713,262.058,g
13.143,10.6903,2.2467,0.7762,0.4618,-13.7724,-2.7908,10.8793,70.33,253.924,g
29.4939,11.5493,2.4533,0.4542,0.2412,12.8139,20.9796,9.859,10.11,134.075,g
31.7294,16.8654,2.5563,0.3278,0.1736,28.7009,23.9576,-16.146,5.534,107.999,g
43.3635,16.2103,2.6335,0.3163,0.1616,62.3071,-20.6643,6.1877,3.7958,182.629,g
19.9388,12.6867,2.485,0.4615,0.2635,0.3023,-4.4867,9.6364,75.848,118.118,g
20.8112,7.1717,2.1255,0.7041,0.3558,-1.5465,8.9641,-6.0245,85.103,235.951,g
150.5725,64.9177,3.8516,0.0721,0.0177,-73.0379,-127.6436,53.9989,39.0647,79.2431,h
19.6449,14.8624,2.5024,0.478,0.2846,2.3679,-10.1323,5.8533,19.405,162.777,g
24.2515,9.6208,2.5641,0.5648,0.3179,27.5263,20.0094,-7.0592,60.9102,89.8197,h
125.4721,25.3788,2.802,0.366,0.171,149.4692,-57.274,25.1217,14.7839,92.7216,h
167.126,69.8462,4.2064,0.0626,0.0316,83.5478,162.671,60.2558,69.7942,91.5714,h
19.3082,12.345,2.3551,0.521,0.3201,2.5526,-10.4723,-10.7211,60.871,189.053,g
19.3067,9.5213,2.5315,0.6088,0.4044,-20.4791,-13.7595,1.8875,87.7668,135.2,h
17.6821,10.7664,2.179,0.5828,0.3411,0.5898,-4.9879,6.5403,61.229,219.283,g
12.9881,10.4816,2.1804,0.7591,0.5116,-12.6893,-4.6937,4.7681,85.6648,135.751,g
21.1287,7.0541,2.0273,0.7042,0.3709,24.1448,10.4401,6.2328,34.1392,189.197,g
43.6997,24.2821,3.2262,0.2245,0.1363,41.3657,29.007,17.5175,12.848,191.587,g
20.1827,12.2617,2.4735,0.5109,0.2874,-1.8615,8.5433,10.6587,40.1965,162.899,g
30.7902,20.88,2.7304,0.294,0.1516,0.2203,-17.2674,-4.4696,27.942,64.0094,g
134.348,25.6256,2.9593,0.2834,0.1719,118.249,117.567,-14.8898,34.3216,272.553,h
138.097,61.4382,3.263,0.2205,0.1247,-138.251,-49.7378,-41.8225,43.0835,277.632,h
35.2851,18.8631,2.8817,0.264,0.1372,8.238,23.0309,-9.2055,16.104,187.594,g
15.6279,6.8923,2.5517,0.7963,0.4261,18.9984,11.7771,13.4102,32.9664,70.5502,h
15.3363,11.9173,2.433,0.6458,0.3819,2.5184,-2.8457,-7.3405,69.2522,251.288,g
27.4852,17.0142,2.6542,0.3747,0.1874,3.743,24.416,-6.0413,6.422,63.0075,g
20.9159,16.424,2.4281,0.5037,0.2854,18.0847,17.5826,-7.6148,41.0503,122.121,g
49.4025,9.5902,2.738,0.3675,0.1892,-6.9662,40.9313,1.45,68.8163,275.161,h
56.2513,26.6153,3.2665,0.1971,0.108,55.8478,45.2993,-17.1503,9.9628,114.099,g
45.0172,18.4512,2.699,0.284,0.167,-10.746,-37.5851,-13.6786,8.718,178.647,g
68.0147,55.9897,2.854,0.3247,0.2036,-80.4882,-47.3922,49.097,29.1731,272.514,h
80.8324,25.8828,3.1641,0.1995,0.1032,-83.401,53.8102,11.9316,6.6579,248.532,g
102.039,53.2113,4.1355,0.0865,0.0435,16.938,70.0538,-39.1136,6.8092,301.437,g
47.1071,20.7603,3.1159,0.2098,0.1068,13.5867,32.2989,6.1038,12.885,178.097,g
21.3666,14.27,2.3128,0.5061,0.3139,21.8244,19.5224,1.8273,74.383,135.144,g
32.7101,23.478,2.5746,0.3063,0.1718,6.4183,9.8533,18.0197,62.9717,185.548,h
20.8247,7.1719,2.0233,0.7014,0.3554,-1.3973,8.6766,6.0362,39.435,100.761,h
30.2843,16.7657,2.7896,0.4367,0.2394,-15.5024,-27.692,12.3785,46.3644,266.491,h
23.0372,7.4659,2.5132,0.7301,0.3819,14.4851,7.8437,-4.1482,37.469,212.49,g
31.2984,18.5756,2.7987,0.372,0.217,-0.2935,15.5327,11.3887,8.988,211.217,g
44.3036,11.9267,2.3918,0.3245,0.1643,-66.2649,17.0472,7.2818,31.877,130.003,g
21.8113,18.8585,2.5688,0.4211,0.2416,5.292,9.7393,9.7954,65.808,106.243,g
19.9302,5.2495,2.422,0.6852,0.491,-22.2319,-28.0653,2.7276,54.6922,168.2149,h
17.4153,15.1394,2.4764,0.5442,0.3222,8.7944,-16.0646,9.0156,8.0924,98.6312,g
37.3478,8.3192,2.5718,0.575,0.3801,12.8487,1.1598,-1.5187,27.8649,160.4892,h
27.9597,20.1168,2.7486,0.4103,0.2221,-13.8151,12.3317,-17.1105,13.2785,201.187,g
23.9685,19.3675,2.42,0.403,0.2262,-18.621,-18.1941,-15.5129,48.6381,179.829,g
27.6167,11.7834,2.4594,0.4132,0.2135,-8.8072,-9.3052,6.2423,3.9266,201.262,g
15.5072,6.8242,2.4829,0.6901,0.3586,5.4648,9.3832,-8.8667,57.2055,221.0643,h
34.3719,17.731,2.2766,0.4123,0.1999,-19.813,-31.589,9.4168,10.2044,92.1384,h
16.6309,11.196,2.2122,0.6074,0.3834,-1.1644,4.8137,7.5399,56.9209,144.825,g
43.3724,31.0202,3.4532,0.1838,0.1048,48.9576,37.6172,-20.5515,14.518,75.6293,g
17.4815,10.818,2.3243,0.5972,0.3199,21.7985,10.2619,4.2935,76.9471,92.1175,g
73.7622,31.8887,3.2284,0.2541,0.135,-68.2825,33.1459,10.1986,17.123,267.947,g
52.9059,23.9425,3.0228,0.1622,0.0868,25.1722,24.3403,-11.8949,0.744,133.081,g
42.7346,8.8932,2.4955,0.4249,0.2284,-30.7105,-28.7926,3.9393,45.0688,238.976,h
33.2935,16.2165,2.6781,0.3421,0.1899,-14.3895,21.4594,-5.2885,5.2329,225.768,g
25.4615,3.8234,2.4885,0.6954,0.3595,19.4852,1.3408,5.5778,2.1818,170.5963,h
34.3785,8.8483,2.7387,0.436,0.2831,7.6634,-14.2938,3.1596,52.3229,212.2864,h
23.472,18.9753,2.6821,0.4345,0.2651,8.4304,15.0366,15.1225,6.279,217.769,g
20.9032,7.0846,2.0273,0.723,0.3803,23.4655,11.4034,6.0662,25.9219,202.874,g
115.362,31.6564,3.0654,0.1557,0.083,103.769,89.7305,26.9906,0.864,240.629,g
117.091,67.4497,3.0515,0.1767,0.0928,-12.667,75.989,42.4858,2.2464,221.702,h
32.2976,19.2113,2.8887,0.2829,0.1479,11.3353,15.6989,15.2859,16.6313,138.91,g
25.7009,17.1045,2.4558,0.4416,0.2896,36.8598,24.3707,-4.3285,0.313,191.8331,h
38.3448,14.1032,2.8238,0.3781,0.2093,40.6911,26.0716,-5.8822,0.1899,177.974,g
96.6464,12.2056,2.5112,0.3606,0.1926,63.1745,55.7144,-10.0671,45.43,101.752,g
174.2054,56.7782,3.686,0.2225,0.111,-171.184,-138.5576,37.0956,7.5049,309.2728,h
20.0862,10.668,2.2718,0.6257,0.3449,-6.2312,16.8787,7.0023,79.6084,124.353,g
166.911,69.3334,3.4314,0.1933,0.0974,-243.7664,-64.794,-59.0521,19.6315,321.5117,h
44.7307,18.8161,3.1472,0.29,0.1607,-65.1894,41.0094,-10.7131,5.1233,264.806,g
38.5073,22.6766,2.8494,0.2348,0.1195,28.823,17.7287,14.5938,25.519,60.2772,g
81.5428,24.7981,2.8183,0.2718,0.1407,25.0551,84.8282,24.9133,7.8673,288.1879,h
99.5309,33.654,3.1331,0.1877,0.1086,162.387,-82.1548,-25.2829,32.325,227.157,h
20.7154,7.1982,2.2443,0.7066,0.3618,1.5153,-8.8118,5.9528,88.4999,189.577,g
76.0253,23.9572,3.3429,0.1476,0.0797,31.9276,67.4804,11.7125,12.8978,187.64,g
16.9261,10.9772,2.3541,0.6283,0.3783,-2.2159,6.4767,7.515,37.753,98.6605,g
71.4573,13.4302,2.6848,0.3678,0.2345,-66.499,54.8724,10.549,6.0914,295.249,g
32.9755,17.0225,2.8092,0.3057,0.1575,-3.5034,21.2323,-7.2435,7.944,133.989,g
18.0566,12.3393,2.5004,0.6477,0.3491,14.3462,15.4808,2.6816,63.1428,146.57,g
24.204,10.0413,2.5978,0.5398,0.3268,26.0481,8.6357,8.0166,22.2515,96.0127,h
20.8716,12.4093,2.3243,0.6588,0.4573,9.9618,17.8652,-10.5413,23.769,195.088,g
96.1947,22.6252,2.9131,0.1736,0.113,-110.4394,54.241,-11.0428,52.8841,97.4196,h
41.8223,14.649,2.7645,0.4351,0.2279,-32.4169,-43.6565,-10.2209,50.4377,101.476,h
23.9751,13.9242,2.3454,0.4831,0.246,-23.1798,-14.1801,4.9188,4.1125,237.022,g
20.1906,7.3261,2.1319,0.7159,0.3948,-1.1041,7.4288,-5.505,18.286,80.6607,g
17.3441,9.3037,2.4752,0.5962,0.3994,20.6682,13.3801,-1.97,17.7168,224.8004,h
45.8873,22.874,3.0925,0.2667,0.1337,-62.7271,25.2934,13.4505,4.521,279.283,g
24.8961,11.8206,2.4564,0.465,0.285,6.512,15.0497,-8.9168,8.622,184.857,g
23.1475,20.0584,2.5955,0.401,0.2678,3.4453,22.5903,-15.253,81.7955,89.9973,g
103.705,45.7592,4.1844,0.0831,0.0424,71.5716,95.1321,18.3177,2.4726,226.374,g
24.0108,17.2422,2.4669,0.4369,0.244,14.2428,19.4721,17.2936,67.1405,142.836,h
37.9196,11.3547,2.6675,0.4344,0.2591,32.1371,29.8032,-8.7558,78.8367,215.403,h
36.0196,17.335,2.8062,0.2953,0.1508,-24.279,-26.3081,-13.022,6.399,163.225,g
109.723,51.1687,4.2302,0.0627,0.0328,87.2085,83.8774,22.6233,3.4161,283.833,g
159.653,48.5098,3.2608,0.1399,0.0738,-242.248,116.136,14.487,33.756,186.568,h
78.2479,27.8127,3.3982,0.2758,0.1677,-3.0318,44.9303,-8.3688,3.861,336.384,g
227.0703,80.096,3.422,0.2318,0.1331,-180.9204,-198.7741,81.026,52.5227,220.4276,h
21.1628,12.2039,2.3473,0.4719,0.2539,-0.406,8.8387,10.7925,35.801,160.436,g
29.4603,10.4358,2.487,0.6818,0.4378,-16.2161,-13.9935,14.3027,69.5814,147.0232,h
24.8746,16.3143,2.6518,0.466,0.2375,7.8902,20.5957,14.1454,48.493,150.95,g
31.4974,9.4772,2.6744,0.5249,0.3058,-7.4125,11.3131,-4.3687,70.395,206.017,h
13.0246,10.9754,2.1508,0.7562,0.4488,-14.1507,5.8998,10.2185,81.1239,179.618,g
29.5667,6.472,2.5224,0.5736,0.3078,-11.1161,-14.5393,3.8718,10.119,170.068,g
45.0704,9.8641,2.5982,0.3808,0.2081,-60.3121,-27.5463,-5.6833,7.7364,205.825,g
37.6126,24.7107,3.0783,0.2313,0.1365,37.7055,31.8129,-7.1475,6.2998,95.1399,g
36.5256,13.4239,2.5289,0.3047,0.1642,33.8351,-15.9057,7.4525,7.4831,114.112,g
30.3022,10.9742,2.3627,0.5813,0.3883,24.0996,25.7268,10.2649,36.929,249.363,g
23.1262,16.9944,2.608,0.3896,0.2232,-6.5245,-12.303,-13.8577,16.232,84.9105,g
23.5984,17.6638,2.6937,0.3887,0.2277,-22.4674,17.1221,-11.473,87.6397,127.801,g
20.419,10.4451,2.4265,0.6479,0.3315,-5.5089,16.6211,5.8879,39.3763,261.466,h
25.4865,12.6133,2.6712,0.4733,0.2377,-20.2767,-23.8588,-6.8231,55.9291,188.155,g
12.2154,10.328,2.1215,0.7554,0.4075,-11.8796,12.2295,-8.8074,18.7937,79.5453,h
56.7107,17.0717,2.749,0.221,0.1221,-20.0571,-33.8718,-4.3812,2.489,162.538,g
94.1154,33.5484,3.7746,0.183,0.0979,-56.3968,57.5239,-22.1615,3.425,343.441,g
18.7991,12.4262,2.3829,0.5507,0.3292,1.1589,-10.3469,9.4186,35.2698,165.139,g
31.2073,20.0347,2.8142,0.2868,0.1603,-0.259,20.591,14.6656,39.3847,162.195,h
84.1527,24.5551,3.2015,0.3408,0.204,-37.8943,-71.2491,-9.6222,2.3306,302.097,g
66.8423,14.7113,2.6335,0.3372,0.1802,48.2143,61.796,-9.3751,8.368,272.43,g
36.1484,19.9773,2.8692,0.2919,0.1574,-0.1948,-30.4106,-8.9065,4.6718,194.419,g
91.9028,84.8221,3.9443,0.0858,0.0443,-42.4741,-50.0224,-58.6919,31.0095,261.265,h
49.1207,15.0367,2.6689,0.3751,0.1919,12.3614,27.5794,-6.5523,1.136,194.653,g
89.5436,26.678,3.3537,0.1754,0.099,53.2695,81.6332,-4.1297,4.985,261.14,g
56.2974,30.4799,3.6242,0.1468,0.0735,41.745,33.921,-7.8191,1.0352,131.482,g
36.3631,19.8916,2.8085,0.2859,0.1624,5.8322,-12.1568,-13.9196,18.0525,172.348,g
50.5496,11.4882,2.8896,0.3172,0.1747,-33.6277,-34.8375,-7.2508,24.165,57.0755,h
104.472,25.876,3.1011,0.2718,0.1383,-63.1676,81.9646,23.6063,4.296,335.096,h
17.4981,16.4146,2.4757,0.5351,0.3428,13.058,14.1112,10.5218,21.6007,117.827,g
19.021,7.4598,2.1383,0.7564,0.4618,1.5639,-6.8371,-3.833,14.441,190.721,g
87.2434,57.1764,4.2324,0.0644,0.0325,-19.7314,78.2619,62.2262,3.825,220.726,g
33.9387,11.3974,2.6015,0.4205,0.229,43.8658,20.4974,-9.7914,10.996,200.068,h
22.4471,17.7029,2.4706,0.4061,0.2081,5.3348,9.5615,-12.5984,20.1636,184.781,g
17.264,9.5686,2.3383,0.5855,0.3556,-3.0337,8.7888,5.3275,58.6985,189.7578,h
26.1687,20.7041,2.7308,0.3178,0.1942,4.1295,-18.4828,4.8895,64.571,166.01,g
22.2792,12.4982,2.437,0.5082,0.2724,-1.4818,10.3689,-5.2317,30.7241,165.615,g
81.7073,68.9486,3.3151,0.2725,0.165,-26.9454,-72.9426,-58.1403,11.9699,438.8574,h
52.5016,9.5828,2.9462,0.3645,0.2077,10.6706,36.1845,7.3558,32.658,195.911,h
115.9424,73.9646,3.1556,0.253,0.1433,88.7017,118.0635,33.6021,17.4339,162.7646,h
153.679,83.7294,3.4749,0.1143,0.0581,72.7273,134.277,-79.2455,29.1256,30.6439,h
19.6828,9.7787,2.2227,0.5748,0.3024,-25.2028,-7.2392,2.2394,42.4886,177.298,g
21.5368,6.9542,2.055,0.6872,0.348,-25.7641,-5.2793,6.4756,5.554,209.005,g
23.133,8.7943,2.2856,0.6425,0.3446,28.3743,-8.3202,-9.7853,12.164,158.306,g
59.0991,27.3523,3.4068,0.1532,0.0809,41.5049,45.5346,22.3758,7.378,201.733,g
90.663,35.1567,3.2034,0.1909,0.1161,7.8809,38.1563,16.7387,0.4799,348.961,g
53.4875,14.8568,2.8527,0.53,0.3086,54.408,45.3547,15.8995,4.8069,305.9936,h
23.7726,17.4862,2.5769,0.4053,0.2238,31.9945,14.2532,-12.5744,47.735,172.186,g
34.9165,8.8163,2.6824,0.4519,0.2328,26.5164,1.2934,7.2644,70.5669,264.2194,h
19.8869,12.636,2.5045,0.5039,0.2551,-1.6288,11.646,8.333,59.4159,145.616,g
22.8614,10.4089,2.5938,0.5452,0.3121,-10.6677,14.8602,5.2222,67.051,69.9651,h
12.6039,11.829,2.0881,0.702,0.3714,-15.9028,8.9233,-10.1953,70.514,200.713,g
30.8784,17.2585,2.7589,0.3693,0.1925,31.0391,19.2528,5.6373,13.7391,186.985,g
22.6669,11.6342,2.4533,0.5387,0.3081,9.6596,11.2696,6.1636,26.7566,82.6036,g
43.8485,15.3149,2.6613,0.362,0.2454,19.1025,32.0309,9.3811,9.1753,109.133,g
37.3397,20.437,2.8907,0.2842,0.1846,32.7575,26.3113,9.0852,3.892,139.333,g
86.4837,30.3894,3.8874,0.1256,0.0658,9.0636,87.3018,-17.2743,0.6946,248.606,g
65.8189,31.5093,2.9104,0.365,0.184,38.3575,68.4623,27.268,7.5572,234.2728,h
12.7785,11.5377,2.3149,0.7167,0.4044,15.3587,-8.8447,8.8982,36.4138,169.59,h
19.6388,9.8178,2.2068,0.5714,0.2888,25.8192,4.2684,-2.2875,13.0905,133.208,h
30.9108,11.5379,2.7404,0.4782,0.2827,-26.0397,-26.5375,4.8576,61.92,174.149,h
121.3533,93.6825,3.1753,0.248,0.1263,108.5985,-93.225,68.5775,9.9975,195.9205,h
19.3604,1.769,2.171,0.7511,0.3979,-37.8677,-13.2335,5.7839,11.3138,172.7761,h
50.7517,25.7097,3.3698,0.1579,0.0792,29.4191,-13.981,14.7461,6.392,211.238,g
51.4038,10.5155,2.74,0.3167,0.1665,-30.3021,30.738,-10.9315,4.989,240.089,g
30.3139,11.9777,2.5366,0.4244,0.2137,22.5751,25.2755,9.3084,30.757,157.636,g
46.7449,10.6859,2.6474,0.3514,0.1813,-66.9719,-23.8079,4.9353,64.2149,126.73,h
30.0632,22.3774,2.7723,0.3226,0.1681,-0.1262,-25.7678,-20.2517,80.8951,132.394,g
39.5364,16.308,2.1656,0.5445,0.3349,-37.1148,-42.6558,-3.7638,4.4299,146.5871,h
153.45,20.2858,2.5888,0.4201,0.2204,-103.246,-100.625,18.6148,11.4194,322.091,h
21.9405,20.8778,2.6435,0.3864,0.2148,21.4649,14.7471,-10.6995,74.7121,117.59,g
25.9888,8.5678,2.4815,0.7454,0.5458,-1.8577,6.4153,-9.8427,44.8164,238.8409,h
35.7191,7.2727,2.638,0.4649,0.2428,-1.6165,17.5429,-4.1776,62.918,87.8689,h
79.9423,28.976,3.48,0.193,0.1091,36.5936,78.2302,-23.9781,3.347,252.754,g
53.1682,24.1071,3.2047,0.1673,0.0927,42.9302,-25.0112,10.0679,13.4803,175.324,g
46.4315,15.6575,2.8209,0.3489,0.179,-56.6549,27.8649,3.4168,2.693,181.556,g
66.4354,33.0543,3.1164,0.2447,0.1335,-35.5005,-54.9991,26.4546,48.1979,95.3771,h
24.6423,18.308,2.8555,0.3654,0.1848,19.6787,19.119,10.9036,23.9541,231.642,g
25.8556,14.4318,2.2648,0.6141,0.3777,23.6753,16.5538,-11.0279,12.2095,133.171,g
98.9209,28.231,3.3235,0.1894,0.1196,-66.2799,72.799,-19.0411,53.078,272.853,h
24.7,10.3209,2.3988,0.491,0.2695,-6.4656,-18.2282,7.0415,8.3766,182.316,g
65.7255,36.2847,2.6559,0.3339,0.1692,-28.8514,-57.6103,21.9544,77.0245,203.2269,h
33.2508,15.7565,2.6253,0.436,0.2192,28.1402,17.0519,-11.5925,13.4306,167.241,g
115.0816,58.9051,3.7606,0.1371,0.0809,10.655,103.1868,-20.4895,29.8217,163.6358,h
19.7158,18.1893,2.4257,0.4991,0.257,20.3809,18.8192,18.6287,68.308,233.075,g
69.5868,22.6932,2.9238,0.2634,0.146,-84.7372,50.6365,-20.1084,1.817,244.718,g
53.5632,41.9902,2.8442,0.2792,0.1539,-55.7825,-45.0453,-15.821,61.5552,124.957,g
68.7092,19.8659,2.8882,0.2031,0.1028,-32.4945,34.6695,9.0485,1.0624,205.399,g
174.5756,58.4529,3.458,0.184,0.0971,-137.2611,-198.1595,45.5054,27.5121,359.1252,h
87.4516,20.7033,2.7834,0.3801,0.1749,-76.6465,72.5635,22.0878,9.7734,295.7276,h
66.013,23.1057,3.1948,0.2184,0.1121,58.2928,41.3084,-12.6585,2.8356,265.77,g
30.2651,13.3288,2.5815,0.5111,0.3526,13.1107,26.6821,4.2471,8.3257,121.183,g
41.1201,32.9111,3.397,0.1571,0.0792,-18.0977,24.4557,-13.9225,84.7514,131.182,g
20.4682,17.3386,2.5453,0.5869,0.4088,3.2623,17.6107,17.9891,46.2043,227.212,h
50.785,17.354,2.6594,0.3308,0.1676,6.0281,29.5191,-10.0348,2.291,170.832,g
21.2246,16.198,2.7377,0.4828,0.2841,-0.7422,7.6054,4.0811,64.491,231.5106,h
33.2187,14.4769,2.8473,0.3127,0.1741,7.5518,-14.5268,5.639,9.2908,205.625,g
115.453,56.6577,3.8812,0.1556,0.0785,-48.5304,-86.9619,38.7563,17.3582,334.375,h
109.231,19.0886,3.2253,0.1994,0.1104,43.8269,71.9123,7.7604,4.305,278.132,g
19.4041,7.3799,2.0986,0.7649,0.4343,-2.9081,9.1734,4.4036,55.859,95.3546,h
29.1011,12.2337,2.7423,0.3837,0.1964,-10.0717,19.5817,3.1264,61.3801,97.6665,h
30.0467,10.9231,2.5004,0.6161,0.4502,-31.1992,-15.3189,7.6776,5.4907,299.255,g
81.382,30.4853,3.786,0.1688,0.0862,-56.9508,67.6181,16.2233,2.9274,284.594,g
22.4568,12.7081,2.1987,0.5886,0.3386,15.1961,13.0024,9.2513,46.9182,47.0187,g
16.1915,1.2858,2.6116,0.5179,0.3241,1.6414,11.1344,-11.0789,43.7638,235.5025,h
158.211,31.1877,3.0032,0.1926,0.1027,107.921,164.033,17.5639,17.3604,238.671,g
233.094,33.1213,3.4052,0.1125,0.0572,208.628,217.934,8.618,65.1453,78.0064,h
62.2088,19.5505,2.972,0.2272,0.12,57.7117,33.9672,-15.2448,1.9962,239.387,g
90.7088,11.0098,2.541,0.377,0.1885,-63.8226,-79.2581,6.1829,19.578,46.6216,h
30.5863,18.0905,2.7616,0.3584,0.2121,33.17,-6.9094,12.2634,12.329,192.995,g
73.9749,21.0084,3.0048,0.2779,0.1538,-116.756,43.8813,18.8414,2.006,303.874,g
21.1621,6.9275,2.2799,0.7297,0.4121,22.4861,13.0544,6.2256,15.5879,160.131,g
227.5594,55.3849,3.8508,0.0959,0.0389,-203.9186,-145.6697,33.365,80.3525,240.8288,h
37.1211,19.3785,2.7431,0.3686,0.1996,18.3096,28.2414,16.5466,11.929,177.352,g
102.6651,67.0337,3.2706,0.2328,0.1088,-74.1602,33.7393,43.3131,24.4692,328.3748,h
104.1515,86.1509,3.9265,0.1809,0.07,0.9244,-69.8131,-61.1185,88.047,355.9869,h
18.6569,12.3497,2.4793,0.5837,0.3333,2.9159,-12.4217,8.8575,0.3301,199.352,g
24.8576,9.5246,2.6004,0.527,0.3174,16.2477,-13.9344,4.246,3.715,147.221,g
49.4643,20.7054,2.9491,0.2462,0.1355,3.0888,-20.3002,17.623,43.721,139.1,h
38.171,11.0629,2.7139,0.4077,0.2251,35.8115,33.8268,-2.5473,65.0235,233.23,h
23.5009,12.6917,2.3345,0.5741,0.3079,28.183,8.371,6.7424,21.192,133.585,g
16.7983,11.3269,2.3222,0.5762,0.3262,2.1823,-6.9329,5.8045,19.2365,193.746,g
31.1572,12.4808,2.7657,0.3962,0.2461,-1.3577,20.8568,-8.5808,16.2791,60.7575,h
26.7579,13.1011,2.7063,0.4189,0.235,5.8026,17.6433,3.9521,15.5531,171.573,g
101.462,21.4687,2.9761,0.2367,0.1189,40.3222,121.008,-13.8332,8.2623,236.749,g
28.0638,16.4037,2.704,0.3477,0.1992,-7.8319,19.1852,6.7399,45.7827,117.5508,h
31.2524,12.2632,2.4914,0.4419,0.2694,-26.4192,-21.9849,-9.4053,24.0691,230.061,h
120.944,58.6708,4.0819,0.0936,0.0518,46.9884,115.163,-72.1791,51.8458,149.761,h
44.139,15.6641,2.9668,0.3195,0.1624,-16.4088,17.9199,-14.0171,8.553,201.125,g
26.757,17.0444,2.6599,0.3895,0.2046,20.9405,24.6741,11.5351,1.9337,140.081,g
20.8589,16.1131,2.4997,0.4652,0.2358,10.1979,10.8038,-9.4188,36.551,105.4,g
27.5017,8.8141,2.5153,0.6846,0.3862,15.2337,15.4541,15.5131,55.9138,121.4329,h
17.9922,11.8316,2.4601,0.6101,0.4107,-3.128,11.1864,11.0347,59.5437,171.819,h
22.2882,0.0,2.2889,0.8072,0.4036,6.3241,-15.855,0.0001,42.589,191.957,g
33.6033,16.4011,2.688,0.3385,0.1877,-6.8331,24.9757,12.9576,0.972,248.741,g
18.9883,16.4769,2.4241,0.5047,0.2881,12.4742,18.3294,12.6554,31.8054,99.6356,g
72.173,28.1953,3.3085,0.2605,0.1507,-37.7817,55.5415,-28.4975,4.71,324.804,g
93.8085,56.469,3.1862,0.2136,0.1078,-99.938,32.8574,42.1099,26.414,247.97,h
42.4806,17.6931,2.851,0.3975,0.2206,30.5149,32.3056,16.0168,11.5541,283.154,g
27.2053,14.347,2.635,0.4195,0.2329,-0.5521,21.9019,-8.3026,1.8909,215.623,g
71.6786,35.8227,3.4123,0.3189,0.167,-81.2506,-60.976,-28.0723,27.2898,374.667,h
21.912,12.507,2.233,0.6199,0.3889,13.8193,15.5951,-10.1034,72.975,63.1849,g
35.0172,12.1368,2.5278,0.5147,0.2756,15.5388,22.1097,-2.6466,65.1135,119.1495,h
26.4593,18.108,2.6937,0.33,0.167,-24.6802,-18.5717,-11.002,2.407,171.907,g
21.9021,11.1088,2.238,0.6185,0.3844,15.3367,19.5778,7.9295,56.0249,97.4132,g
46.1791,22.8542,2.8915,0.238,0.1357,50.401,29.8127,6.8526,81.1581,184.9861,h
77.9716,23.5476,3.2819,0.2497,0.1387,-42.8233,71.6843,18.8116,1.855,297.568,g
21.0039,9.4136,2.4843,0.6557,0.3721,-0.1722,12.1835,6.5381,16.0043,232.436,g
34.7486,19.2286,2.5629,0.3666,0.1984,30.3637,-16.3092,14.3186,1.521,109.445,g
19.2295,11.4438,2.3655,0.5991,0.3039,-10.422,-18.4222,8.9212,24.262,222.838,g
30.0501,11.3184,2.3133,0.3851,0.2222,-18.231,-6.6878,7.9853,30.3143,202.6336,h
87.0114,34.6213,3.3763,0.2392,0.131,5.6917,-44.6859,-20.4095,1.776,343.14,g
50.6311,41.2324,3.261,0.1815,0.1033,-46.0113,26.5791,-23.9657,89.6497,33.6037,h
80.3994,14.9183,2.8445,0.3004,0.1581,36.0787,76.0508,-10.599,5.066,272.617,g
21.9678,11.1386,2.2041,0.5687,0.3344,15.0071,19.0468,3.2381,44.108,170.345,h
18.4693,15.3164,2.3473,0.5348,0.3258,5.5109,-16.1889,-10.2321,8.1312,185.333,g
67.2561,22.7657,3.3872,0.1915,0.0986,54.9154,60.9973,13.4807,4.6353,265.661,g
19.0407,7.4378,2.1414,0.7653,0.4585,2.2155,-7.7496,-3.7858,29.838,177.742,g
13.2962,10.0478,2.2844,0.8104,0.5013,-12.8344,-7.4811,-11.0855,30.9608,225.772,h
17.173,10.9256,2.2718,0.6257,0.3449,3.3638,-8.3055,6.8725,36.721,161.621,g
18.4797,9.5053,2.4265,0.6742,0.4476,18.2082,14.6962,-4.3474,35.1643,240.942,h
29.0414,11.762,2.6015,0.4981,0.2691,40.5198,-19.2335,6.6009,46.79,45.63,h
128.736,31.633,2.7952,0.5064,0.3309,-92.621,-110.63,16.7206,43.513,256.589,g
49.1762,11.7232,3.0357,0.3394,0.2118,10.0006,31.8211,-13.0862,39.6812,237.7258,h
44.2198,25.0746,3.2393,0.2271,0.115,7.3612,29.931,-21.1383,22.582,166.366,g
28.1603,17.0121,2.433,0.417,0.2417,0.2165,-13.741,-13.1735,8.395,198.848,g
25.5642,15.3026,2.5729,0.4786,0.3115,12.544,-15.761,-12.9891,13.3833,178.295,g
65.1314,26.0843,3.345,0.2427,0.1385,-66.5168,32.9514,15.9757,10.7786,295.958,g
28.1079,11.0454,2.5072,0.5505,0.2939,35.4624,17.6704,-10.6457,14.948,165.688,g
24.313,12.0951,2.3874,0.4221,0.2561,-10.0699,-8.7859,-7.1759,7.161,198.646,g
12.8379,11.4207,2.0588,0.7249,0.4148,15.0775,-8.3942,-9.1683,43.833,112.719,g
36.0253,2.3406,2.4401,0.8348,0.539,10.2104,19.3256,1.7938,1.608,371.804,g
47.9828,22.6073,2.9939,0.2099,0.106,11.8885,40.388,-14.6321,7.3372,243.33,g
21.4067,17.2265,2.5894,0.417,0.2432,25.206,10.8867,11.2121,22.817,87.0704,h
21.445,14.1212,2.5647,0.545,0.3229,10.1915,-7.4844,-11.3997,16.629,220.444,g
98.5903,23.9551,3.0894,0.1669,0.0916,92.2141,98.9695,15.6326,0.1561,250.684,g
14.1941,7.6332,2.6509,0.5568,0.3267,5.9472,15.6994,3.4044,40.3325,168.3866,h
31.7445,9.2534,2.4728,0.4815,0.3047,0.7563,15.492,4.2721,34.123,149.41,g
23.0412,18.2981,2.4175,0.4933,0.262,32.1893,-15.2217,15.3199,58.5536,75.0135,g
23.9122,22.0406,2.8642,0.3664,0.1921,22.0462,17.1313,8.2438,10.4948,120.422,g
70.9727,38.4229,3.554,0.1343,0.0686,72.596,72.4627,-34.8934,31.475,206.909,g
91.2684,13.4125,2.9509,0.2598,0.1383,-16.4729,74.1245,-10.498,6.4844,249.345,g
38.4541,25.4536,2.7792,0.2876,0.1505,-19.2437,-24.8564,-26.3569,14.365,115.688,g
37.7811,15.0295,2.6522,0.3653,0.2327,16.7802,36.8285,-7.6542,11.192,262.707,g
39.6726,28.4649,3.2351,0.1769,0.0934,-5.5783,-22.4135,-19.7204,7.553,154.431,g
31.7928,15.0291,2.6772,0.3049,0.1546,-4.5804,23.1162,-9.7153,2.765,152.77,g
305.422,54.9948,3.8903,0.0964,0.053,-368.633,-269.333,-31.6143,13.31,118.386,h
40.5589,26.001,3.0249,0.1898,0.0987,18.1034,-25.6831,-17.9254,18.3581,166.699,g
29.0851,25.0471,2.8404,0.2426,0.1321,4.0515,16.2811,11.5845,16.727,185.537,g
25.591,16.8093,2.618,0.3831,0.194,25.762,21.0808,-9.7021,82.0874,59.8683,g
46.4747,26.2463,2.9093,0.451,0.2877,31.0883,46.2872,-18.634,52.4001,153.742,h
37.3655,20.6959,2.7235,0.31,0.1673,-22.4106,17.9941,-16.2018,61.033,100.993,g
26.6497,18.45,2.6375,0.3295,0.1832,9.3045,-23.3255,-10.756,11.7935,198.647,g
79.2728,14.843,2.6618,0.2723,0.1383,87.9695,76.2804,-11.1655,12.424,248.13,g
21.476,0.0027,2.1156,0.7586,0.4866,-0.9198,7.6359,-0.0001,74.132,216.08,h
49.6629,15.5351,2.6449,0.3647,0.2118,-23.5438,-31.7591,13.0371,0.2947,186.375,g
29.3298,10.5763,2.7843,0.4815,0.3147,27.2723,14.3896,6.0907,37.0391,112.344,h
41.4326,10.3047,2.5447,0.4194,0.2297,-20.0393,-36.0657,7.8495,27.6215,106.01,h
23.8305,8.5612,2.4014,0.6548,0.3988,-26.4887,-10.6839,9.6172,9.3104,213.813,g
27.8546,16.5647,2.882,0.4173,0.2277,-12.7839,-19.3784,9.745,4.1367,213.389,g
97.7222,29.3071,3.8212,0.138,0.0863,-69.7415,76.7612,-8.0848,3.3807,270.704,g
119.5829,25.3453,3.3591,0.3264,0.1766,62.7273,43.521,23.318,29.7244,369.0021,h
67.4425,32.8836,3.5049,0.1335,0.0699,78.1634,61.0923,-27.9646,11.6103,188.403,g
29.2173,16.5646,2.9643,0.3442,0.1808,21.3983,-6.723,7.2892,8.7761,172.188,g
19.087,17.2458,2.6441,0.3899,0.2312,32.2084,17.603,5.6783,48.0699,182.3954,h
21.173,6.9933,2.0846,0.716,0.3909,23.3534,11.8367,6.2475,62.166,172.151,g
18.9658,7.402,2.1414,0.7798,0.4585,-3.1037,8.6013,-3.4053,76.0739,165.641,g
46.5503,21.7313,2.641,0.3131,0.1726,56.6296,42.9528,21.9683,18.7204,245.797,g
192.852,75.9943,3.4438,0.1231,0.0646,-202.948,-115.867,72.8867,60.596,191.365,h
62.3261,18.0596,2.7574,0.3217,0.1705,60.5019,49.8049,7.7899,73.9247,122.613,g
188.5855,59.1796,3.4154,0.2186,0.1283,38.9107,-138.0467,-52.6653,38.1402,323.3087,h
28.3082,12.9431,2.596,0.3828,0.2015,14.4723,15.3343,-7.0111,53.097,177.959,h
48.3912,18.4805,2.9408,0.2659,0.145,20.4114,29.5839,9.544,2.6896,157.832,g
34.2537,11.0576,2.7582,0.4223,0.212,30.0354,-15.498,11.3238,76.958,210.047,h
28.6805,7.9556,2.1847,0.549,0.2843,13.0133,-15.2115,-3.8674,62.941,138.552,h
16.0411,7.1442,2.2999,0.8521,0.614,-2.9404,-7.9366,-6.1496,62.18,203.754,g
29.4741,22.4581,2.6258,0.3077,0.174,18.1242,22.7035,13.1673,48.0364,214.126,g
21.0981,10.0481,2.2989,0.5829,0.3492,-3.3794,15.455,8.6319,66.57,73.1529,g
56.6882,7.2554,2.8804,0.2991,0.1687,42.9379,21.8099,9.4228,41.7694,119.9482,h
32.5268,15.9269,2.4306,0.3451,0.1763,26.3093,12.0743,-7.037,16.728,80.5674,g
20.4531,11.3577,2.3304,0.5888,0.3061,19.9072,19.4341,-10.1197,74.4019,201.641,g
49.3869,19.6787,3.0519,0.2396,0.1247,-30.5663,35.3383,8.5862,5.7179,254.742,g
93.0625,35.6295,3.587,0.1998,0.1207,-49.8679,-60.4177,-13.3153,7.6778,310.108,g
20.0503,7.2266,2.1477,0.7616,0.3879,4.0452,-11.4259,5.2307,4.075,186.949,g
100.4709,42.3421,3.5625,0.1389,0.0473,59.5555,73.8863,-37.9681,25.5453,227.8126,h
31.8025,12.3285,2.3502,0.3929,0.2076,-15.7609,-6.2242,-10.7083,9.822,228.486,g
23.2612,9.4718,2.3201,0.6268,0.3756,27.244,-7.4627,-7.1287,4.383,185.821,g
22.3115,18.1542,2.5711,0.3839,0.2349,24.2233,-8.7335,-13.1112,13.895,157.112,g
73.3506,24.1373,3.4044,0.2396,0.1338,46.351,80.3803,-14.2326,1.0087,291.889,g
25.9087,15.0075,2.6037,0.3935,0.2005,8.2414,15.484,7.6827,89.502,183.491,g
48.5075,34.0415,2.9325,0.3084,0.163,7.6921,-44.8226,-18.737,85.6365,134.393,h
57.6218,32.8825,3.3346,0.1842,0.096,4.6552,51.444,-20.9246,2.673,187.199,g
20.2095,12.6471,2.3043,0.4665,0.2556,-0.9451,8.9677,-9.7643,10.6952,227.206,h
87.7389,35.3331,4.0381,0.1302,0.0735,-25.889,73.8474,21.1174,1.3186,303.323,g
37.2101,21.4865,2.8932,0.312,0.172,2.3956,-14.5867,-10.3813,9.381,187.575,g
21.0639,6.6794,2.1222,0.7623,0.4717,-20.1482,-15.6104,6.1427,50.0938,234.338,g
48.9435,16.1799,2.8957,0.239,0.1291,-13.1139,29.1549,-7.4326,27.591,198.531,h
23.4293,15.0895,2.7513,0.4858,0.2952,10.2046,17.1517,-5.1196,15.311,89.2638,g
16.3134,11.3875,2.3304,0.6168,0.3715,-2.7765,6.1605,-7.3755,9.3001,102.422,g
95.5597,27.2877,3.0519,0.2422,0.1389,95.3006,75.8873,25.3293,0.669,172.864,g
96.4889,21.011,3.0228,0.2334,0.1295,-162.315,86.0683,16.2632,1.765,237.11,g
16.716,12.2787,2.3485,0.6087,0.3319,-7.3265,19.7116,10.2545,66.6151,76.5719,h
29.2028,14.4924,2.5165,0.4049,0.2237,10.2394,17.1625,4.855,49.126,38.4126,g
67.6545,20.5768,3.3532,0.2239,0.1372,51.3668,60.7751,-11.5304,0.4375,238.657,g
33.3534,14.5898,2.7459,0.3465,0.1948,37.7642,-19.5737,-8.9308,12.8374,112.082,g
12.8514,11.4405,2.1569,0.7317,0.4007,-15.137,7.4683,-10.8258,14.6097,196.169,g
39.6409,31.0247,3.0267,0.1693,0.087,-0.4115,29.8386,18.8084,25.219,135.89,g
74.9025,25.0511,3.0028,0.1908,0.1217,92.9118,59.8709,-8.8902,0.745,248.487,g
34.0689,7.3637,2.5781,0.4941,0.255,-27.1523,8.4436,4.1173,87.1904,97.4652,h
55.7546,18.3318,3.1534,0.2705,0.1626,-76.1022,45.9467,14.3961,3.628,285.788,g
63.7616,24.1374,3.1096,0.2712,0.1356,56.2044,57.895,8.1977,3.473,243.311,g
91.2979,51.3509,3.9785,0.135,0.076,-89.8026,39.1916,26.0257,2.007,391.263,g
32.6404,16.1185,2.6642,0.3922,0.2308,15.3614,24.0137,12.2202,25.9867,248.118,g
80.2379,32.4995,3.7361,0.1506,0.077,37.7003,63.4861,-6.4359,1.932,275.424,g
31.8841,13.4964,2.5752,0.4407,0.2786,-7.8235,18.4639,10.9742,77.7712,129.0888,h
46.4868,15.7047,3.0158,0.2816,0.1442,-29.2058,-23.9961,-5.673,1.2932,210.841,g
123.472,25.8712,3.3899,0.2551,0.164,-38.4913,47.8486,-22.3487,10.0505,288.346,h
61.9225,22.5711,3.3825,0.1836,0.0926,0.1718,56.6288,-16.1495,0.0796,182.561,g
85.6655,29.214,3.6516,0.1733,0.0945,-17.9937,72.369,-21.5545,1.8868,321.601,g
12.9516,11.0089,2.3294,0.7307,0.4614,13.9944,-6.9576,-0.4408,27.5273,162.271,h
12.9587,11.287,2.2135,0.7462,0.3945,14.9715,-5.4779,-11.5852,71.829,139.62,g
21.0807,6.8859,2.1508,0.742,0.4276,21.7918,13.8324,6.1605,9.294,230.809,g
91.5247,18.0323,2.8603,0.2966,0.1731,46.9766,92.0575,-12.6335,5.0549,205.349,g
67.8904,32.9046,3.2645,0.1866,0.1047,-96.0978,41.8175,31.1822,18.4779,243.435,g
208.3354,93.3314,4.0836,0.097,0.0434,-177.0198,-281.9541,-64.3965,20.9724,279.2837,h
23.0242,13.2275,2.2188,0.4471,0.2326,-25.6063,-10.429,5.5499,33.4008,210.819,g
24.8264,14.2815,2.4706,0.5821,0.3029,-10.5571,-21.643,8.9713,5.4415,186.324,g
76.6189,22.4543,3.6042,0.1833,0.0932,62.6811,67.2765,12.6811,1.2024,218.214,g
25.8026,11.8657,2.4533,0.3979,0.213,-35.7191,-13.3331,3.955,7.346,131.925,g
47.2951,17.9388,3.0137,0.251,0.141,34.6036,39.9174,-9.2887,9.3398,230.833,g
109.713,27.9993,3.0436,0.2198,0.1199,88.4746,94.8216,-15.3061,2.929,276.164,g
156.192,98.9295,4.5943,0.0442,0.0245,6.5042,-44.1172,-88.7955,70.078,298.593,h
56.8471,17.1351,3.0181,0.2302,0.1281,80.3879,23.9585,-10.2485,22.2377,186.712,g
79.0134,33.7038,3.4223,0.2783,0.1949,-23.2755,61.6814,23.9797,3.1843,306.825,g
20.7835,7.1998,2.0512,0.6844,0.36,-0.2625,4.9374,-6.0148,64.912,242.85,g
24.2223,18.9822,2.4735,0.3529,0.1832,16.1769,-19.5041,5.592,46.617,149.717,g
58.8994,33.1739,3.3875,0.1545,0.0908,-50.7158,-39.1077,-19.6905,61.522,239.537,h
74.3998,28.9861,3.5147,0.2164,0.1218,-34.485,63.2741,19.7265,4.3296,296.273,g
152.9255,112.6234,3.4814,0.1438,0.0586,181.7447,102.5503,-42.6882,67.6091,330.1976,h
117.051,46.0894,3.298,0.2598,0.1377,-160.491,-50.8962,39.2138,40.275,355.352,h
18.201,10.4319,2.2304,0.6118,0.3147,22.7985,10.0788,5.6341,13.241,209.209,g
18.5391,14.1797,2.6518,0.5931,0.3913,-1.6957,14.7808,-7.0801,37.947,181.41,h
42.6783,12.2273,2.6053,0.3151,0.1625,41.9312,23.9444,6.8694,3.129,238.944,g
26.968,8.7522,2.5173,0.5438,0.3681,2.3708,4.2209,-5.7441,29.6483,102.8279,h
25.1687,9.7395,2.375,0.531,0.3266,-19.2167,-22.5091,8.8148,17.1569,106.2838,h
78.3789,31.3958,3.8644,0.1414,0.0747,52.3737,73.7662,16.9368,0.9648,234.79,g
109.8207,42.0889,3.0908,0.2807,0.1294,-20.8404,-98.1219,41.0004,11.9581,366.5993,h
91.7205,47.5454,3.9939,0.1362,0.0687,-52.1311,-54.4754,34.1139,0.982,387.442,g
144.7233,35.266,2.8498,0.303,0.1975,-182.5594,98.6607,-27.6145,22.6646,351.2214,h
21.0232,11.2343,2.2355,0.5872,0.3343,-14.0324,-18.9473,4.5259,79.8933,250.736,g
38.0902,23.3226,3.2331,0.2619,0.1535,30.0035,27.8475,-13.6954,25.6015,78.4666,g
40.6449,13.3364,2.5855,0.387,0.2247,-1.907,-28.9783,9.952,5.7872,232.282,g
17.4409,10.3517,2.3674,0.6352,0.4099,-0.0001,-0.3427,7.7081,35.9057,160.38,g
100.582,21.4883,3.29,0.2579,0.1408,-46.7007,-119.555,-12.8511,37.064,243.424,h
38.5118,25.0634,3.1612,0.2063,0.1073,34.9188,20.7481,-13.8634,3.7331,124.615,g
36.6546,20.3887,2.7899,0.2968,0.1614,-24.0785,-33.0324,-8.6825,59.046,59.1162,g
162.1829,44.8132,2.7339,0.3696,0.1793,-72.7725,-153.1119,-23.274,5.638,332.7235,h
20.4922,16.7137,2.5119,0.3908,0.1985,0.834,5.2387,-8.6593,20.185,119.096,h
30.2099,9.4568,2.6522,0.49,0.3241,-4.7695,20.2562,4.2779,37.396,134.895,h
24.7146,10.1689,2.3757,0.5389,0.3305,9.7469,17.7125,-8.1566,24.9908,170.58,g
63.8905,24.804,3.2921,0.1618,0.0875,-97.0367,43.5165,-10.6512,4.63,233.579,g
101.792,19.2901,3.2609,0.3504,0.1856,-34.933,-55.9212,-6.4543,20.49,347.321,h
44.1035,26.0029,2.7071,0.3219,0.1737,45.6684,-19.9626,-27.9972,87.7994,233.051,h
199.202,39.0903,3.1102,0.2731,0.1765,-181.6276,-178.5816,-17.6091,30.2934,202.944,h
55.0356,42.0449,3.135,0.2191,0.1294,50.7766,35.14,-10.731,72.5768,127.54,h
32.9844,17.0734,2.5647,0.3869,0.2057,45.6145,-22.6128,-9.1443,2.3056,176.512,g
99.0831,85.1111,3.269,0.1485,0.0842,-28.8498,-135.527,-39.7947,11.9085,191.537,h
66.1569,19.6319,3.2564,0.1856,0.1011,42.6061,47.9049,5.61,5.6351,209.001,g
12.7943,11.4884,2.1123,0.7104,0.4131,-15.2398,9.0086,-5.7111,60.835,70.4403,g
22.3934,10.1082,2.3139,0.5728,0.2888,31.1131,-15.0826,-7.6179,47.2156,155.777,g
35.0856,17.7549,2.9217,0.3174,0.1707,5.7032,22.9087,10.1315,19.8801,169.281,g
49.0571,18.3374,2.4459,0.3478,0.1631,43.3567,31.1661,9.9713,0.025,202.8408,h
25.3194,15.9571,2.636,0.4347,0.2208,22.7963,21.7093,12.3131,2.3,140.016,h
29.0856,16.7256,2.7493,0.3954,0.2378,10.661,-17.5067,-8.0813,16.421,139.156,g
18.8932,15.3311,2.4822,0.5239,0.3245,3.915,-16.1011,-9.6919,14.71,170.615,g
18.9129,15.6166,2.301,0.63,0.3175,-25.7378,13.2406,13.9922,47.437,211.013,g
36.7024,18.9061,2.6744,0.3894,0.2444,25.3309,35.8258,15.3319,55.657,148.975,h
18.2835,10.561,2.1553,0.5594,0.2972,23.6206,9.2274,3.6737,26.9047,230.948,g
118.3765,45.5584,3.7139,0.1477,0.0713,-65.7091,-69.4899,-17.2968,51.9268,374.8463,h
21.565,15.4762,2.4594,0.4167,0.2135,28.4107,-7.4089,8.2183,3.896,209.442,g
83.05,30.4017,3.6171,0.2113,0.1221,-25.2927,67.6599,8.5092,0.181,314.937,g
33.681,13.3657,2.5949,0.3609,0.1919,23.7961,23.2017,9.6868,1.126,179.082,g
34.2309,13.5888,2.6785,0.4088,0.2107,-20.7312,-9.3222,6.336,8.344,143.81,g
43.9146,9.9895,2.667,0.4349,0.2422,25.4376,31.7998,6.3155,32.839,101.687,h
27.3898,25.6871,2.9607,0.2868,0.1615,1.8302,-14.7219,11.1832,73.467,18.578,g
108.611,47.9986,3.5237,0.159,0.09,-9.5206,-95.68,-16.1697,17.233,341.987,h
21.3719,12.7783,2.4273,0.4561,0.2299,29.3936,-5.7645,8.0277,10.636,138.613,g
74.6212,30.3664,3.4638,0.1364,0.0699,-32.24,50.3501,-19.2265,0.8905,267.433,g
13.2031,10.7816,2.3375,0.777,0.4253,-14.4527,0.7039,-11.6604,48.284,203.091,h
46.2076,23.1547,3.5464,0.2265,0.1306,13.6893,28.5121,-10.8417,1.516,180.67,g
52.8865,28.4185,3.4486,0.1951,0.1141,22.4652,55.3539,13.3428,12.295,143.605,g
107.508,41.832,3.6121,0.117,0.0653,87.8655,88.203,-36.017,4.5595,254.697,g
28.1067,13.507,2.6585,0.483,0.2426,22.2126,22.8514,9.4438,31.39,193.543,g
21.3846,10.917,2.6161,0.5857,0.3934,15.2618,11.5245,2.8766,2.4229,106.8258,h
20.5716,12.8988,2.3191,0.4508,0.2326,-12.5596,-7.2786,-7.3644,7.464,77.9709,h
36.9453,12.8993,2.5593,0.3531,0.1779,-25.1823,28.5104,4.3445,2.242,154.759,g
43.1205,26.3373,2.9039,0.262,0.1616,-32.4667,34.722,-6.0929,4.712,242.806,h
122.4013,39.4187,3.358,0.191,0.0906,-118.5244,54.496,-44.1854,55.2556,280.5936,h
22.8676,14.53,2.5289,0.4734,0.3003,15.5281,18.3161,10.7833,26.988,155.216,g
42.1289,16.1025,2.4969,0.3121,0.1704,-37.9885,-22.3351,14.4754,12.9801,220.713,g
23.3736,10.7934,2.4526,0.4832,0.2663,8.9849,18.9219,3.391,6.5289,214.57,g
16.6021,8.5853,2.3925,0.6667,0.4014,12.8686,7.1313,-4.6861,29.6895,76.7338,h
33.8329,18.7762,2.76,0.3249,0.1937,-10.3804,-15.9305,13.7306,31.828,144.261,g
20.2236,12.8656,2.3294,0.5012,0.3208,13.3868,15.0593,4.5702,26.8895,108.967,g
14.3892,12.766,2.6194,0.5753,0.3174,-20.6383,-11.9048,-6.5581,60.2567,148.7113,h
114.049,38.2401,3.3595,0.1372,0.0719,-153.441,65.1332,-20.6083,6.526,326.321,g
39.9551,22.8866,3.2417,0.2459,0.1505,13.6739,23.7879,8.4608,7.511,134.214,g
20.6633,7.0348,2.224,0.7522,0.409,-22.0513,-13.0538,5.837,36.1992,39.0858,g
126.029,73.1423,3.3742,0.1496,0.0767,-139.185,44.9656,-93.3485,1.508,189.561,h
45.3582,28.0417,2.7997,0.2331,0.1261,31.2749,25.3396,9.4496,41.4223,252.418,g
198.947,139.436,3.9829,0.0901,0.0475,-173.659,-50.9589,-127.028,66.528,299.096,h
49.1418,26.7335,2.7585,0.3592,0.1874,-70.3353,25.9491,-17.8505,33.825,269.621,h
18.4116,10.5337,2.5694,0.5391,0.2871,-24.2303,-8.4522,-2.6289,26.715,234.499,h
110.122,66.2243,3.8618,0.0811,0.0424,16.2709,92.0877,60.4234,74.6908,264.949,h
15.5071,11.6106,2.3385,0.6422,0.4243,1.4462,2.6585,8.4352,77.7643,149.374,g
84.5714,19.5962,3.238,0.2168,0.1136,5.4504,97.1645,9.914,4.2254,192.529,g
72.9406,18.8261,2.8856,0.1768,0.0869,-17.4145,-91.6845,-17.2689,86.5427,168.7385,h
89.5444,25.6436,3.5707,0.1827,0.0963,-62.2558,80.4365,12.4215,2.459,278.635,g
41.1215,12.8906,2.7247,0.3054,0.1555,37.5939,-5.9903,11.5416,5.2825,173.33,g
52.3507,21.7304,2.8606,0.2564,0.1358,-61.937,-33.1692,-14.3722,5.164,265.753,g
37.289,9.2609,2.8065,0.4309,0.2709,-45.9142,-23.4213,-5.7087,1.6194,141.427,h
42.1221,16.7796,2.766,0.2399,0.1208,13.2481,-17.9692,-12.3212,10.45,196.81,g
20.8382,10.2682,2.3404,0.621,0.3356,4.0453,-15.9238,-2.923,86.8812,222.986,h
187.9041,84.4021,3.7659,0.1355,0.0552,-105.9888,-270.1926,-37.1715,8.5801,345.4294,h
24.5803,0.0,2.0626,0.7359,0.4372,-24.8054,-16.9628,0.0,88.0912,155.971,g
71.6093,20.8942,2.7551,0.3638,0.1819,-31.573,-16.0592,-16.013,6.166,309.411,g
33.5495,23.2246,3.0077,0.2436,0.1302,42.5112,20.2602,-16.9837,37.48,151.747,g
91.3305,32.2972,3.3411,0.1573,0.096,-104.618,-22.1388,-11.9004,1.653,257.152,g
23.6195,21.7005,2.7156,0.3677,0.2166,-3.7176,-17.834,-20.1706,77.2884,177.053,g
41.0393,12.049,2.9396,0.4115,0.267,21.8993,33.6709,-10.5078,16.1705,238.4506,h
20.8855,7.0673,2.2343,0.7289,0.3878,-23.1381,-11.8762,-6.045,8.3002,135.243,g
109.464,52.0891,4.2583,0.0694,0.0374,-13.7409,89.0095,-21.7709,1.8848,315.894,g
20.2015,15.8354,2.5866,0.4637,0.2733,11.1496,13.3197,-9.2966,30.029,209.193,h
12.7269,11.6292,2.0881,0.7102,0.3959,15.5857,-9.1686,8.6589,35.7921,193.58,h
41.0899,13.4468,2.6799,0.2989,0.1641,30.9889,29.2564,-9.0978,5.669,162.433,g
20.0029,12.0316,2.4141,0.5241,0.3064,-0.0942,9.9053,-9.8502,44.832,53.3248,g
25.4324,11.2989,2.6191,0.4591,0.2368,35.7883,-9.5642,9.2598,27.1422,139.644,h
26.1174,22.1306,2.7642,0.3201,0.1609,6.6033,-14.8471,-19.9356,17.3124,243.362,g
35.0726,23.6344,3.0963,0.3351,0.1897,35.9658,32.1458,-12.5197,2.216,263.8434,h
22.8142,8.7151,2.5688,0.6262,0.4629,11.7303,13.9087,-4.0274,21.013,219.46,h
53.1534,17.464,2.946,0.2152,0.1104,-16.4019,26.61,-13.0763,9.259,220.965,g
103.582,30.2095,3.4386,0.1672,0.0898,-36.0433,50.7284,5.567,2.3493,325.697,g
72.926,24.6827,3.363,0.196,0.1051,55.493,59.4025,-18.5071,3.3709,251.882,g
32.8292,21.0823,3.1421,0.2819,0.146,7.5484,32.0291,-5.0925,10.1763,117.168,g
22.0722,10.7539,2.1492,0.539,0.2801,15.7143,17.765,7.6936,6.6616,204.261,h
30.1788,10.6125,2.4771,0.46,0.2383,23.7772,16.4568,-8.6961,80.6957,156.608,h
26.3386,10.9589,2.3918,0.5274,0.2982,-6.3139,-14.9162,10.8198,11.8733,114.856,g
57.999,15.3675,2.4676,0.5826,0.3799,-31.5757,-55.5729,-10.8379,0.2621,206.521,g
60.9884,13.5134,2.4306,0.5492,0.3135,55.9823,54.3714,-15.2843,41.8421,99.6833,h
28.1749,12.494,2.4526,0.3845,0.2099,-14.796,-7.7343,10.2744,22.765,97.1298,g
102.412,29.2227,3.3919,0.1614,0.0809,111.726,88.2692,7.3521,0.046,321.6,g
24.0789,11.8664,2.6294,0.5023,0.2758,9.9897,14.9815,-11.2132,22.926,161.42,g
44.1235,28.9088,3.0154,0.2568,0.1569,-17.7513,-26.6902,17.5798,75.807,122.399,g
111.3867,31.673,3.0933,0.4542,0.2631,-126.0564,-76.0236,19.0331,11.692,343.8999,h
21.929,0.5936,2.1233,0.8067,0.4771,14.269,11.0786,-0.5243,75.6658,179.8449,h
77.5402,21.2192,2.8313,0.3193,0.1332,90.9962,50.232,17.6932,4.9397,129.5025,h
35.725,12.8922,2.5944,0.3664,0.1845,-39.6245,17.4195,7.7751,5.079,215.597,g
32.0521,22.1564,2.6325,0.4033,0.2622,-27.7357,17.8166,-16.0911,70.3212,6.6852,g
47.8916,13.88,2.7482,0.3536,0.2045,-29.3292,-31.0968,11.835,4.6031,179.801,g
49.3887,9.3773,2.8918,0.3746,0.1995,12.5841,33.651,5.4461,22.7965,146.667,h
18.405,10.4112,2.3997,0.5697,0.3127,0.3445,-4.6528,-5.8368,54.28,89.8562,g
22.1955,11.3092,2.4556,0.5744,0.359,3.9717,19.7209,8.3117,36.08,46.6431,h
23.5193,14.4388,2.7176,0.5209,0.2872,-0.5528,26.1,-5.3421,40.5726,235.9756,h
12.3503,12.1401,2.0588,0.6725,0.345,17.018,-10.7105,0.968,0.014,120.941,g
195.5007,23.1589,3.0301,0.2077,0.0977,177.7441,182.673,13.715,9.2168,69.8597,h
32.618,17.9829,2.564,0.4341,0.2678,49.5545,-20.8167,-12.3273,46.9598,219.2849,h
97.3151,28.5147,3.3217,0.1692,0.097,-38.872,80.0073,22.2258,2.984,319.867,g
23.3113,17.6725,2.4409,0.4312,0.2627,-9.3867,-18.9766,-15.0628,82.0579,168.579,g
29.7627,23.3493,3.2034,0.2623,0.1606,8.7653,20.2408,14.5303,0.951,116.309,g
25.4947,23.168,2.3414,0.7062,0.4032,-30.9852,18.599,12.3783,84.7935,394.213,g
59.3471,26.2146,3.7012,0.1683,0.0926,32.8522,45.5091,14.8584,1.29,220.227,g
35.1073,11.3716,2.6981,0.5892,0.3737,-24.5671,-21.4364,12.775,73.454,174.65,h
12.9052,11.3923,2.1477,0.7402,0.3737,15.0231,-3.3364,-11.7382,46.8979,171.876,g
96.5847,37.4755,4.0688,0.0958,0.0512,-52.3417,83.2125,-19.7864,0.846,309.096,g
126.117,48.5558,3.6506,0.1778,0.0987,-113.824,-126.017,-10.2865,28.374,354.091,h
51.4478,17.2338,2.7063,0.2439,0.1268,90.0402,-38.7493,-8.8198,8.1035,168.729,g
81.5522,17.7917,2.5393,0.3776,0.1619,-104.406,33.2864,-15.1269,55.654,235.0356,h
35.8286,16.8952,2.8802,0.307,0.1746,38.7674,17.2509,11.3048,0.472,234.868,g
77.916,25.291,3.4083,0.1882,0.1053,15.3136,59.1094,-17.3955,2.21,260.791,g
13.2362,10.7515,2.1414,0.7798,0.4152,-14.6216,-2.1701,11.7974,85.4646,124.185,g
22.9026,20.599,2.8038,0.3975,0.2364,0.3357,-9.782,-21.4452,39.788,187.344,h
73.1241,24.307,3.4442,0.1902,0.0962,33.8129,77.1818,-13.9368,4.018,273.158,g
29.2258,8.3661,2.2601,0.6154,0.3489,30.7204,22.9136,6.7396,44.9555,163.376,g
72.8669,31.7363,3.5028,0.2193,0.1114,62.6778,60.4856,-23.6438,1.067,300.595,g
45.2961,15.706,2.6459,0.3096,0.1616,46.9584,35.5583,-8.8174,16.594,116.39,g
77.7269,28.5435,3.6814,0.1608,0.0944,-89.29,48.1096,-7.142,5.68,241.255,g
18.8496,16.1203,2.4401,0.5154,0.2632,19.557,18.7867,-9.781,25.809,224.657,g
13.0071,10.8215,2.2188,0.7553,0.4743,-13.6128,5.3116,-8.5435,78.917,194.846,g
115.8125,76.4158,3.7433,0.0661,0.0523,-133.7645,63.6934,-45.5081,4.098,305.6383,h
81.2628,28.5133,3.4766,0.1805,0.0959,-51.9702,70.5703,17.8429,2.206,308.527,g
61.1569,41.665,3.4476,0.1192,0.0633,-6.0782,41.2458,-14.5791,4.004,220.798,h
59.2436,32.2447,3.3509,0.1919,0.1042,50.0462,56.9813,29.7512,66.9673,236.4463,h
83.2182,13.5498,2.7959,0.424,0.2536,115.587,-68.5741,-8.7644,86.0798,196.774,h
66.4899,20.5629,3.2398,0.2378,0.1362,24.7427,62.8737,14.9646,3.6733,212.525,g
106.3012,58.4718,3.1042,0.1385,0.0942,-16.8717,103.0091,-44.0652,67.7405,265.936,h
26.1094,11.2175,2.3856,0.4609,0.2942,9.517,11.3732,2.7544,72.118,31.7084,g
108.727,31.98,3.7864,0.1321,0.0689,87.9487,78.3485,23.1652,2.923,304.032,g
20.547,12.7599,2.3454,0.447,0.2235,1.5328,-9.9032,9.2539,15.1457,157.112,g
30.5634,12.3542,2.5916,0.4661,0.2369,4.2251,-19.3062,10.6886,85.6181,61.0844,g
16.415,12.599,2.5743,0.5914,0.32,17.278,10.7161,-4.9255,5.2563,203.9175,h
94.0524,61.8803,3.3024,0.101,0.0671,-41.6608,-28.3465,4.6336,59.2203,130.1835,h
21.0834,16.5408,2.6015,0.4155,0.219,-27.1121,5.5636,-11.5017,48.7767,106.31,g
113.062,75.0545,3.7601,0.2196,0.1106,-64.1912,-118.451,29.8806,7.3405,438.901,h
26.5432,13.0207,2.5276,0.4837,0.3368,23.6651,24.7528,9.3147,15.15,132.388,g
17.916,10.1641,2.4326,0.604,0.3536,21.6839,8.2643,-2.1832,10.0018,221.9027,h
46.8799,25.764,2.6101,0.3117,0.1779,24.4241,41.2339,-13.5582,10.0863,267.44,g
30.3505,16.9792,2.6551,0.3673,0.2046,38.9004,25.4193,-14.8939,8.379,188.172,g
80.9421,26.7498,3.4904,0.1359,0.0911,-54.2519,-68.6328,-19.5673,79.3674,245.044,h
66.2837,30.9485,3.1909,0.1321,0.0667,-126.321,-34.2382,23.5679,41.382,236.373,h
19.8549,16.1493,2.5441,0.4771,0.2843,17.9082,16.4779,3.4476,20.711,154.233,g
59.7398,13.2616,2.7037,0.3561,0.2087,39.6052,65.1432,-6.4195,6.22,248.268,h
39.0029,17.4096,2.7517,0.2781,0.1408,11.6114,-25.2946,11.6892,8.0864,198.178,g
21.9832,18.564,2.7474,0.4024,0.2368,27.0198,21.959,9.3895,88.5075,90.0599,h
84.034,68.6366,3.5917,0.1572,0.0946,1.2263,63.2498,43.749,9.0247,361.655,h
22.2305,6.6382,2.1351,0.7326,0.3773,-25.4299,-7.5537,-6.7472,24.114,171.808,g
102.576,33.5664,3.824,0.1171,0.059,82.0894,105.216,20.1792,0.1569,201.986,g
75.1978,49.1206,3.3402,0.1316,0.0688,-63.4399,-53.8606,-43.5374,27.139,141.637,h
46.3906,26.0811,3.3427,0.203,0.1292,23.3161,-28.059,19.9546,1.818,180.959,g
51.6228,22.3215,3.3615,0.1931,0.0972,-5.5054,29.5777,11.6289,58.805,71.0521,h
32.0397,12.2173,2.6464,0.3928,0.2201,-8.2516,14.9634,8.6349,68.342,165.942,h
176.672,26.016,2.9474,0.3025,0.2003,-206.639,107.279,12.3957,39.9259,307.333,h
60.8632,25.7877,3.6481,0.1563,0.0831,5.96,19.4953,-9.3097,2.385,201.909,g
12.7041,11.6915,2.1538,0.7158,0.3754,15.4641,-7.4387,11.1111,26.524,62.3132,g
20.5405,13.4527,2.5575,0.5429,0.3033,2.4761,-10.7921,6.0168,34.2189,196.325,g
22.3088,17.7442,2.5688,0.4157,0.2146,11.6974,18.4696,13.6891,67.58,248.777,h
177.777,52.0415,3.0402,0.3181,0.1864,-90.0487,-150.737,51.0727,37.2821,313.671,h
95.0301,44.331,3.9174,0.1385,0.0703,-30.8037,46.9514,31.2559,1.676,343.872,g
59.817,14.838,2.8808,0.3132,0.1678,-110.45,53.9825,12.1712,5.235,289.536,g
91.1582,28.2765,3.505,0.1622,0.0842,22.9766,81.4065,18.6039,0.5,309.169,g
12.4987,11.9659,2.1446,0.6882,0.362,-16.4037,9.9499,8.7031,50.611,121.432,g
29.5008,22.3311,2.5309,0.3622,0.2153,-15.1784,15.9975,5.0788,7.7203,235.5696,h
32.9178,18.5352,2.9251,0.3125,0.1729,-10.6214,-25.9902,7.8666,7.387,229.296,g
47.0589,12.5805,2.7675,0.2938,0.1529,59.694,-25.0953,-9.1615,15.2609,81.9486,g
40.7829,21.4984,3.049,0.2841,0.1487,22.338,24.6948,-11.6005,2.011,177.4,g
85.2939,30.9097,3.6512,0.1237,0.0619,62.5144,74.9125,-17.053,2.4232,229.733,g
51.5958,8.8797,2.8045,0.3561,0.1922,26.5894,-23.7198,10.1686,28.08,206.792,h
28.4434,12.1562,2.4346,0.3787,0.193,24.1115,21.7119,-8.8176,2.976,250.944,g
27.4068,9.8829,2.3086,0.4177,0.2088,36.2978,18.8603,-6.7724,10.3529,192.238,g
12.7622,11.5976,2.3646,0.7214,0.3866,15.3944,-7.7677,10.8729,16.171,239.955,h
16.9286,11.2814,2.4116,0.5736,0.3314,-1.2345,5.8021,6.0007,18.5125,190.039,g
33.9347,10.8862,2.5328,0.4047,0.2155,-25.0369,-23.1659,3.492,0.334,132.907,g
73.5967,26.9708,3.0609,0.2364,0.136,-20.0877,69.9543,-21.7421,11.9305,305.044,g
19.495,16.5029,2.1987,0.5949,0.3386,-25.8612,14.2766,11.2643,27.951,134.714,g
59.1116,22.7716,3.1026,0.1792,0.0936,-9.2463,52.1183,7.7151,10.3354,226.381,g
21.5452,17.1381,2.4698,0.4,0.2186,29.4781,-12.3603,-9.7975,21.2129,62.1253,g
37.7253,16.6038,2.7716,0.2758,0.1497,19.6874,33.9511,7.8238,15.834,256.048,g
43.6124,13.9316,2.6946,0.4182,0.2253,18.0214,35.3,-3.1678,8.058,264.923,h
30.5117,11.0617,2.4014,0.4484,0.2282,-46.0453,20.1266,-9.5436,56.063,44.5039,g
167.404,58.5426,3.254,0.1228,0.0852,-167.8803,-27.4232,43.1089,40.7275,225.1507,h
39.0441,27.4169,3.2453,0.2081,0.1043,31.4041,26.4831,-14.8493,25.577,140.274,g
28.7802,15.2527,2.3927,0.4251,0.2247,29.8074,18.1433,-10.5433,21.3396,164.68,g
36.3453,11.6641,2.721,0.4125,0.2367,22.6339,28.9547,-6.721,58.16,234.293,h
21.4256,10.8762,2.2648,0.5435,0.2745,-6.5049,18.2813,-9.0743,39.8692,180.989,g
44.6944,15.4992,2.78,0.429,0.2605,-18.338,-38.1651,-9.7374,36.465,158.8334,h
19.749,16.2083,2.3086,0.4717,0.2482,21.4372,18.9916,-8.1616,88.1478,206.613,g
61.9812,22.6018,3.3811,0.1738,0.0871,1.7975,51.6405,-12.3232,3.429,240.255,g
26.7604,16.6151,2.5065,0.4829,0.2695,-19.225,-14.5471,8.6584,23.959,128.879,g
35.9418,13.7741,2.4928,0.3525,0.1987,-16.8594,-22.7859,7.2927,73.7816,183.9279,h
21.6479,12.4435,2.2553,0.6389,0.3194,16.4745,5.1288,-10.4277,45.725,47.0268,g
25.4443,19.3463,2.7345,0.2529,0.123,-17.1423,19.9495,10.8856,20.8915,164.2035,h
12.5521,11.8997,2.1156,0.6973,0.364,-15.9732,8.8188,-10.3917,16.706,139.361,g
27.5007,16.7829,2.9836,0.3801,0.2248,12.395,23.8039,6.1622,1.5129,91.7628,g
46.9609,24.6372,3.246,0.1969,0.103,43.7176,28.8646,-9.4719,5.775,149.14,g
30.4077,9.7338,2.3901,0.4562,0.2301,43.327,6.6668,11.7586,38.5799,171.75,h
20.1335,7.3341,2.1599,0.7197,0.3979,-1.244,7.6737,5.4455,57.56,147.567,g
28.0195,11.2982,2.5038,0.4263,0.2147,13.16,-13.012,6.3103,7.994,171.566,g
85.54,37.1281,3.3141,0.1669,0.0879,-2.9802,61.082,30.6979,70.2363,148.2932,h
21.1753,19.073,2.5735,0.5501,0.3244,6.4292,16.7017,-13.972,76.2728,175.262,g
26.9787,13.9285,2.5224,0.4625,0.2568,31.9032,18.0542,-11.3593,72.624,35.0255,g
28.3472,18.5949,2.6839,0.3582,0.1812,-30.1145,-11.714,18.7938,6.959,216.032,g
86.2677,24.8057,3.4229,0.1964,0.1157,-65.865,82.3606,18.1852,2.42,295.415,g
18.9665,7.483,2.3107,0.7384,0.467,-0.3009,3.8817,-3.8068,25.1342,86.0513,g
23.7917,9.0402,2.5048,0.8336,0.4771,12.4407,26.9068,7.7274,17.5103,142.1093,h
32.8971,20.5402,2.776,0.2915,0.1616,-12.6755,-28.6326,-18.419,11.0731,171.038,g
64.8518,18.5073,3.0959,0.2438,0.1504,50.1592,60.1282,14.9929,4.86,232.168,g
20.6393,16.5652,2.4116,0.438,0.2384,-0.9615,6.9154,11.0476,41.187,101.55,g
67.4012,21.5689,3.2579,0.2645,0.1394,-49.7262,54.2919,18.4979,2.729,291.714,g
31.8861,15.6996,2.5145,0.4434,0.2339,18.5376,28.5424,12.9482,19.612,146.454,g
213.6676,42.1084,3.6067,0.1128,0.0838,-202.6464,-128.9566,39.676,15.1733,158.9085,h
49.7923,10.4327,2.9738,0.3579,0.1875,-0.5596,27.6367,-5.1558,45.194,157.462,h
42.4086,12.091,2.6699,0.4189,0.22,-29.0523,-37.0994,11.9963,88.3359,191.8569,h
40.0652,21.3799,2.9811,0.2851,0.1655,18.9428,26.5156,16.5628,18.0501,213.502,g
35.6882,18.0117,2.6794,0.3075,0.1872,-33.1848,-25.6666,13.7746,7.742,149.637,g
115.524,27.1455,3.1543,0.2593,0.148,-172.656,108.1819,8.9205,34.0787,290.8101,h
50.2888,18.2407,2.8407,0.3766,0.2128,39.0495,44.8403,8.2418,39.0638,267.019,g
151.196,51.481,3.5463,0.1751,0.088,39.362,-42.8232,-51.2326,7.2928,275.504,h
21.9585,16.0732,2.5563,0.4444,0.2375,6.9527,8.9352,-7.7108,19.662,220.263,g
71.8513,18.648,2.9393,0.2714,0.1386,52.4806,68.707,15.7506,21.0501,276.77,g
45.397,9.8762,2.872,0.3904,0.2007,6.917,47.6066,-3.6372,29.0002,245.3801,h
47.1228,13.6892,2.5993,0.3799,0.2201,43.32,21.3999,9.4046,13.464,129.532,g
27.8535,14.1388,2.5276,0.3887,0.2062,30.9148,21.2212,-9.0788,5.97,162.561,g
38.7351,18.8849,2.7018,0.3372,0.2017,3.5231,14.4767,7.8217,46.1055,63.1639,h
78.8852,11.1709,2.7412,0.3321,0.1824,-78.9968,59.0032,6.6305,2.6813,262.414,g
26.5592,7.5306,2.2625,0.6339,0.3634,-11.2799,9.7917,-4.739,16.044,199.603,g
18.0345,9.8637,2.3464,0.6486,0.4302,-18.3739,-13.9722,-2.1193,86.9053,135.282,h
19.2814,14.4914,2.3064,0.5235,0.3136,-6.0002,16.7003,0.1864,33.6702,46.8615,g
19.3561,9.3126,2.3054,0.6337,0.4282,19.6809,14.5437,2.9802,18.231,47.9455,g
20.1931,7.0939,2.1569,0.7735,0.4077,21.6152,12.9742,-5.3349,53.202,32.4562,g
85.008,38.2967,3.6225,0.1307,0.0688,-83.8365,72.4125,35.6452,4.6358,258.177,g
101.269,35.5831,3.3899,0.2873,0.1603,-72.5383,-45.6014,30.5279,1.8268,385.738,g
126.529,22.7,2.5315,0.4794,0.2691,-83.1866,-121.589,27.9372,49.284,369.374,h
62.3103,15.0893,2.9936,0.2635,0.1465,-12.4512,23.1942,15.5295,63.3945,143.3132,h
81.8712,40.5124,3.5649,0.2241,0.124,-26.1619,-26.2463,-13.4764,1.825,358.199,g
94.1836,27.4501,3.5029,0.2441,0.1519,-19.7617,40.3463,-18.0331,2.957,310.397,g
39.4245,25.6496,3.2435,0.1792,0.0922,-30.1455,-19.2786,-16.6558,11.1713,159.575,g
25.3582,0.0,2.4771,0.7667,0.415,0.0,0.0,-11.6435,4.9861,156.477,h
48.3126,14.0104,2.6481,0.5029,0.3158,24.5655,30.6659,-3.7856,31.7151,165.2955,h
21.8458,5.9441,2.5471,0.5719,0.3434,-5.6226,7.9599,4.0324,88.938,216.2979,h
34.5351,10.5958,2.6822,0.5039,0.3066,-26.7383,-10.1197,8.0819,13.6956,137.3556,h
84.824,28.5457,3.9152,0.1345,0.0729,90.7248,70.9744,-13.6742,0.919,272.79,g
23.2898,12.6184,2.6107,0.5662,0.3909,17.0016,17.9877,9.4745,11.726,122.28,g
44.2941,9.8286,2.4322,0.61,0.3789,-6.6478,23.3276,12.1353,47.561,352.882,g
31.0771,18.1839,2.7189,0.4355,0.2397,-5.9339,15.2866,14.5833,37.0526,141.625,h
43.2611,13.5934,2.5367,0.5328,0.3374,-26.308,-30.5768,-14.097,23.1995,198.3741,h
27.8664,23.2616,2.7941,0.339,0.1743,-28.4715,11.1398,15.4853,87.4691,181.371,h
29.0153,20.734,2.9521,0.3428,0.1759,7.1935,26.5562,-17.8315,31.796,154.146,g
39.2934,10.5426,2.7738,0.431,0.2803,34.7939,28.1703,-5.6681,23.685,187.108,h
57.3271,23.2931,3.1774,0.1469,0.0734,58.8582,37.4815,-7.1838,5.926,179.803,g
17.8769,10.4992,2.3284,0.6338,0.3169,-22.3722,-10.0872,-6.2975,42.5363,210.229,h
23.7592,17.5794,2.49,0.4822,0.2443,5.8651,23.6746,13.9072,9.3392,84.0178,g
69.4073,19.7331,3.153,0.2014,0.1167,22.164,83.3217,-15.5392,77.0349,153.2177,h
120.443,82.0978,3.478,0.2275,0.1312,-150.198,52.6301,38.7605,9.209,311.406,h
43.7585,20.8924,2.9206,0.2905,0.1519,-23.9941,-35.1911,16.3826,8.3799,211.69,g
13.0526,10.2315,2.2135,0.789,0.5229,12.3499,6.8819,9.2901,47.2633,215.006,g
52.9275,18.7925,3.2695,0.2522,0.1315,26.1708,41.0892,9.2702,3.259,176.435,g
20.7571,7.2035,2.1189,0.692,0.3612,-0.6738,6.7455,-5.9934,1.2268,181.353,g
32.7243,11.9393,2.6325,0.4266,0.2692,20.0343,25.9423,11.1904,54.5812,107.905,h
29.4591,13.9346,2.6232,0.3619,0.1893,1.5087,-16.443,-8.9275,15.514,218.712,g
29.9668,22.4826,2.9159,0.2888,0.1584,17.8351,18.687,-3.6662,7.226,78.379,g
44.7687,21.1617,2.954,0.2879,0.1584,29.0773,44.7158,17.7153,10.7127,166.416,g
34.8491,15.3844,2.7723,0.5087,0.3672,29.797,17.938,8.7939,15.8249,147.3523,h
105.135,53.3001,4.3727,0.0548,0.0292,15.9239,85.2481,-32.5634,1.5862,248.83,g
12.9945,11.0744,2.2516,0.7507,0.4398,-14.3643,6.4843,-10.2405,32.928,205.42,g
23.4266,16.456,2.5786,0.4116,0.2309,3.4962,15.4092,-9.8692,64.324,212.131,g
22.8087,11.1387,2.4574,0.734,0.5133,8.4924,16.6283,-0.6207,41.1069,151.8346,h
70.0891,22.8547,3.178,0.1328,0.0773,39.9608,52.7026,9.046,3.2454,226.962,g
71.3527,17.8546,3.0853,0.1749,0.0932,142.7684,-20.1101,-3.5355,16.6362,155.5068,h
13.1758,9.6014,2.2867,0.8269,0.5504,-11.6405,-9.0779,10.5567,5.341,146.983,g
30.1721,16.8838,2.6902,0.4673,0.2704,8.8759,25.3694,14.03,74.709,229.296,h
29.2823,12.9176,2.4691,0.3701,0.1851,28.5025,16.1177,-7.5543,16.868,232.164,g
26.0427,13.9789,2.4378,0.4234,0.2464,25.5144,21.9824,-7.4869,31.443,205.45,g
29.3854,10.0191,2.2776,0.4749,0.2507,17.073,8.6749,11.82,7.1928,153.614,g
206.199,126.838,3.4925,0.1615,0.0832,-132.594,92.6391,-111.875,35.232,218.962,h
45.4692,28.2858,2.9029,0.2326,0.0946,-23.7861,-12.0953,-23.4547,7.3989,83.3164,h
55.0058,19.5329,3.3413,0.2333,0.1319,26.3947,54.7244,14.2766,0.817,252.719,g
46.3078,22.7493,2.8817,0.2561,0.1333,47.6482,29.7448,-19.2424,7.0274,287.767,g
61.7387,26.1604,3.1075,0.2217,0.1151,62.3235,54.7415,-18.7104,5.861,290.023,g
222.418,14.5959,2.9141,0.2608,0.1408,147.373,216.985,-1.7177,16.884,110.643,h
12.9531,11.0009,2.2822,0.7311,0.4621,13.974,-6.9109,0.4483,69.1684,112.345,g
126.2551,65.3239,3.1988,0.2062,0.0825,11.9538,-64.1497,-40.9078,81.5658,231.8873,h
22.2418,16.4332,2.4216,0.4205,0.2178,23.666,13.0442,7.1902,18.5462,214.975,g
12.8337,11.5004,2.2292,0.7316,0.3805,15.1577,-5.9048,11.5261,9.9252,124.016,g
55.8974,21.1167,3.3867,0.2188,0.1172,13.3262,38.6111,12.3661,10.241,227.379,g
19.6502,9.5579,2.3502,0.5982,0.3192,24.3778,9.1392,4.8182,27.1728,230.51,g
35.5578,7.6307,2.3608,0.5229,0.3159,-28.4409,-25.8171,7.9966,31.498,181.84,g
37.7815,19.2263,2.9172,0.2492,0.147,39.0087,-17.6336,8.2197,2.705,194.672,g
40.0973,21.5047,2.9941,0.2524,0.1343,42.9608,34.3455,-11.4139,0.183,147.843,g
21.9622,12.6187,2.4099,0.6187,0.3132,14.7445,5.6346,-9.9394,70.525,44.5714,g
82.4208,11.5164,2.6826,0.4112,0.2544,-64.8373,27.6817,6.2522,0.0258,276.271,g
47.5061,11.3387,2.8519,0.3812,0.2215,36.7509,39.299,4.7267,21.389,204.276,h
31.8121,15.7493,2.6781,0.3085,0.1543,31.7443,-15.1299,-5.9061,1.1657,110.677,g
50.4186,16.1182,3.1106,0.2419,0.126,-31.9187,-30.4202,11.91,9.691,126.379,g
18.9671,12.7729,2.4417,0.557,0.3165,16.1166,11.5546,-8.1819,31.4965,163.805,g
38.0247,14.7151,2.4921,0.4155,0.2142,12.2975,36.0229,-7.1059,29.1805,86.961,g
25.0027,16.9509,2.5993,0.4403,0.2428,24.6662,-19.3035,10.9009,37.97,231.979,h
50.0599,33.1844,3.3309,0.1316,0.0679,-9.3468,24.0617,-19.394,1.8497,224.842,g
16.8922,5.5166,2.4218,0.8535,0.428,-8.6806,14.0333,-1.5097,80.4352,169.9768,h
17.7523,11.0199,2.4564,0.6993,0.3829,-9.6175,16.1649,3.5628,7.7447,145.617,h
50.8859,18.6005,3.0471,0.3122,0.1575,56.9904,39.5371,-8.4796,3.597,239.736,g
200.656,74.7154,3.0149,0.3362,0.2208,-256.412,131.742,-75.3396,39.7586,307.24,h
93.1431,30.2204,3.9876,0.1239,0.0626,-70.4895,87.663,16.6479,0.4777,291.063,g
187.255,62.7683,3.4443,0.1891,0.1055,-158.202,-152.611,-60.4727,44.665,240.98,h
77.6846,25.5809,3.5455,0.1851,0.0992,70.9997,73.0712,18.2497,3.186,251.291,g
38.8396,16.3343,2.5905,0.3979,0.2169,3.168,-26.0985,-17.5683,6.5413,220.271,g
121.1267,49.543,3.4228,0.2411,0.1531,-92.6607,-123.5993,-40.6349,9.7996,383.5911,h
35.7821,19.222,2.7709,0.461,0.3025,28.0146,35.099,-18.3882,85.3837,139.902,h
42.7638,9.726,2.8759,0.3766,0.2176,32.9855,21.2882,-1.9202,30.3347,49.6155,h
20.121,11.0904,2.2945,0.5685,0.297,8.6478,-18.3841,-9.7232,37.6063,159.089,g
19.0891,16.0585,2.9287,0.4985,0.3659,0.1031,14.3193,-7.1731,22.732,181.272,g
19.9724,9.5513,2.2175,0.5939,0.3242,-24.564,-9.0509,2.64,40.808,207.526,g
30.7238,26.8029,2.9727,0.2694,0.156,3.6902,22.0893,-16.9203,22.799,66.2526,g
18.2899,16.9979,2.4362,0.5165,0.2912,14.9739,13.8627,10.3602,23.367,197.529,g
50.9163,14.3502,2.8205,0.2298,0.1172,40.1935,24.662,8.1326,1.603,236.838,g
26.3861,15.1486,2.7889,0.4163,0.2447,8.0143,21.5488,-9.4032,52.18,211.481,h
16.2895,11.6516,2.3541,0.6062,0.3296,0.7497,-4.3292,-5.2762,8.8466,184.876,g
45.1824,17.6643,2.9457,0.2867,0.1671,20.781,33.8088,-10.0147,5.545,257.257,g
24.9142,11.0858,2.4812,0.4455,0.2323,24.6563,20.0877,1.2165,33.1452,227.2788,h
33.7304,16.1715,2.7593,0.3359,0.1802,23.1036,30.4307,-13.1286,10.213,184.068,g
28.7994,11.9519,2.4216,0.3788,0.1913,40.8022,11.3579,6.4978,0.9082,223.234,g
64.1662,20.4815,3.0195,0.2696,0.1649,29.0729,53.8111,9.4898,3.865,245.561,g
50.1987,27.2441,2.6972,0.4562,0.2326,-9.3634,20.2914,-18.6638,21.9175,345.3173,h
28.239,13.0027,2.5539,0.4553,0.3031,16.4753,11.0485,9.6746,71.8024,234.391,h
104.075,16.9069,2.9479,0.2525,0.1347,71.9554,113.504,-8.154,3.2728,258.102,g
99.4298,31.469,3.6788,0.1689,0.0885,3.2842,72.3269,-27.0359,0.041,343.063,g
21.2664,15.6519,2.7033,0.4812,0.2584,1.585,17.809,15.0612,51.8789,38.7206,g
26.2948,10.401,2.6031,0.5611,0.3254,30.5724,17.1244,-9.279,22.217,243.991,h
42.6872,15.9176,2.8482,0.2298,0.1213,14.1264,-11.6288,10.1532,3.732,238.442,g
95.8184,18.7996,2.6405,0.341,0.1751,-48.9436,-60.6794,15.585,6.415,244.669,g
50.7743,18.7763,3.0743,0.2689,0.158,25.0603,51.1045,12.3973,5.1845,281.517,g
24.3935,14.8408,2.4683,0.4558,0.2466,0.759,20.3433,-4.5302,31.567,207.265,g
16.0779,11.3142,2.3522,0.6489,0.3933,3.7689,-5.8336,-8.109,52.09,43.7205,g
77.8088,24.8816,3.233,0.1901,0.1108,67.6469,77.1651,-10.7477,19.558,201.848,g
22.913,14.5156,2.6299,0.4431,0.2685,-5.6634,-13.5961,-7.7375,18.519,72.4122,g
143.6761,63.4661,3.1758,0.3169,0.2086,-152.436,103.9792,42.9408,36.4825,353.2618,h
113.913,23.3338,3.0699,0.189,0.1052,101.62,110.17,17.038,10.8666,284.747,g
23.963,13.2284,2.3181,0.6527,0.449,17.5492,4.9894,-3.2758,46.8327,150.5387,h
12.9881,10.8743,2.1746,0.7492,0.4716,13.7024,-5.9007,7.8011,57.4381,190.32,g
111.715,48.5447,3.6944,0.1291,0.0676,-189.629,80.4364,-40.3836,12.3077,352.503,h
86.4336,15.5056,3.0974,0.2165,0.1123,11.2629,56.248,10.8925,50.1297,112.132,h
36.254,21.817,3.0249,0.2436,0.1261,-4.6575,-16.3958,11.8976,5.16,209.993,g
114.9085,34.4192,2.9686,0.222,0.1128,166.3728,-97.323,27.726,12.689,26.3525,h
21.2203,6.5774,2.1446,0.7599,0.4839,19.8745,16.07,-6.2487,18.981,155.034,g
28.9049,9.6706,2.5397,0.5253,0.2785,-12.7372,-21.8162,-4.6586,34.599,220.209,h
17.4934,7.4535,2.2292,0.7906,0.5457,-1.1241,-1.162,4.349,15.087,159.278,h
41.7932,20.9993,2.9621,0.2368,0.126,48.4576,11.9051,-12.1405,13.6362,99.4482,g
26.7045,9.9059,2.4807,0.4231,0.2231,14.6508,-17.9119,5.7653,7.055,180.696,g
76.2439,30.8861,2.9478,0.3023,0.1305,-108.0798,35.6813,-29.0323,30.0175,257.5309,h
46.3507,18.0768,3.0999,0.242,0.1448,5.7083,-47.2159,-14.1545,67.3162,234.0607,h
83.9521,46.2262,3.0986,0.1793,0.1032,84.2447,24.9876,-40.2171,63.5203,179.069,h
11.6824,10.6251,2.2997,0.4638,0.2175,29.228,-1.5542,7.3632,64.6832,82.8626,h
63.9685,22.854,3.2172,0.2335,0.1186,43.884,53.6037,4.0015,7.0548,259.933,g
118.747,37.2663,3.8326,0.1126,0.0595,122.516,90.1485,9.1215,3.2776,211.737,g
104.323,68.6842,4.3813,0.083,0.0428,-115.614,67.3795,26.5348,2.8968,340.434,g
21.0158,9.784,2.4081,0.6103,0.2992,7.3593,-6.1056,-4.8425,5.571,167.8082,h
31.0714,17.3221,2.5132,0.4386,0.2439,-36.2307,-16.135,9.6278,52.617,178.159,g
27.8701,22.266,3.1041,0.2526,0.1341,5.6966,-10.3258,6.2291,18.606,133.023,g
22.7264,13.0514,2.2889,0.4422,0.2339,1.4197,-10.9322,-5.6139,25.33,90.935,g
28.6176,18.6998,2.9447,0.3532,0.188,6.3629,25.2265,-11.3296,4.7349,246.171,g
44.3861,20.4092,2.7247,0.262,0.1329,23.3844,38.5473,-10.2673,4.4,219.894,g
31.6582,15.3503,2.4962,0.3509,0.1898,3.4884,19.1343,9.5615,39.136,222.252,g
124.645,77.1222,4.2303,0.0886,0.0443,-45.5278,102.712,45.7916,68.7039,372.226,h
34.8695,9.2518,2.6056,0.4627,0.2445,-13.6702,-23.998,-6.4127,62.0339,148.7149,h
31.7635,11.2963,2.5641,0.3493,0.176,-28.4817,18.3141,-3.8177,16.9799,123.705,g
16.9162,6.1773,2.4445,0.5735,0.3109,6.7067,15.7504,-4.4211,2.3781,102.6537,h
20.22,9.6361,2.2122,0.6196,0.408,3.146,-14.4165,-9.2078,30.0911,84.3675,g
83.2152,30.5765,2.9706,0.2204,0.1161,-95.0571,56.09,25.1687,29.039,283.383,h
20.3441,12.9464,2.3233,0.4988,0.3159,13.1511,14.0938,2.9453,66.21,124.357,g
59.8482,34.0838,3.0513,0.2266,0.1195,-2.8265,-41.0352,12.5443,3.5809,283.908,g
23.6678,0.0001,2.1629,0.7148,0.3746,0.0,-0.0001,-10.8913,81.1385,168.663,g
86.3454,31.682,3.4011,0.2621,0.1448,8.8598,58.8187,-29.8343,7.0441,372.642,g
59.975,26.4656,3.2067,0.2628,0.1687,-54.284,49.6809,-13.4335,13.157,287.1,g
44.9285,10.8788,2.5635,0.3388,0.179,44.1868,40.4556,-5.1639,9.988,207.482,h
45.7526,17.9873,2.7519,0.2899,0.1458,-8.7904,-8.2795,-12.2947,1.1401,156.4013,h
70.4188,27.2113,2.6238,0.3948,0.2295,-78.9582,-21.8642,11.3134,13.734,319.286,g
33.0859,17.6588,2.5168,0.4467,0.2373,14.3263,14.6533,-6.2516,44.9363,197.2508,h
28.5635,17.5002,2.5403,0.464,0.2637,3.6283,-19.3316,13.8962,70.517,139.061,h
201.3999,145.8588,3.463,0.1076,0.0599,-21.8528,-219.992,163.2697,72.8814,307.7284,h
19.9784,11.9517,2.2833,0.6406,0.3932,10.4143,20.3829,3.8522,80.0895,155.076,g
20.6747,7.2118,2.1055,0.7059,0.3647,-1.3925,8.5221,-5.9231,46.066,150.835,g
37.2195,10.3329,2.4141,0.5588,0.3449,-23.3326,-21.4781,-8.1819,11.386,187.722,g
70.9368,64.3401,3.1927,0.1874,0.094,-117.764,60.5988,-45.2821,20.611,310.618,h
84.5375,31.1777,3.4894,0.1478,0.0744,21.4084,68.4071,4.6755,6.7811,239.04,g
24.9971,12.5645,2.49,0.3819,0.2055,-21.7143,-5.9541,7.0785,14.1145,168.869,g
38.3764,13.4924,2.4609,0.4533,0.2439,-38.1513,30.7856,-8.3981,9.201,237.578,g
35.8316,11.1439,2.5205,0.3922,0.2398,20.3968,25.6027,-8.1048,0.059,127.905,g
67.2381,23.3964,3.107,0.2571,0.1356,-64.0668,48.9179,18.5981,6.5364,267.672,g
44.7661,19.7337,2.8092,0.3801,0.2242,30.5613,50.1993,9.2919,77.6086,229.451,h
27.6894,11.8456,2.4332,0.5915,0.3272,-22.413,13.7033,4.6184,28.6542,125.9291,h
20.4623,7.274,2.0394,0.7032,0.379,0.8144,-6.9468,5.7574,78.8874,146.763,g
22.6563,12.3945,2.3274,0.4847,0.2518,-27.9327,-12.9189,10.4809,69.395,159.159,g
30.6055,23.4985,2.8407,0.2857,0.1465,39.7555,21.5547,21.5769,7.5782,142.221,g
26.9187,8.1612,2.2601,0.6264,0.3874,-14.2611,-20.1555,-6.4586,76.9508,186.649,g
19.3627,7.4401,2.0737,0.7426,0.443,1.2864,-6.8666,4.4826,60.349,111.753,g
74.2173,30.7469,3.2718,0.2211,0.1054,1.5308,-58.824,-25.945,60.9658,192.8054,h
22.6387,16.4443,2.415,0.4769,0.2942,-6.7748,-18.2676,15.2394,52.38,182.571,g
80.6253,27.1587,3.1872,0.193,0.101,51.5156,68.8006,-12.3509,1.804,307.818,g
45.4177,24.4525,3.237,0.2358,0.1191,21.0825,23.2203,19.2448,4.526,260.518,g
137.425,65.6188,3.5814,0.2179,0.138,83.8946,-75.7233,-54.1728,56.069,396.926,h
21.7375,6.6071,2.1746,0.7291,0.4515,21.617,14.7249,-6.5268,8.734,100.004,g
64.5569,12.6296,2.658,0.3956,0.2099,41.4269,66.4731,1.7769,1.1676,191.294,g
143.4058,38.5507,3.0354,0.1446,0.0775,-86.4165,-23.8717,-19.1245,72.9147,30.5605,h
35.1728,28.8254,2.8724,0.2871,0.1791,22.1049,21.8924,-21.9609,28.8991,122.023,g
25.9722,22.4209,2.3683,0.7495,0.409,29.6476,-11.9129,22.694,15.733,361.282,g
17.8663,10.0635,2.4031,0.6482,0.413,18.7946,13.3886,3.5509,23.3338,76.7357,g
125.3126,52.8582,3.2575,0.0485,0.0445,105.8818,99.0729,-41.2018,43.1269,143.5627,h
53.4968,11.4443,2.9143,0.3788,0.1955,6.0254,43.7832,9.6982,15.409,217.087,h
13.4531,10.3005,2.3375,0.8046,0.4115,-14.8165,-3.3077,11.8799,23.934,146.809,g
25.7334,16.1706,2.7316,0.4527,0.2792,6.2344,22.7043,-0.9389,49.1483,67.7852,g
30.1291,20.7916,2.7037,0.3185,0.1592,18.561,-21.6917,-12.3915,1.7477,200.989,g
15.166,11.7786,2.4116,0.6589,0.4322,0.7063,3.0524,-8.5378,61.787,114.63,g
54.4375,32.7823,3.1174,0.1557,0.0797,56.8326,12.2947,16.1308,2.6399,144.71,g
72.7337,25.2033,3.2394,0.2172,0.1103,-48.4876,33.95,-4.8831,3.4835,293.046,g
79.1032,22.0839,3.0665,0.26,0.1308,-73.7375,56.1072,19.6654,8.208,254.657,g
28.7242,12.3564,2.6839,0.4244,0.2288,20.5459,16.5567,8.8287,13.962,125.408,g
30.7181,12.8074,2.4479,0.3565,0.1872,40.5432,18.625,8.8148,32.599,66.5004,g
17.2445,7.4261,2.224,0.8,0.5582,-1.334,-3.5163,-4.7237,25.805,145.839,g
22.6085,14.8622,2.5966,0.5342,0.3354,7.0046,22.016,12.7352,54.041,193.957,h
143.398,74.0648,3.4006,0.1344,0.0714,-207.044,-69.5873,106.034,50.859,184.564,h
42.1812,8.9408,2.7645,0.3577,0.1849,36.5125,-15.2216,-5.153,26.4708,104.508,h
110.815,19.4037,3.0588,0.1782,0.1009,-191.638,77.0631,-8.5572,1.7722,266.675,g
22.052,20.3024,2.596,0.4208,0.2548,-13.6526,13.417,-7.6306,7.2463,226.012,h
126.4411,97.2485,4.0199,0.0658,0.0397,-104.2694,62.9013,6.2249,88.2836,334.3687,h
45.9781,23.3336,3.2887,0.2006,0.1016,16.1487,41.3144,-18.7149,3.1102,151.55,g
62.1358,23.9629,3.5289,0.1994,0.1037,-6.6618,53.8253,12.2056,1.797,219.94,g
21.283,6.4967,2.1717,0.7609,0.4949,19.5499,16.4665,-6.2893,10.167,97.8958,g
37.2741,10.2834,2.636,0.3884,0.1977,20.9504,24.233,7.5941,56.033,169.491,h
25.2208,0.0,2.0952,0.7068,0.3574,0.0,0.0,-6.24,29.9003,119.88,g
63.1451,20.0494,2.8555,0.2301,0.1332,5.8427,-30.8421,9.1234,10.179,222.1,g
42.2579,14.4969,2.8454,0.354,0.1877,-45.5432,-35.3034,11.2349,4.1593,211.327,g
45.8894,15.7069,2.4065,0.4,0.2059,-48.0214,22.4139,-9.317,1.7371,227.008,g
94.8313,49.7996,3.2971,0.283,0.2021,15.8057,93.8261,47.0831,26.0542,358.279,g
22.1774,6.6565,2.1189,0.73,0.384,-25.0282,-9.0378,-6.7297,52.7541,88.5302,g
33.2173,15.1327,2.5729,0.4465,0.234,47.0927,-18.4023,10.2478,13.1609,123.628,g
22.9119,11.0487,2.4141,0.5549,0.368,11.323,20.5943,8.1363,3.104,90.5559,g
87.5886,35.4168,3.1108,0.2239,0.1166,-50.6007,32.1032,31.0828,48.6116,264.632,h
41.658,14.2577,2.5695,0.3673,0.2081,4.1599,38.6242,8.0686,51.8428,228.2805,h
180.999,58.4085,3.4596,0.2384,0.1279,37.3876,-133.415,-55.9981,41.742,316.482,h
101.8,53.5629,4.181,0.079,0.041,-126.636,67.1348,33.0054,4.695,305.441,g
51.9989,18.7027,2.6508,0.3374,0.2112,-19.9602,-46.4491,9.6407,11.322,169.348,g
18.809,11.1305,2.5496,0.6037,0.4245,0.5645,-3.0608,11.8176,75.574,222.591,h
21.1376,7.0219,2.2188,0.713,0.3837,23.6118,11.3923,-6.2296,34.906,158.878,g
29.8253,10.5662,2.6721,0.4319,0.25,-18.7232,18.7914,-9.1168,51.662,200.773,h
19.9314,12.3376,2.4417,0.4955,0.2984,1.4357,-8.8626,10.7326,39.732,137.45,g
13.0616,10.7178,2.1319,0.7675,0.476,-13.5145,3.2992,9.7846,43.25,258.764,g
17.1942,15.5105,2.2695,0.6344,0.4005,-1.1558,-12.8796,14.946,64.1895,214.566,g
44.5834,21.4692,2.6222,0.2458,0.1277,-22.7255,-23.874,15.0791,16.8631,140.315,g
25.7704,16.3101,2.1869,0.3957,0.2207,33.8596,-20.3249,-11.448,78.7981,41.2222,h
77.8119,21.4921,2.676,0.2972,0.1566,14.0004,56.1701,-9.6653,69.6702,197.0562,h
48.3669,23.1997,3.4368,0.1737,0.0872,32.9294,11.2721,-9.8737,1.99,170.27,g
64.0218,25.0722,3.4972,0.1801,0.1039,-71.4549,38.5772,-11.7093,3.96,258.743,g
21.6496,11.553,2.3646,0.5313,0.27,-2.0157,10.5137,-11.6214,89.6251,111.015,g
56.9381,24.8697,3.1612,0.2898,0.1487,-47.4213,18.1846,6.3902,2.1358,279.862,g
26.5934,15.2959,2.2844,0.4364,0.2312,4.7208,10.5441,-13.1072,1.663,220.371,h
54.9761,12.1803,2.7372,0.3004,0.1566,-98.5735,43.8277,5.774,0.276,231.883,g
54.2633,9.2535,2.4125,0.5841,0.3308,20.8476,29.631,-7.9085,11.112,289.514,g
29.5142,16.6237,2.7267,0.3377,0.2242,4.9525,-8.3571,6.7852,16.5815,187.474,g
103.4757,58.4407,3.7535,0.1131,0.0501,-28.2547,-91.3545,46.1333,3.7635,29.5948,h
32.5053,16.5006,2.7943,0.3352,0.2444,19.2585,23.901,7.7135,6.4812,161.8442,h
13.4592,10.0133,2.2055,0.8162,0.4704,-13.5799,-6.8066,11.5805,17.4488,116.823,g
13.4634,0.1748,2.1941,0.7456,0.423,0.6513,8.3107,-1.762,86.163,138.0456,h
19.9364,15.6588,2.6212,0.4569,0.238,-24.037,-15.7704,3.1691,3.1526,221.526,g
35.6033,12.9944,2.3253,0.4634,0.2388,-33.4441,-11.8136,8.1807,0.98,204.434,g
24.7797,13.147,2.5185,0.5152,0.2985,-15.3039,-10.2143,12.8097,80.7402,183.76,h
27.1345,19.0654,2.7578,0.4559,0.2332,16.2612,23.4228,18.5581,69.6684,240.234,h
43.3563,11.4175,2.7392,0.3482,0.2179,-18.2254,36.8009,5.6819,64.94,99.0768,h
20.0961,7.1571,2.1089,0.7704,0.393,22.0709,12.3311,5.24,37.783,98.7046,g
31.4932,17.9121,2.7097,0.3122,0.1649,-30.576,19.6037,12.8331,19.0525,206.032,g
20.2951,7.2298,2.1156,0.7433,0.3793,-3.1951,10.8325,5.5408,33.3381,188.921,g
40.9467,18.6686,2.8633,0.3151,0.1884,21.2334,38.4813,-6.4606,41.3483,139.811,g
37.4436,9.9618,2.6615,0.4322,0.2619,12.0305,19.1761,1.0944,44.1759,204.1767,h
23.9171,18.1469,2.6222,0.4347,0.2735,15.9618,17.364,-7.0409,49.1736,139.3916,h
18.5415,16.8608,2.5185,0.4424,0.2409,7.0053,-12.7647,-7.7187,10.326,167.646,g
39.8065,19.2463,3.0251,0.2671,0.1449,17.2942,-16.0502,6.5527,8.9132,215.227,g
113.979,26.484,3.3606,0.1478,0.0748,-82.3058,-115.619,15.7503,84.7169,231.198,h
90.2687,47.6937,3.4328,0.122,0.0534,3.3522,-81.2962,35.8926,70.0625,82.9808,h
103.407,64.4265,4.1762,0.0668,0.0349,-0.7411,64.3895,49.2008,74.192,159.135,h
22.7217,19.7887,2.6112,0.4162,0.2142,3.9765,12.318,11.5767,39.6495,161.735,g
13.0965,10.6153,2.1599,0.7751,0.481,-13.3696,-3.7041,10.1351,66.481,212.475,g
22.363,11.6285,2.4793,0.5937,0.3566,9.8142,21.2192,6.689,38.9391,148.678,h
73.0165,41.3083,3.77,0.1454,0.0864,45.0334,93.3717,22.1912,9.487,96.3426,g
21.6367,10.7785,2.5192,0.5688,0.3041,13.5325,-16.1441,7.3029,69.7619,119.687,h
57.957,33.8255,3.0191,0.2822,0.1364,-27.9614,-54.4281,-16.2362,84.2708,134.1741,h
18.2467,10.5542,2.1703,0.5541,0.3074,0.0002,0.2587,5.6598,76.9045,229.342,g
58.9884,29.6335,2.7255,0.2653,0.1515,-54.9837,-52.5825,-13.1407,12.3224,215.724,g
25.1866,16.6027,2.5447,0.485,0.2981,14.0223,-12.7892,9.8892,3.873,194.373,g
24.8622,10.91,2.3589,0.4989,0.2516,7.1814,19.7892,-4.7764,11.0008,153.534,h
64.5788,21.3742,3.343,0.1621,0.0878,55.9987,51.3954,-12.4164,0.209,205.935,g
24.485,14.9847,2.8041,0.4006,0.2504,-19.757,-4.2388,-2.7079,88.5959,238.4594,h
53.2359,21.0305,3.1207,0.2067,0.1094,22.2163,34.5252,-11.9021,6.1069,216.989,g
25.0728,0.0,2.081,0.7054,0.3942,27.5103,13.5173,-0.0001,0.0003,177.51,g
31.5005,10.8628,2.6191,0.4447,0.2584,-20.0983,-17.5151,-7.1259,31.413,194.368,g
38.7068,19.8195,3.1494,0.2715,0.14,22.6209,27.3696,16.3522,11.295,206.449,g
19.7768,11.367,2.4133,0.7413,0.4537,-12.2415,-14.1178,11.7474,65.002,240.194,h
85.0908,21.8638,3.3523,0.1706,0.1024,-83.0028,59.2178,-9.9476,0.4645,277.977,g
12.6382,11.7899,2.2492,0.7099,0.3577,-15.1386,4.4607,11.4721,67.6997,213.918,g
17.2028,11.2223,2.4579,0.561,0.2979,0.6612,-5.1201,4.3175,89.7035,194.478,g
168.068,78.9017,3.5081,0.2328,0.1277,-34.0749,-107.986,-49.9455,66.182,320.589,h
28.0883,6.8084,2.2504,0.5899,0.3174,-7.7092,-17.4113,-2.8594,27.549,146.596,g
20.6036,8.0127,2.4728,0.6869,0.436,3.4746,-13.6162,10.3856,35.442,83.7151,h
17.8316,10.6337,2.3424,0.6136,0.3205,3.036,-9.0233,6.2132,46.4513,150.953,g
41.375,12.9089,2.8848,0.3077,0.1545,-18.7597,27.2196,-3.137,1.0421,237.065,g
23.7596,12.7832,2.4166,0.4138,0.2165,19.7897,9.7047,-6.3009,52.4475,160.8,g
40.0059,18.2218,2.9101,0.278,0.1691,22.4953,15.8917,-2.6572,4.611,201.515,g
55.8038,19.5462,2.8162,0.3817,0.2008,0.4718,-57.7074,-13.528,80.3933,167.383,h
51.6406,22.7532,2.7139,0.3227,0.1652,23.5217,40.3722,8.5649,15.3487,279.069,g
48.4923,35.2073,3.6612,0.1643,0.0852,15.5148,28.1506,-27.8942,5.684,65.9426,g
20.8299,12.9669,2.3334,0.4965,0.2622,15.7452,8.4718,-2.2807,2.799,135.771,g
102.4248,41.218,3.682,0.2401,0.1405,-61.1356,-97.2341,9.2253,18.4728,340.8171,h
46.3522,21.7526,3.0588,0.221,0.1236,12.4614,-15.273,-2.8652,4.0395,170.935,g
42.0911,31.0862,2.8278,0.1726,0.1212,39.4377,32.822,-21.5423,71.3772,247.1991,h
44.3534,21.5914,2.9332,0.2997,0.1778,0.7201,24.9784,-15.2716,0.288,159.466,g
15.765,11.6365,2.2648,0.6304,0.3995,-1.2639,3.0816,7.8491,31.9616,278.349,g
25.6568,11.7431,2.5944,0.4249,0.215,34.2181,17.2466,-5.1048,26.3933,219.566,g
19.6403,17.0921,2.5416,0.4483,0.2859,-6.8181,-14.0385,-11.1424,4.0536,140.546,g
11.6341,9.2012,2.3017,0.8239,0.4821,-9.5585,-12.541,-9.8116,51.8845,128.1919,h
27.4041,17.2999,2.6835,0.3731,0.2518,0.9058,17.9254,10.4246,6.4733,227.397,g
72.4762,61.65,3.1204,0.1449,0.0791,2.7104,-26.8392,-70.6845,84.8187,154.1564,h
13.1252,9.6598,2.2889,0.8226,0.5527,11.5797,8.9799,-10.3364,32.286,148.092,h
28.2991,15.9104,2.5099,0.4328,0.2674,10.359,20.9342,9.0421,1.8931,118.268,g
82.258,24.8821,3.321,0.159,0.0833,38.6357,89.8179,-15.4092,10.429,270.598,g
126.609,41.9329,3.461,0.2103,0.1233,-129.054,-120.058,-15.7828,29.6115,369.928,h
119.781,64.5416,3.6206,0.081,0.0423,-84.6566,-56.4028,21.8644,22.611,256.504,h
68.222,13.291,2.8179,0.3513,0.2137,54.4541,66.8235,-9.323,8.2019,240.263,g
13.0046,10.9848,2.1189,0.7529,0.4525,-14.1025,6.2012,9.7395,70.6543,175.459,h
23.555,14.1463,2.5403,0.4467,0.2666,10.4507,-10.3062,-12.7198,77.558,161.566,h
94.6984,18.5091,2.8189,0.2792,0.1586,-147.426,67.7843,-9.0978,5.866,233.889,g
19.4335,16.7343,2.658,0.4418,0.2714,14.1842,14.5431,13.968,82.9906,140.255,h
38.3688,15.7524,2.9501,0.3298,0.1789,9.5988,31.0955,7.6056,3.764,158.301,g
164.8907,48.9917,3.5088,0.1682,0.0684,-160.4082,-93.0315,-44.3776,70.847,259.4162,h
12.7309,11.6572,2.0774,0.7197,0.3724,15.309,-6.4504,-11.3955,36.458,190.893,g
39.5023,10.4801,2.5334,0.4129,0.2796,45.1525,27.8194,6.8898,41.692,237.537,h
55.1773,9.0773,2.6937,0.3725,0.2196,-73.5428,-19.0002,2.5931,8.473,137.385,g
30.2844,14.2297,2.7292,0.3993,0.2062,11.3609,24.8447,-7.1478,3.1825,61.0088,g
17.7773,7.4844,2.1746,0.7692,0.5318,0.2112,-1.9332,-3.7702,51.74,125.306,g
101.542,20.1867,3.2626,0.431,0.2319,-57.9937,-73.5207,-24.8057,15.5822,384.412,h
27.0631,9.8894,2.3233,0.4371,0.2209,-41.1647,17.1037,-6.4295,59.5071,95.7948,g
121.847,68.8078,3.7703,0.1867,0.106,11.8583,-134.517,57.216,60.0705,313.962,h
29.8998,21.1505,2.8943,0.2742,0.1397,-1.8965,-20.03,-9.2186,11.9637,167.174,g
40.1086,26.9217,2.9841,0.247,0.1245,40.6746,34.4839,-21.3225,27.9324,208.4928,h
145.4748,39.2394,2.895,0.2497,0.1536,98.7089,159.0491,-29.9708,20.6622,157.6303,h
78.5422,23.2372,2.6376,0.3207,0.1772,67.4694,72.5137,-11.0667,6.6241,140.8777,h
48.931,23.5226,3.0257,0.2008,0.1013,-5.2684,42.3038,14.9869,1.4587,256.229,g
94.772,30.7871,3.5949,0.105,0.0527,18.7028,85.4046,17.1236,4.109,200.597,g
72.6804,52.0129,3.1307,0.1984,0.1208,-23.5856,32.8912,18.7076,85.3932,279.5363,h
40.4392,16.356,2.6716,0.2748,0.1395,57.0609,24.582,-11.2503,13.8,190.253,g
117.092,59.0426,4.3359,0.0683,0.036,41.5273,101.324,26.0315,1.7267,279.212,g
189.929,50.5583,3.3401,0.1165,0.061,-76.923,-177.862,-29.4325,62.1475,85.3518,h
66.1975,24.7449,3.056,0.2426,0.1218,-105.688,34.9757,19.3646,7.5637,223.704,g
249.996,104.416,3.5453,0.1299,0.0657,-295.404,-174.45,-90.2463,10.3775,128.671,h
24.6829,8.8025,2.4417,0.4431,0.2583,34.2271,-17.9715,-11.4317,68.5378,78.14,h
37.7037,15.8391,2.7585,0.3784,0.1997,17.3708,23.4775,-10.6879,2.2764,154.653,g
22.8384,13.7628,2.5231,0.4888,0.3313,5.9665,15.5594,9.521,4.078,188.116,g
57.7473,11.3677,3.0812,0.282,0.1464,24.3892,35.8005,6.2674,25.3002,129.085,h
21.099,15.7969,2.5366,0.4709,0.2805,-11.8921,-14.2576,-10.12,77.795,95.5617,g
98.9042,20.7034,2.8756,0.2517,0.1378,-102.368,89.134,-13.3961,14.5582,231.659,g
13.1297,10.4188,2.437,0.7861,0.4954,13.0041,5.8187,-10.2744,17.901,195.466,h
43.2269,23.174,2.9743,0.2164,0.1141,47.9553,35.3128,10.3147,26.0548,282.843,g
183.8082,68.4175,3.482,0.1972,0.1032,-149.8122,-161.7404,-49.7247,54.4669,333.5108,h
21.2491,7.3014,2.5881,0.7113,0.4235,13.8611,13.8632,9.5248,45.7701,220.6692,h
31.0848,11.3446,2.5029,0.6444,0.4752,27.0131,29.7864,-6.1599,45.0838,159.1431,h
26.4671,18.2015,2.5826,0.4183,0.2105,-0.3083,21.9674,13.9648,73.0349,71.9308,g
58.9828,34.7276,3.5862,0.1673,0.0838,27.5819,48.1584,18.614,16.8359,219.022,h
20.1333,9.3536,2.2945,0.6345,0.4239,-2.8223,13.9261,9.61,72.8171,153.137,g
29.1556,12.5696,2.5441,0.5257,0.27,-9.3565,21.4041,10.0929,1.925,216.048,g
36.3453,11.6641,2.721,0.4125,0.2367,22.6339,28.9547,-6.721,58.16,234.293,h
19.4204,6.6496,2.2893,0.7044,0.3957,-19.0659,-11.1689,-7.4771,46.9609,142.9199,h
22.2996,6.605,2.2082,0.7368,0.3746,25.67,6.2692,-6.767,3.2088,207.818,g
46.4395,17.6549,2.8879,0.2485,0.1366,45.5238,35.6056,-8.1566,2.4723,200.269,g
90.5566,31.2819,3.5124,0.2001,0.1292,-30.207,66.9714,16.0473,1.9149,331.586,g
21.069,7.0995,2.1629,0.6942,0.354,-24.8103,-8.9313,6.2037,88.7848,249.9,g
44.0647,23.4518,2.934,0.2584,0.1356,-5.3367,35.4201,20.421,6.518,290.884,g
91.5802,45.9377,3.9373,0.1465,0.0742,-73.4109,39.3141,-35.1614,8.5405,384.652,g
44.5906,13.1451,2.8915,0.3055,0.1547,10.6781,-8.0974,-7.145,0.706,192.935,g
74.8027,20.1792,2.8379,0.2338,0.1256,-90.4185,61.2956,15.233,0.501,239.977,g
45.9832,21.4123,2.9325,0.2734,0.1408,-4.4598,40.5153,18.8747,15.1333,187.894,g
24.7592,12.2102,2.5944,0.43,0.243,11.8064,10.4869,5.0697,7.219,159.861,h
44.5611,10.5288,2.8724,0.3635,0.1818,-25.9057,18.7745,6.2155,46.396,103.103,h
20.6018,12.8221,2.4273,0.4224,0.2112,16.2739,-4.2368,8.6716,74.837,68.8021,g
26.0169,11.9642,2.4807,0.5256,0.2992,27.9922,22.1867,-10.5129,29.352,176.426,h
126.5899,24.3644,3.2131,0.2186,0.0958,54.7354,71.0188,-16.3862,32.5813,106.2486,h
19.4598,12.4866,2.4401,0.5299,0.2668,18.4622,11.9721,-6.0887,23.3361,203.769,g
37.1028,16.6473,2.4735,0.4168,0.2269,-3.5985,31.1018,-11.808,71.6362,80.1942,h
56.8011,25.2185,3.5661,0.1651,0.1033,13.9685,47.6896,14.7352,8.732,200.659,g
22.4868,10.2285,2.4241,0.6139,0.3145,13.4286,16.5919,-8.0406,5.507,194.343,g
28.0462,15.1104,2.7218,0.334,0.1679,-26.7313,-14.8064,6.3765,26.6013,197.445,g
20.6824,7.2216,2.055,0.696,0.3656,-0.7822,7.0295,-5.9361,23.4492,140.246,g
36.6832,8.011,2.5614,0.6975,0.4471,1.1354,27.7575,9.5859,24.6982,198.9708,h
59.0912,8.6399,2.2967,0.5606,0.2955,-70.4322,24.5426,-4.0434,8.94,169.925,g
18.7091,10.3988,2.1931,0.5192,0.2724,-25.3147,-6.2981,2.6795,0.091,182.532,g
19.1962,7.2453,2.6031,0.7656,0.6172,13.8052,19.1667,-1.4198,29.2578,251.85,h
44.1086,16.454,2.954,0.2813,0.1595,8.0586,22.757,11.0314,0.677,187.947,g
22.7269,10.0862,2.2148,0.5671,0.2957,31.189,-15.109,8.3771,8.681,90.7996,g
45.9494,15.0612,2.7727,0.4034,0.2118,21.6981,37.3562,8.8865,14.367,199.806,g
60.4957,17.6753,2.938,0.1753,0.0894,31.3257,-15.9801,14.4117,15.639,113.182,g
38.5054,20.5728,3.0434,0.2371,0.1235,-10.5779,28.694,-8.6808,18.3976,146.372,g
29.7598,10.987,2.5315,0.4353,0.2485,9.9874,22.557,9.6102,38.4602,65.1465,g
24.4245,13.3525,2.3212,0.5298,0.3174,14.0193,14.0115,-11.3146,9.092,152.057,g
20.2693,10.7374,2.4757,0.6154,0.3227,-20.4134,-18.5614,-10.9732,57.08,265.408,h
28.0155,12.7643,2.5065,0.4611,0.2788,6.0017,-20.6969,-5.7731,30.92,91.4822,g
24.9369,19.1991,2.6325,0.4429,0.3019,4.5498,14.8654,-18.1092,83.7468,37.3899,g
116.9997,88.1903,3.0449,0.1725,0.1225,-41.613,-56.329,9.2071,12.6866,279.8138,h
30.6929,13.4036,2.5821,0.4031,0.2395,-24.5038,-19.0057,10.2908,81.9855,235.675,h
42.7949,20.0162,2.6439,0.4336,0.2849,-35.4188,-34.2258,-4.4745,37.684,186.127,h
25.0633,14.4022,2.5179,0.4765,0.2716,-8.942,-12.538,13.0439,16.183,148.279,g
40.9987,7.3859,2.7771,0.5079,0.3267,33.522,24.7771,-7.4863,15.8358,140.198,h
45.3501,18.3376,2.8182,0.2781,0.174,30.5088,40.2406,9.6225,14.5462,237.883,g
46.6791,17.5998,3.1381,0.307,0.167,12.3637,49.0497,-3.9128,0.461,194.605,g
45.7794,16.0074,2.9761,0.2779,0.1421,-13.6447,-26.4445,-9.6365,0.6344,242.53,g
34.8773,10.9165,2.7528,0.417,0.2677,31.9997,25.0411,-7.3443,34.4381,86.954,h
36.1804,20.2488,2.8814,0.2838,0.1689,-1.7501,20.7803,10.541,22.233,27.895,g
27.0129,21.2824,2.7578,0.3721,0.2,2.213,-13.8638,7.4605,37.1307,155.376,g
92.6832,41.3546,3.7575,0.1594,0.0812,-74.9413,69.8179,-39.9739,4.663,324.403,g
29.7096,11.4767,2.6488,0.4669,0.2727,13.7094,26.5643,6.0009,53.6654,213.874,h
180.479,129.154,4.9369,0.0209,0.011,-302.276,-157.365,-39.7849,10.6294,156.622,h
68.0871,22.2841,2.7168,0.2438,0.1353,-100.786,32.0937,-16.7229,24.096,273.949,g
33.8872,15.3817,2.5786,0.4011,0.215,-31.4705,20.0251,-8.7236,4.107,203.121,g
49.4822,16.2215,2.9398,0.2114,0.1097,30.5095,21.1074,7.908,3.8218,208.743,g
173.882,72.4744,3.2472,0.1398,0.0733,77.0394,196.643,-82.5138,67.5281,191.605,h
61.3543,16.2208,2.7749,0.2351,0.1352,-62.543,-29.7386,9.3806,6.0857,212.947,g
24.9536,16.3245,2.4014,0.4246,0.248,22.9675,10.8965,-7.8145,11.7131,129.657,g
21.9801,9.9722,2.2041,0.6312,0.3969,20.4518,19.9955,11.4957,7.597,81.0011,g
101.578,27.6992,2.9921,0.2138,0.1074,61.2035,107.884,-17.3732,22.201,215.882,g
19.6321,7.4005,2.0986,0.741,0.4263,1.6898,-7.898,-4.8491,8.5814,133.457,g
52.8511,34.1063,3.3817,0.1412,0.0712,2.9004,42.1168,30.8547,37.1944,146.975,g
21.1573,19.7997,2.5079,0.5155,0.2624,-22.9223,-16.2688,-12.4017,51.949,188.002,h
19.8412,16.7819,2.3128,0.4818,0.2993,14.3041,18.3897,-13.8364,13.1411,200.071,g
60.4645,12.3819,2.896,0.2795,0.1493,-26.1162,19.9717,9.6902,88.9954,130.889,h
13.594,9.9525,2.273,0.8213,0.4133,-14.9401,-2.4751,-11.8255,54.213,102.126,g
31.3659,9.3207,2.2889,0.4524,0.2339,8.6344,23.0008,-9.2736,64.397,99.07,g
26.2082,9.7841,2.4108,0.6175,0.3825,-17.2431,-12.4699,-6.0277,61.722,104.26,g
34.7032,24.5788,3.1392,0.277,0.1404,-15.7946,-10.1576,-25.3496,26.6605,182.4037,h
51.0232,19.7804,2.891,0.2288,0.1317,38.3584,45.9393,7.6547,17.353,114.705,g
23.4415,15.1862,2.5315,0.4353,0.2456,13.6543,13.6845,10.7842,49.711,222.705,g
48.7675,24.2296,3.0296,0.1803,0.0957,18.552,37.3773,18.2105,16.484,168.557,g
11.0725,9.7761,2.4681,0.6385,0.3145,7.7751,5.0521,9.9682,11.4395,104.3555,h
104.4334,41.084,3.0727,0.2612,0.1432,95.6194,88.1148,35.2989,23.3968,327.496,h
135.224,102.692,4.1735,0.0632,0.0316,-37.2594,-117.591,57.568,87.0056,347.847,h
24.6029,10.7238,2.3971,0.477,0.2505,15.4058,18.5352,-4.2462,8.667,124.895,g
114.476,10.5387,2.567,0.4797,0.2561,95.3054,92.1562,-7.7853,1.1708,244.602,g
167.688,55.4209,3.4801,0.3354,0.1717,-114.598,-166.191,52.9735,46.2067,327.245,h
119.2612,88.7506,4.2007,0.0869,0.0393,-145.2984,89.044,74.6771,25.7092,336.6687,h
68.9406,22.4181,3.474,0.2088,0.1086,4.9539,-48.0547,13.1792,0.279,220.469,g
55.838,22.8369,2.8848,0.3181,0.161,-75.6186,38.795,8.9288,76.742,257.569,h
27.8319,9.9979,2.5198,0.548,0.34,33.0252,25.6028,8.7252,33.7903,205.8957,h
62.0774,34.86,3.8463,0.1375,0.0713,45.4124,50.749,-20.3151,3.635,198.922,g
37.3484,16.1795,2.781,0.3013,0.1598,-9.6098,32.6128,8.4204,0.4092,177.726,g
81.4117,26.9878,3.1239,0.2654,0.1726,-20.4393,64.6038,21.3378,4.2953,339.795,g
15.1639,12.1648,2.2529,0.6592,0.3492,-0.3199,1.518,5.0515,41.3022,68.9062,g
27.4478,13.557,2.382,0.4315,0.2552,-17.2792,15.5032,-6.6386,40.505,150.175,g
28.0583,13.5989,2.6588,0.477,0.2726,3.8362,-24.8641,6.1632,51.9988,233.2795,h
38.8946,23.2908,2.9538,0.2614,0.1351,-22.3629,-23.8829,-9.8954,69.1178,98.1642,h
101.939,25.2899,3.1725,0.1869,0.0998,1.2432,71.1917,13.1046,9.836,264.238,g
38.2386,15.0661,2.7443,0.2919,0.1577,14.7864,-24.8104,12.2243,1.639,211.502,g
29.5497,16.2657,2.5911,0.3385,0.1782,37.2182,-13.9248,-11.8548,9.969,245.001,g
30.5961,17.0359,2.7604,0.4323,0.27,-3.513,22.5779,-8.4838,11.8172,133.467,g
36.6648,9.1386,2.7554,0.488,0.3044,26.5284,33.2072,-7.7703,1.3797,89.5982,h
33.0182,13.2977,2.4843,0.482,0.2475,16.9823,18.6423,7.6962,31.8921,185.176,g
19.8391,9.9073,2.281,0.6544,0.3796,7.1296,-16.3871,-10.7678,26.5117,190.636,g
62.4421,14.251,3.0676,0.2456,0.1399,25.5564,32.725,-10.0602,0.7239,208.016,g
45.7388,14.8798,3.1654,0.2924,0.1554,42.1786,32.4473,9.2524,5.0177,173.518,g
66.7069,26.946,2.971,0.2694,0.1448,21.8764,31.9335,-18.6999,5.3847,256.118,g
22.1643,11.0356,2.2765,0.5926,0.3466,15.8231,18.9287,5.5689,21.283,116.737,g
26.0619,16.3988,2.6003,0.4396,0.2118,-31.7736,-28.3409,13.2299,78.6412,56.8306,h
20.2988,15.9184,2.7024,0.5417,0.2986,3.2906,-13.2045,13.1943,13.392,136.112,h
24.4082,19.4895,2.9914,0.36,0.2198,9.615,15.303,7.9559,20.487,91.0575,g
33.1608,9.7812,2.4829,0.4671,0.2813,24.3122,23.321,-7.6591,76.8297,220.908,h
88.9487,22.009,3.5943,0.1677,0.0882,46.2739,79.3842,-12.1819,1.388,256.048,g
37.6176,7.781,2.9171,0.2652,0.167,23.8983,36.9596,15.7808,70.2243,258.2984,h
25.2226,21.9393,2.786,0.2979,0.1514,-18.9717,-4.832,16.7728,80.7261,105.113,g
24.336,19.5091,2.6628,0.3913,0.2141,-7.237,-14.6566,18.6587,49.742,125.914,g
29.1714,15.6747,2.8519,0.3755,0.2356,5.0717,12.0149,-7.9798,1.9602,243.332,g
29.3684,12.9049,2.5218,0.3729,0.194,-30.7833,-10.9825,-7.5403,1.9453,225.001,g
18.2796,10.6091,2.1367,0.5474,0.281,-1.0013,6.7534,4.6502,0.0621,180.919,g
36.3149,16.8506,2.9538,0.3059,0.1796,20.657,27.3175,-12.2447,3.9115,151.587,g
22.8638,14.998,2.3152,0.4789,0.2475,15.543,15.5061,-13.3232,39.5169,171.7131,h
22.5869,15.6789,2.56,0.4892,0.2648,-32.2402,-0.2869,7.846,59.4342,153.701,h
16.8273,11.1407,2.3483,0.6188,0.3386,3.7201,-8.2179,-6.662,49.2708,43.1147,g
64.5225,32.4498,3.3062,0.4044,0.1989,-18.0119,-9.7041,18.1073,2.8159,364.1513,h
40.9872,16.3956,2.7147,0.3259,0.1649,-24.6696,-26.6872,-11.6003,0.0821,231.651,g
12.94,11.1879,2.0986,0.741,0.4343,-14.5557,7.3138,-9.678,53.7924,156.36,g
40.2282,14.2514,2.8136,0.3487,0.1774,-27.9393,-19.3772,-12.745,2.969,181.585,g
36.461,15.4114,2.4514,0.4665,0.2437,53.5965,25.57,7.1297,87.1801,312.4369,h
41.9841,20.3999,2.6289,0.322,0.1939,32.2729,36.4194,-15.5429,5.783,161.803,g
18.7125,12.919,2.4495,0.5435,0.2895,12.6109,6.8389,-7.3042,17.1307,190.147,g
30.2028,17.583,2.7427,0.3454,0.2016,21.9155,22.4333,-10.938,18.134,140.066,g
27.2296,17.5805,2.7585,0.3714,0.2014,13.7829,21.6176,10.4868,2.0627,116.776,g
45.635,29.5424,3.0761,0.2375,0.1515,-16.5841,-27.8054,22.5569,8.357,199.559,g
128.925,28.6977,3.1096,0.1678,0.0843,49.9781,132.639,19.3352,78.9237,162.898,h
35.9113,4.2216,2.6242,0.4858,0.2835,24.4022,-14.2679,-10.2569,40.0241,202.3074,h
103.947,52.2459,2.7193,0.4103,0.2567,-84.2643,-109.254,19.2556,16.518,276.319,h
17.5673,8.9286,2.5176,0.5196,0.2957,2.7447,9.885,-9.7273,68.1852,199.9041,h
81.0239,31.0481,3.5175,0.2889,0.1554,-1.271,54.1547,-19.4788,5.0286,361.266,g
79.9145,35.7305,3.5049,0.1967,0.1052,-8.7429,71.4297,34.6301,2.605,326.791,g
29.9448,10.7167,2.4338,0.5562,0.3223,36.6631,-7.77,-7.6601,79.772,185.495,h
65.0499,21.0138,3.0799,0.1997,0.1027,-66.2538,46.1153,14.9457,2.2,264.389,g
26.277,16.3552,2.6474,0.3694,0.2264,-15.0628,-11.4381,-11.3257,19.6343,154.066,g
129.122,97.6202,3.4526,0.1432,0.0788,90.1591,110.96,67.3162,45.4554,172.516,h
19.8584,15.5018,2.6405,0.476,0.2643,22.9476,15.8569,4.5488,20.1575,159.01,g
18.636,10.1447,2.2923,0.6173,0.3291,22.6966,10.6717,-5.4483,11.5884,209.775,g
109.32,47.7498,4.3035,0.0795,0.0411,-64.9838,78.7445,35.7266,1.102,275.318,g
120.9908,45.4409,3.4272,0.0875,0.0862,14.6123,-64.3496,48.8312,76.1383,226.4452,h
31.6027,16.7217,2.8215,0.3213,0.1667,19.5225,9.6838,-8.9988,2.102,178.049,g
42.1245,24.5639,2.8684,0.2668,0.1347,19.652,24.4436,-10.8984,11.3741,291.552,g
108.6269,24.5233,3.1259,0.2502,0.1442,96.9825,81.1016,13.4889,15.2362,340.2056,h
92.7646,43.1607,3.8629,0.1694,0.0908,27.9134,48.603,26.6269,0.964,389.622,g
70.5964,30.3323,3.3775,0.1631,0.0857,70.3727,77.1431,-22.517,7.4539,173.836,g
40.7301,11.9659,2.5079,0.3106,0.163,55.7922,28.197,7.296,27.3684,59.7837,g
19.0902,8.9402,2.3579,0.6886,0.4715,-4.5386,13.6819,-10.3342,31.8911,153.163,h
31.8784,21.8176,2.5364,0.4122,0.204,45.8318,15.8901,-13.4514,72.8943,165.0925,h
87.9125,24.0949,3.4298,0.2331,0.1165,-24.3046,59.5604,14.1694,2.628,337.462,g
19.1141,12.2076,2.4676,0.5554,0.3186,-3.8694,10.6297,10.5675,48.2306,177.912,h
17.4309,11.0903,2.3304,0.5467,0.278,1.4738,-7.0305,-2.7501,66.1157,196.605,g
24.6782,16.2731,2.4713,0.4628,0.2348,-3.1246,-17.6851,-10.7617,74.264,143.023,g
28.3305,16.2755,2.9069,0.3581,0.2051,3.3218,10.1223,9.663,64.1446,58.3727,g
24.6574,16.1922,2.6335,0.4884,0.2477,31.2145,19.942,-15.8012,17.585,210.839,g
33.0715,18.5809,2.5453,0.359,0.1866,-40.8824,-15.001,-11.942,11.083,236.268,g
50.9423,34.5236,3.46,0.1852,0.1038,39.9312,38.9805,21.6833,0.545,256.112,g
96.4872,19.2971,2.8274,0.3185,0.1719,-149.693,91.9232,13.8765,10.213,190.592,g
35.2957,19.555,2.6069,0.3313,0.1817,3.5447,26.0538,-17.1246,63.8753,48.0393,g
43.6201,21.6976,3.1274,0.2528,0.1689,18.5453,29.2634,10.5583,5.9851,186.263,g
53.2598,25.6996,3.2413,0.1532,0.0783,46.9911,22.8047,-11.2838,0.076,243.53,g
64.0832,44.5162,3.039,0.2852,0.1568,-25.0758,-54.5893,-28.1592,32.193,262.727,h
16.2518,11.5767,2.4281,0.6082,0.3601,0.6814,-3.8872,-6.7228,82.112,183.611,h
66.3173,37.1935,3.0145,0.3259,0.1678,-88.1575,44.5534,25.3617,4.738,274.443,h
12.7464,11.5868,2.2613,0.7068,0.4027,15.4984,-9.2905,-6.5841,69.4336,141.391,g
12.7986,11.5248,2.1446,0.724,0.3978,-15.3019,8.1085,10.4015,52.052,227.107,g
15.5675,11.7632,2.3636,0.6407,0.4004,-0.5808,1.7487,7.7898,62.452,170.972,g
66.8887,38.4392,2.9941,0.1468,0.081,-14.8545,-70.5258,13.9014,16.8956,223.7931,h
144.486,25.963,3.0111,0.1852,0.1028,62.3694,164.958,16.0228,54.7402,125.997,h
27.5369,17.5462,2.8633,0.3397,0.1705,-8.4329,22.4666,10.0525,39.9687,111.446,g
136.3993,61.6681,3.7336,0.1827,0.1218,-49.786,-149.4735,40.3996,42.8892,395.0967,h
61.0713,15.0521,2.8854,0.2904,0.1556,14.8912,56.7577,-3.6329,11.987,248.871,g
81.638,38.9439,3.1773,0.1706,0.1282,-11.1922,-95.8508,19.154,41.1835,225.4746,h
16.4506,11.2221,2.3263,0.6274,0.3892,-2.2667,5.6423,7.7692,31.76,247.824,g
15.9438,11.2942,2.4014,0.6548,0.4147,-3.2111,4.3181,-8.4619,46.6417,199.281,g
21.5732,0.0,2.1222,0.7698,0.4792,-1.8113,9.6718,0.0,0.0002,118.189,g
78.3645,32.9876,3.1396,0.1646,0.077,-36.2016,15.4703,26.3469,34.7235,153.3301,h
71.5698,50.1826,3.6689,0.1462,0.0569,-57.1051,-74.0145,41.7226,8.3845,82.2548,h
72.2077,27.4244,3.4805,0.1597,0.0802,74.7984,61.7693,-10.2314,2.545,254.654,g
65.5156,21.3195,2.6325,0.259,0.1041,-32.187,-42.0343,-16.0832,21.5767,38.833,h
16.0723,15.0917,2.4314,0.5251,0.3109,3.9554,7.1326,-4.6485,13.0877,226.2363,h
109.193,54.252,4.2381,0.0818,0.0423,139.164,81.0734,36.2701,2.694,298.216,g
63.5381,26.3231,3.321,0.1848,0.0938,10.5377,61.2763,-4.1837,9.428,243.375,g
95.3856,21.1808,2.64,0.3093,0.1775,-110.804,59.3284,-8.7242,0.6251,287.835,g
10.9668,8.6714,2.2508,0.819,0.4312,18.3514,20.9602,-1.4768,75.9919,183.5371,h
10.2413,6.6381,2.3786,0.7462,0.3717,-16.6897,3.6371,9.4689,89.1466,192.3161,h
246.179,101.178,3.4987,0.1431,0.0725,-326.114,-149.52,-84.261,33.491,193.375,h
20.5568,14.1391,2.6425,0.4875,0.2995,1.5649,-10.1016,8.1554,39.2421,219.021,g
36.1792,23.6883,3.1297,0.2025,0.1027,-21.4756,-7.1112,9.8583,18.8627,89.4831,g
58.7871,20.083,3.3138,0.1947,0.108,32.3985,-24.1587,-9.3986,6.782,199.855,g
24.6528,17.8745,2.6998,0.3513,0.1766,-15.7299,15.1435,15.368,0.881,166.744,g
26.5806,12.0576,2.5289,0.4379,0.2204,23.499,22.5027,7.8271,4.9083,231.82,g
19.5665,11.107,2.5044,0.5329,0.2897,-19.6364,-7.6712,-8.9364,77.8131,159.6281,h
63.4427,48.4232,3.1429,0.1842,0.1285,-88.5858,47.6716,33.2136,62.084,275.53,h
27.0715,14.5224,2.5187,0.5157,0.2731,23.8234,18.5975,-6.9849,12.5387,185.4123,h
32.1215,20.0731,2.5927,0.2989,0.1596,35.4611,-13.9957,-15.0854,23.424,185.812,g
95.5483,34.1347,3.4784,0.1822,0.0939,-14.6975,64.764,22.6277,2.9595,347.263,g
60.5328,34.9208,3.0436,0.2732,0.175,-39.5703,45.4899,-28.7449,0.8124,290.6,h
36.4676,17.3779,2.6179,0.3372,0.1885,-2.6738,-26.6732,14.9355,46.7456,196.1418,h
47.9212,26.6334,3.1834,0.1783,0.096,41.2368,38.3743,-9.5688,4.251,255.654,g
28.6949,10.4523,2.3149,0.5182,0.2688,3.0328,23.0202,-7.4159,19.258,141.67,g
45.1318,18.3863,2.8963,0.2476,0.1479,-0.9493,-21.8496,-16.6095,5.11,226.026,g
68.107,21.8035,3.2627,0.213,0.1106,22.5649,57.5264,14.1235,3.902,260.161,g
29.7832,22.1604,2.4898,0.3246,0.1563,-46.8318,-8.7597,5.7359,33.7068,158.8411,h
30.95,17.4695,2.6646,0.3874,0.2045,33.5047,13.6651,-14.5638,20.873,218.274,g
13.0297,11.1179,2.2292,0.7552,0.4159,14.6915,-5.576,11.3516,82.3525,47.6572,h
65.2523,28.7681,3.0529,0.2143,0.1217,65.6943,53.9257,25.4944,23.088,241.042,g
88.2417,23.5569,3.2518,0.2117,0.1246,56.9547,74.7492,9.2702,2.231,244.211,g
23.8611,14.0845,2.5569,0.516,0.2594,-19.4951,10.2581,-10.7023,3.18,195.938,g
54.4935,21.4637,3.0635,0.1849,0.0946,-38.5204,-44.1594,5.0079,1.577,236.494,g
35.5709,11.0064,2.3414,0.5194,0.3531,-16.5162,-30.749,-9.3334,2.313,139.415,g
29.1553,20.7816,2.6309,0.4117,0.2164,16.5963,27.0022,-13.5072,56.541,103.243,h
31.6388,12.6908,2.5126,0.4916,0.3057,20.7018,21.0496,12.1074,68.429,43.6223,g
79.1429,19.1217,3.1096,0.404,0.2374,8.3398,57.8134,12.4639,10.901,335.435,h
24.8332,7.3512,2.3784,0.6695,0.3703,-12.3142,-10.9453,-4.0712,20.643,128.14,g
17.6381,15.5527,2.5441,0.5486,0.3157,-2.4099,11.5819,4.9912,64.3998,188.867,g
40.4564,16.8244,2.6702,0.3739,0.234,-14.4532,-22.0768,11.572,18.698,143.712,g
35.6668,4.6364,2.6483,0.6584,0.3885,36.3715,23.362,-16.3857,1.2558,186.649,h
18.322,11.7068,2.3589,0.5777,0.4136,-0.3481,-4.9165,11.4953,16.343,184.799,g
22.9547,15.3068,2.6294,0.4366,0.2265,13.9318,11.2647,-11.9138,3.6056,65.733,g
85.0641,11.427,2.6204,0.4062,0.2313,-28.1684,-103.7706,8.3898,45.2804,202.524,h
34.8096,29.7332,3.1299,0.1854,0.1012,29.2384,-21.971,-23.1219,12.823,59.0656,h
25.8138,10.7479,2.4241,0.4896,0.2844,-15.4485,-20.2511,5.3209,7.007,93.3981,g
39.4933,13.0682,2.6866,0.428,0.2562,10.1851,22.5587,-10.3842,10.878,225.025,g
170.508,52.3237,3.126,0.2147,0.1238,-199.104,116.353,33.2482,11.0113,316.969,h
75.0843,19.3831,3.2955,0.234,0.1264,66.4779,64.2599,15.7327,1.2947,233.194,g
27.5558,21.5611,2.6547,0.3811,0.2,19.1701,1.3736,12.316,59.9798,197.0548,h
75.6241,28.467,3.6072,0.1786,0.0896,13.2103,75.1243,3.1833,4.0898,223.593,g
81.0773,15.5949,3.0858,0.2544,0.1209,-114.6059,53.9917,18.0462,71.1621,284.4464,h
38.0484,22.4737,2.8785,0.3294,0.1753,11.8441,38.7928,-9.8877,2.035,268.295,g
81.4298,19.619,3.3321,0.2048,0.1161,68.7253,74.8247,8.4793,0.7759,206.22,g
43.7829,10.5861,2.7229,0.4797,0.3119,23.6087,46.519,-4.0083,15.0807,270.3524,h
81.2835,30.3354,3.5357,0.1599,0.0931,16.8591,73.5514,-18.3815,2.695,254.938,g
13.5611,9.9818,2.2135,0.8196,0.4373,14.375,5.3303,-11.7877,18.919,224.904,g
112.1475,22.1891,3.3069,0.225,0.1013,25.9059,76.711,-29.8017,9.6688,177.1615,h
20.1149,7.1037,2.1351,0.7766,0.4066,21.5779,12.9117,-5.2355,29.782,196.211,h
32.8531,17.4773,2.4683,0.4286,0.2432,-46.9312,20.4172,6.6919,15.4667,228.32,g
35.2003,16.9004,2.8096,0.3395,0.1744,-47.7876,14.9852,-10.4534,12.8885,229.9,g
23.8641,22.2821,2.7336,0.3546,0.193,26.6777,20.5925,15.1969,39.8008,136.096,g
95.0375,22.3456,2.6702,0.2714,0.1464,-119.025,54.5855,-11.8751,5.2528,278.957,g
45.0186,17.2847,2.8848,0.3325,0.1714,4.0297,45.8469,7.1707,8.59,141.561,g
31.4736,9.9279,2.4263,0.5869,0.3106,8.0964,-6.4232,-13.3131,88.8524,222.5253,h
161.9093,51.6797,3.3354,0.1421,0.0934,-165.5438,-40.1704,48.4069,53.5958,250.0243,h
27.2873,21.3621,2.7063,0.3422,0.1878,-2.8401,-17.936,11.2756,17.919,73.7366,g
36.5413,17.8073,2.9297,0.261,0.1452,12.3615,22.0187,11.1602,21.303,135.6,g
49.3619,18.5025,2.635,0.2943,0.1587,-58.1604,-27.1316,9.3858,11.961,267.398,g
78.5819,20.0958,3.0137,0.1531,0.079,13.815,62.8954,-11.0144,4.067,199.864,g
89.2796,21.5342,3.224,0.2764,0.1621,2.0046,48.891,-10.0279,28.071,343.286,h
26.6009,11.6,2.5066,0.3897,0.1956,27.329,30.6112,12.2812,30.9746,113.9031,h
88.992,32.736,3.683,0.1357,0.0733,-52.9163,85.5811,-11.7295,5.627,309.746,g
19.6945,12.4113,2.2911,0.491,0.3043,-0.5092,7.2857,-10.5442,3.769,209.893,g
148.7419,53.307,3.6001,0.0961,0.0599,-149.0466,92.7437,-26.1074,44.1909,244.6554,h
27.5851,15.7422,2.3064,0.4545,0.2364,4.1964,21.1661,7.7114,13.7471,149.2705,h
22.2431,10.8532,2.5321,0.6432,0.3627,23.6775,14.9856,-7.2004,80.3583,253.204,h
121.611,23.0402,2.7612,0.3449,0.1724,-158.147,69.0576,15.8381,7.3206,332.922,h
16.2145,11.5941,2.2504,0.6067,0.3511,-1.8484,5.5003,6.4646,26.52,170.922,g
62.3485,22.7326,3.519,0.1843,0.1031,37.5376,60.218,-12.1666,1.783,253.99,g
16.7945,10.1567,2.2568,0.777,0.3899,9.282,-3.9097,14.0172,47.2783,66.759,h
25.5338,22.829,2.8762,0.3431,0.1722,1.4113,13.0096,18.5879,61.2522,33.1058,g
82.2565,26.4198,2.9626,0.1755,0.0888,-175.129,58.4574,-14.0413,18.458,158.451,g
19.864,17.709,2.4919,0.4887,0.2692,-2.6307,6.99,10.053,87.7425,213.5278,h
63.3708,17.3288,2.78,0.3685,0.1934,54.319,66.7165,-12.1851,7.406,281.545,g
13.2042,10.6386,2.1599,0.782,0.4533,-13.9224,-3.9545,11.2903,20.371,193.649,g
81.3469,35.5186,3.6737,0.1609,0.0949,-42.1404,75.4045,-8.727,0.582,318.193,g
21.1449,6.7911,2.2565,0.7479,0.446,21.1667,14.6204,6.1983,0.2884,73.0449,g
26.7748,9.4358,2.3064,0.4691,0.2691,12.6852,-14.101,-5.5031,24.6072,175.837,g
80.0634,31.6829,3.7285,0.1104,0.0556,30.1971,73.1529,-12.4444,0.57,286.451,g
27.4997,15.2199,2.8528,0.4,0.2056,18.3768,16.7495,9.7918,33.818,45.7419,g
33.4631,22.732,2.5083,0.3714,0.1843,12.4392,-6.0142,20.3242,77.2515,206.8061,h
13.1723,10.8774,2.1123,0.7722,0.4131,-14.6516,2.9673,-11.7428,47.2691,123.904,g
71.6516,24.2203,3.4689,0.1831,0.0973,-75.759,49.583,-18.0125,4.126,253.24,g
62.4243,21.1078,3.2783,0.1802,0.0972,-10.4586,24.1103,9.0154,2.979,228.939,g
52.8238,12.0126,2.4735,0.5513,0.3109,-65.754,-16.8244,10.1719,6.278,319.447,g
30.288,12.8258,2.4601,0.3882,0.2409,-28.9176,-17.866,6.5964,26.8446,229.35,g
26.5291,15.9191,2.5988,0.4005,0.2481,24.6018,21.35,9.8111,1.578,84.1926,g
25.7487,13.2539,2.4742,0.4899,0.3138,-22.7705,-24.1897,-8.052,24.031,118.694,g
75.3715,19.2748,3.1515,0.2032,0.1104,4.4977,63.8481,-12.5333,5.284,261.21,g
131.375,53.1102,3.8184,0.0948,0.0491,-122.72,35.9315,-29.4666,4.2249,299.382,g
17.312,11.9007,2.5779,0.587,0.4036,-0.4256,7.126,-6.299,31.2547,268.5326,h
124.186,44.7572,3.0633,0.1832,0.1076,20.0049,-110.985,27.7474,0.738,241.67,h
79.7687,35.8454,3.2106,0.1952,0.1173,86.9757,53.1771,-38.2883,3.5809,272.935,g
27.5042,17.6334,2.4541,0.3445,0.174,-6.0405,7.7084,-16.0424,31.28,159.278,g
21.5981,12.3629,2.362,0.7889,0.4711,26.2923,20.1564,-13.4053,7.3532,89.6861,h
56.1812,18.8593,3.031,0.2095,0.1345,54.2843,35.6583,10.7217,7.318,203.671,g
121.3825,28.4647,2.9319,0.2335,0.1528,-93.0578,-108.9778,15.1578,42.2246,86.4326,h
27.8833,18.0692,2.7255,0.3819,0.1985,6.7361,-21.7496,10.1515,32.071,136.78,g
24.3287,12.8262,2.5172,0.4286,0.2234,9.7704,10.2827,-6.5205,81.6604,228.036,h
19.1601,16.0307,2.5289,0.4793,0.2855,0.3788,-12.8277,5.7442,6.2697,216.192,g
75.4576,36.3955,3.8115,0.1655,0.0907,-74.9578,41.7518,-24.2944,4.6873,255.246,g
230.453,97.3064,3.4096,0.2002,0.1299,-188.442,-149.621,75.3016,54.9324,205.865,h
47.3327,19.3059,2.9363,0.2224,0.1118,66.1505,15.9214,-8.2441,4.761,145.23,g
41.5906,23.2511,2.899,0.2927,0.1546,15.2309,34.574,-20.5452,15.967,228.243,g
35.0625,17.8621,2.4183,0.4122,0.2271,-17.3781,-30.4438,9.7124,76.765,71.6078,h
87.6741,21.897,2.8943,0.2768,0.1397,-91.6127,68.9069,-16.7183,0.933,248.854,g
16.5575,9.0688,2.5881,0.5575,0.307,7.5579,12.7325,-2.7168,22.7032,71.2735,h
38.0261,14.9378,2.6875,0.4004,0.231,-35.8383,15.7637,-12.431,13.0541,146.565,g
113.1932,27.9581,3.3848,0.0959,0.0646,-51.8349,24.7093,31.6232,78.8838,122.9409,h
126.056,35.5809,3.5832,0.2854,0.1441,-30.9713,-139.7062,-33.483,16.0535,324.4922,h
240.9783,60.2732,3.8531,0.0639,0.025,-243.2314,-159.3645,-30.8114,62.936,236.5116,h
87.3631,43.8422,3.833,0.2134,0.0986,-12.6718,67.3805,-36.0487,45.177,357.1536,h
92.905,30.0241,3.3264,0.1174,0.0592,101.856,86.9284,-10.3705,6.665,208.486,g
91.2813,15.2824,2.5932,0.347,0.1799,59.9568,49.2624,-9.2647,66.8335,83.469,h
59.5231,26.618,3.3531,0.1627,0.0689,12.4539,72.716,19.2167,34.5736,238.7755,h
65.8319,61.4044,3.0416,0.3671,0.1967,-41.89,-55.0792,-34.2747,11.356,353.09,h
82.0529,26.5682,3.2166,0.2636,0.1327,-26.6717,72.0568,-21.1118,2.031,303.228,g
24.3343,14.9489,2.5302,0.3953,0.1991,16.4085,14.006,-13.2107,10.288,125.972,g
31.4889,18.1427,2.7239,0.3551,0.1822,-21.9104,-20.9941,-4.9206,22.241,123.806,g
23.8526,7.2392,2.4249,0.688,0.4605,-7.8245,-16.9932,5.2628,67.4357,212.84,h
155.9172,102.74,3.0382,0.1823,0.1064,-213.8419,-84.9758,94.2014,59.8619,157.4959,h
83.2096,31.5879,3.5227,0.1558,0.0875,24.5038,84.5229,27.474,15.7003,182.666,g
28.44,11.2493,2.3233,0.4703,0.2494,-7.6744,-17.1027,-9.298,27.01,133.809,g
56.0473,26.1965,3.2461,0.1606,0.0837,-14.3434,-29.5056,16.4739,5.344,230.115,g
154.732,42.9253,3.0352,0.2628,0.16,-98.712,-163.247,-30.7516,85.3675,66.0071,h
20.5164,12.402,2.4616,0.5043,0.2608,21.3094,8.2034,-6.174,74.934,143.368,h
76.6657,19.6882,3.0276,0.2572,0.1581,-59.9645,54.625,-16.0764,0.436,270.166,g
32.1947,28.1355,2.7889,0.3887,0.2076,-36.4428,-40.5452,-14.8161,14.5518,137.4607,h
12.8863,11.4236,2.2492,0.738,0.369,6.806,11.7301,0.0,61.346,68.3739,g
43.2,8.8465,2.7426,0.449,0.2355,50.7556,48.0358,4.267,21.9706,263.5995,h
26.408,14.6864,2.5231,0.5157,0.2804,6.5717,17.7505,-14.2265,12.393,213.651,g
31.1459,19.0017,2.6799,0.3615,0.2079,14.5192,26.1452,16.4486,62.781,119.503,g
36.0322,15.085,2.5211,0.4102,0.2122,43.5622,-4.8233,21.567,85.2358,205.4117,h
23.0372,20.1236,2.6425,0.41,0.2335,4.8559,12.6459,9.1704,82.5069,214.023,g
16.1965,11.5351,2.2878,0.6082,0.3686,1.7609,-5.1272,-7.0963,10.796,134.341,g
155.142,36.1391,3.1688,0.1959,0.1061,84.4388,161.03,10.5551,64.105,224.083,h
12.6275,11.7922,2.0512,0.7022,0.3778,15.9297,-9.3186,9.4542,37.228,220.666,g
15.6364,11.3955,2.2044,0.5885,0.3101,-12.9461,-29.9539,-7.9379,57.4318,32.363,h
30.972,16.6823,2.6561,0.415,0.2213,-31.3129,-20.3396,13.0838,53.4668,139.9475,h
29.6613,6.5507,2.2095,0.5309,0.2809,38.1136,10.8676,2.7742,47.505,151.427,h
20.6089,7.1467,2.1973,0.7365,0.3778,23.2209,11.468,-5.8253,36.0741,129.046,g
23.3974,18.5583,2.5472,0.3745,0.1943,-13.9162,-8.6083,12.8379,78.842,162.604,h
12.5767,11.8656,2.2492,0.6986,0.369,16.0151,-9.1669,-9.9638,0.9932,203.396,g
36.2836,20.9706,2.8974,0.3344,0.1995,15.0727,26.8606,-17.1049,1.2146,260.579,g
26.2768,14.0731,2.4362,0.4212,0.2253,-12.6384,7.3769,-13.9195,75.6791,105.591,g
46.8212,18.8514,3.1578,0.2413,0.1297,5.8579,-20.9938,11.4032,6.648,185.857,g
13.0642,10.4653,2.1658,0.7782,0.5017,12.886,5.2943,-9.3984,19.086,91.9877,h
19.0819,16.9368,2.8296,0.5107,0.2909,-9.0182,-15.9421,12.1762,13.1186,276.279,h
19.5409,12.7622,2.4108,0.4854,0.2699,-0.6092,7.6292,9.1879,11.478,60.5838,g
31.015,16.0174,2.6112,0.448,0.2313,-24.8442,-18.22,9.7083,54.566,237.123,h
12.6588,11.7625,2.0107,0.7122,0.3561,14.9997,0.5949,-11.5117,84.7568,164.049,g
82.1301,39.7998,3.7315,0.1821,0.0959,30.2424,-35.7132,-18.8326,0.4454,360.031,g
90.2095,19.0275,3.022,0.2129,0.1098,81.0268,99.3898,5.4586,3.042,168.421,g
73.0543,21.5306,3.1984,0.2223,0.1206,-65.3886,38.1127,17.1439,1.1614,296.172,g
37.3888,9.8197,2.4579,0.4599,0.2666,21.1458,22.3152,6.7807,7.276,218.277,g
19.2536,12.7565,2.3646,0.5184,0.27,1.6021,-10.8686,-8.0723,0.7264,91.0688,g
24.5103,0.0,2.0473,0.6996,0.3722,27.8477,12.4977,0.0,14.1769,106.078,g
54.9287,14.8781,3.0292,0.2609,0.1407,61.8659,41.1847,7.0632,8.831,216.123,g
39.2663,16.4748,2.645,0.3111,0.2112,-21.5845,-21.269,-12.4858,49.186,39.616,h
97.9319,34.9071,3.269,0.1389,0.0821,62.9263,83.731,20.0026,14.18,184.217,g
59.782,21.8068,3.2024,0.268,0.1421,-53.8742,51.5739,10.1969,8.4866,272.835,g
25.3725,16.9147,2.7977,0.3501,0.2364,24.0413,16.5899,10.5247,23.0687,223.1083,h
19.5513,8.981,2.29,0.6769,0.4641,-1.6922,12.6414,-9.3105,9.757,128.357,g
27.2713,9.999,2.6112,0.5655,0.3195,26.9184,22.1784,9.3447,3.1333,131.033,h
33.6506,16.6547,2.6238,0.2687,0.1415,50.9607,16.881,-15.297,32.7651,155.887,g
62.6388,21.8317,3.2103,0.2323,0.1186,38.114,46.9907,10.1773,4.271,253.904,g
44.8541,8.0729,2.4857,0.4085,0.2435,16.5438,26.4834,4.4635,6.4971,214.211,h
50.7417,8.2783,2.7416,0.4056,0.2491,-2.3365,23.0449,-1.551,50.0771,118.0061,h
48.1057,28.4766,3.1635,0.2533,0.1294,52.6424,29.7204,19.7497,13.0285,265.334,g
12.6846,11.7264,2.0149,0.715,0.3623,15.1795,-5.0177,-11.5042,44.082,152.933,g
12.9624,10.9524,2.1538,0.7368,0.4667,-13.8539,6.602,-5.0659,3.5444,168.668,g
34.2078,12.1986,2.5521,0.3843,0.2006,-50.8447,18.6473,-6.9135,6.6964,132.384,g
56.428,22.3162,2.938,0.2445,0.1228,58.975,29.5543,16.4347,30.919,226.986,g
212.744,43.2242,3.1905,0.1361,0.0687,-95.1854,-197.663,-42.3887,30.698,243.752,h
26.1952,9.555,2.3589,0.4945,0.256,-10.014,12.4124,6.4945,2.396,228.289,g
68.4649,18.3727,3.0461,0.2689,0.1362,16.259,64.4455,-15.0091,6.348,249.809,g
84.3673,16.2703,2.6107,0.5907,0.4032,57.5241,63.4487,16.7601,12.706,137.916,g
35.7533,18.1937,2.9547,0.2697,0.1371,50.1595,-18.5923,-5.5471,4.507,209.088,g
42.8336,11.395,2.2683,0.4313,0.2237,18.8068,28.8359,6.8468,9.9089,173.181,g
53.5551,9.6114,2.658,0.3802,0.2055,28.9099,41.8805,-3.0908,53.1398,264.173,h
44.5474,23.3574,3.3005,0.2148,0.1229,15.947,31.0484,-10.0874,0.154,181.784,g
35.059,9.7044,2.5635,0.4153,0.2227,41.8213,29.3147,-6.6261,4.005,237.858,g
103.8466,27.2251,2.9081,0.2058,0.1054,-120.1674,80.2072,15.0486,1.1645,212.2325,h
96.3524,61.7175,3.616,0.2067,0.1101,-92.4396,-88.5551,55.1086,63.1443,289.8717,h
104.557,56.7628,3.2757,0.2995,0.1529,-41.1132,-92.0735,53.2478,5.689,299.67,h
65.841,30.3489,2.9908,0.2196,0.1139,57.2941,52.4692,23.8275,7.81,237.263,g
42.0533,32.5927,3.1266,0.1868,0.0871,28.6127,30.9363,20.8904,10.6589,253.6093,h
48.433,22.5407,3.234,0.1949,0.1018,24.0228,38.4746,12.6011,1.452,220.406,g
16.0114,11.5852,2.3181,0.6202,0.387,-0.0002,-0.6218,7.5023,6.335,156.843,g
67.9416,20.7854,3.2718,0.2305,0.1297,24.1413,71.6144,-13.9615,5.617,240.427,g
30.2501,8.1902,2.4864,0.5873,0.3899,30.5772,23.6409,-7.2522,43.9048,226.871,h
26.9108,15.4333,2.6498,0.5084,0.2609,11.7421,-14.7055,11.1055,25.6089,124.222,g
12.6846,11.7208,2.1055,0.7137,0.3725,-15.4833,7.3755,11.1393,4.176,200.477,g
97.4967,28.8345,3.5947,0.1958,0.1158,-3.218,58.7743,-3.0847,0.6868,337.138,g
56.1429,37.2478,3.4331,0.1203,0.0636,25.9497,45.5063,-21.3862,41.9676,152.755,g
59.1593,12.3848,2.9746,0.2267,0.1163,29.046,29.2396,5.8511,51.8434,155.2164,h
21.0167,12.7312,2.4057,0.4244,0.2181,-15.6641,-8.5062,-9.2123,56.616,51.1647,g
23.5269,10.3603,2.3551,0.521,0.2892,14.5135,-15.4716,-3.9443,82.5176,222.778,h
34.4357,17.9912,2.721,0.3156,0.1625,8.8082,-19.695,-13.498,2.701,205.729,g
59.2444,10.4634,2.8051,0.4019,0.1971,49.436,25.1317,7.0386,71.0828,48.129,h
172.39,27.8293,3.3374,0.1771,0.0968,244.83,-139.629,17.8981,55.8469,186.511,h
118.689,44.1081,2.7864,0.6214,0.39,-60.2387,-138.65,-35.9328,15.7902,384.151,h
27.4956,11.4934,2.5315,0.4765,0.2574,-3.9476,-24.1313,-9.2681,25.1126,155.765,g
28.5109,18.9033,2.7181,0.3005,0.1541,-8.6799,-18.7412,9.2831,9.4671,201.21,g
90.2585,20.3062,3.385,0.2769,0.1716,-49.6865,70.6911,20.2177,1.981,312.003,g
17.5793,15.5771,2.2601,0.6264,0.3819,-1.1812,-12.0557,-15.5147,62.1191,211.033,g
51.595,15.553,2.4456,0.4409,0.224,40.5613,41.8769,10.2099,15.23,122.346,g
12.566,11.8802,2.0314,0.6977,0.3674,16.0329,-9.1508,-10.0164,55.0063,192.948,g
67.9099,30.7335,3.7383,0.1445,0.0735,52.9696,65.8335,-8.4667,3.44,161.366,g
74.3997,38.0074,4.102,0.0982,0.05,65.1661,74.9736,19.6203,4.6957,173.584,g
97.4612,57.0929,3.8031,0.1859,0.1062,-35.9239,-65.5657,32.3176,30.8502,327.2723,h
23.3221,10.8672,2.2989,0.6231,0.3291,17.1474,18.3243,4.3794,58.039,99.3764,g
56.0155,35.3239,3.4548,0.1782,0.0893,51.1877,45.6998,49.1759,7.409,219.414,g
37.5499,26.0823,2.9987,0.2457,0.1239,-6.2596,26.39,-17.8173,26.688,100.975,g
18.7276,12.9777,2.4401,0.5082,0.2632,-12.8933,-8.3487,-5.2782,79.2348,197.866,g
51.1672,16.4353,2.6217,0.3226,0.1852,-31.0984,32.9364,-8.7239,5.521,177.361,g
92.1254,27.9136,3.6499,0.1612,0.0843,-85.6028,84.8794,-12.0556,1.0564,244.837,g
33.7125,17.0818,2.6289,0.4019,0.2103,19.6482,-13.1492,-9.0689,46.5757,105.134,h
23.2473,18.4047,2.6839,0.4286,0.2764,-9.8798,10.6638,-10.2722,34.217,75.377,g
137.155,60.4155,3.4747,0.0969,0.0498,-68.492,-115.415,66.0016,24.9674,93.6126,h
85.75,65.4817,3.1005,0.1846,0.0859,-104.9162,-92.9604,-82.4408,4.2471,224.3576,h
27.6224,10.1414,2.6564,0.5177,0.2706,-19.8099,-16.5941,5.8707,77.9632,48.0056,h
46.0913,23.0717,3.1092,0.2496,0.1248,55.5406,37.6313,13.4235,7.9276,280.058,g
31.0537,24.5573,2.9985,0.2519,0.144,-8.191,-3.7856,15.7703,20.914,75.9685,g
87.7575,39.433,3.9338,0.1399,0.0809,-38.4877,69.0485,14.0213,1.2098,291.82,g
22.1272,12.1793,2.6435,0.5091,0.258,-13.5068,-9.1786,5.5149,1.577,144.539,g
52.7202,9.1759,2.4464,0.3828,0.2057,44.7987,33.1382,-6.6464,11.7646,192.422,g
31.546,20.8928,2.6613,0.3402,0.2061,15.9701,30.8087,-19.707,40.323,39.7423,g
24.3133,10.2983,2.4464,0.5188,0.2665,8.363,16.6826,-6.5193,1.8092,246.549,g
41.151,18.1161,3.2239,0.2652,0.1603,16.797,-7.4717,-14.7868,1.6001,213.524,g
18.6657,10.268,2.2529,0.5866,0.3101,-23.5251,-9.7051,-4.9073,71.559,93.2711,h
26.6887,15.1289,2.4793,0.3781,0.2272,7.0688,20.5554,-8.417,34.4001,139.757,g
18.9447,7.4772,2.2082,0.7492,0.4675,0.9529,-5.6779,-3.7248,54.0587,137.721,g
36.0145,12.4148,2.6101,0.4098,0.2123,29.4408,-16.1978,4.8972,0.8987,159.995,g
28.7412,15.026,2.5809,0.4147,0.2375,9.8278,19.194,-5.3055,23.5268,189.489,g
33.7758,18.1018,2.7945,0.2905,0.1581,5.4566,-21.1754,-11.6431,42.878,91.3619,h
17.2203,11.0972,2.2455,0.5795,0.3267,1.8081,-6.9469,-6.0428,88.7401,193.558,g
9.4412,7.8352,2.3029,0.609,0.364,-5.8695,11.1148,7.1603,23.1908,239.8898,h
11.1239,1.9208,2.2754,0.7922,0.5043,-3.0559,-18.618,1.0027,81.8452,203.6724,h
20.2088,16.0874,2.4997,0.4462,0.2326,-17.8504,-13.7131,-3.1458,11.052,214.072,g
35.5154,29.0844,3.2052,0.2525,0.1344,17.7266,29.1222,-20.5402,26.577,117.028,g
20.7322,7.214,2.0473,0.6816,0.3632,-0.0001,-0.4101,5.9771,17.933,163.845,g
13.2617,10.7145,2.1319,0.7823,0.4096,14.7178,2.4666,-11.8517,68.604,107.851,g
25.3202,9.612,2.5569,0.6241,0.3925,0.4347,21.4067,-8.3583,5.08,216.813,g
81.0836,26.7411,3.4593,0.25,0.153,-20.8654,61.7166,-12.8289,0.572,320.165,g
82.3739,22.9804,2.8466,0.4157,0.2598,-68.6371,-66.4328,17.5864,3.312,272.982,g
59.614,26.6286,2.9312,0.2332,0.1201,-15.5518,-38.6218,-9.5965,3.846,271.119,g
27.4888,18.5665,2.8639,0.3078,0.1854,2.8405,6.1522,-10.0668,23.5868,188.636,g
122.657,72.5942,4.1544,0.0732,0.0368,-70.3677,76.1215,-44.8267,27.926,260.481,h
19.8726,16.966,2.5911,0.4769,0.2423,-8.0872,16.1831,10.3704,61.061,136.387,h
27.6904,15.0452,2.6395,0.3647,0.2099,15.8284,9.4247,8.6228,28.9887,177.865,g
49.4996,20.1666,2.9682,0.1947,0.0984,-17.5656,18.3328,-15.0923,12.7026,183.153,g
131.0348,85.2287,4.2541,0.0542,0.0215,48.8325,103.3835,47.9449,88.7998,317.071,h
63.931,35.0592,2.9455,0.1195,0.0494,-64.06,-23.6664,26.152,16.7216,97.5385,h
40.3125,10.746,2.5185,0.397,0.2197,41.248,25.6374,-5.6343,50.348,221.748,h
47.4802,15.9885,2.9928,0.2806,0.1805,22.8023,32.6278,7.919,7.2636,160.624,g
36.7943,21.8588,2.8179,0.2738,0.1392,11.3779,-18.6865,10.1563,2.1198,198.837,g
160.688,42.2971,3.141,0.1395,0.0712,144.584,172.517,-22.5529,58.138,111.418,h
20.8173,12.9622,2.2799,0.4672,0.2598,-13.4953,-10.6395,-6.5901,61.3805,161.368,g
30.5845,8.2482,2.4057,0.5187,0.2652,10.4659,20.0241,-9.7223,21.175,163.808,g
20.1082,7.112,2.1746,0.7759,0.4047,21.6425,12.8318,5.2305,15.288,127.573,g
22.3229,15.7495,2.564,0.5466,0.2528,-16.0964,-2.887,10.7363,59.8118,259.407,h
69.8372,25.6808,3.6243,0.204,0.1044,-64.7862,46.2271,-15.5254,0.001,276.058,g
25.7554,0.0037,2.1508,0.742,0.4064,27.8798,13.2388,-0.0001,0.0002,177.88,g
84.684,17.3999,3.1434,0.211,0.1442,-117.2403,82.8554,17.4734,57.5825,257.8408,h
130.308,13.303,2.6021,0.325,0.1812,-204.573,116.05,4.7837,49.759,173.552,h
78.2012,23.7459,3.5043,0.1863,0.1079,-70.5854,67.7081,11.5892,2.603,290.651,g
27.9879,12.7318,2.4579,0.4913,0.277,7.4178,-19.2604,-9.2377,6.261,188.477,g
112.238,33.4058,3.252,0.2771,0.1391,7.8799,-91.4841,33.5943,0.9466,348.115,g
49.572,15.4848,2.6294,0.2418,0.1209,-5.3797,-21.1715,-11.0662,27.711,240.566,h
28.8574,14.6653,2.7657,0.3688,0.2033,-1.6971,11.8152,-6.6086,8.4788,194.487,g
18.8161,7.4891,2.1189,0.7452,0.4753,0.4692,-4.3399,3.4444,81.0125,159.328,g
160.7818,62.4406,3.2032,0.3469,0.1799,172.6299,64.997,37.7887,85.1638,400.1464,h
30.9955,22.3031,2.8591,0.2725,0.1404,34.0777,17.6726,-16.2964,32.5233,121.915,g
59.8906,30.797,2.6476,0.3735,0.2064,63.6528,49.6425,28.8513,51.9758,191.0644,h
20.5491,7.2176,2.081,0.722,0.3693,2.2141,-9.8341,-5.8056,75.3736,99.5358,g
28.4899,1.623,2.4914,0.7142,0.4732,9.3656,20.1165,2.5039,26.6149,194.6653,h
17.9766,12.7049,2.4108,0.567,0.3398,2.1079,-9.2332,-9.5437,38.495,138.628,g
22.0438,9.4673,2.4552,0.532,0.3318,7.941,23.8117,-9.9239,82.205,172.1424,h
18.3964,8.3041,2.4718,0.7747,0.5125,3.5676,13.3708,-7.3562,46.7087,193.7622,h
25.5063,19.368,2.747,0.3241,0.1656,-28.1698,-15.7664,11.6689,0.864,108.972,g
32.4194,16.5268,2.8132,0.3966,0.2022,11.0777,32.4985,-11.2757,8.477,194.475,g
56.1108,14.0184,2.683,0.2759,0.1483,30.6301,38.2846,5.4708,6.051,257.464,g
26.8603,9.6666,2.5017,0.5827,0.348,6.3419,19.0595,11.3503,71.4902,135.442,h
28.0795,13.2337,2.6835,0.4497,0.2601,28.6235,21.8003,10.2471,43.3123,191.6,h
61.3737,21.366,3.2621,0.1816,0.1053,-2.9857,31.7738,-12.2608,0.9761,236.924,g
58.3354,20.862,3.2316,0.2417,0.1493,51.4594,51.0709,13.4934,3.9671,207.605,g
31.3875,19.8846,2.5587,0.3425,0.1975,-14.8853,-27.6233,2.6469,33.6933,204.592,g
19.7289,7.2028,2.1889,0.7832,0.3981,5.0599,-11.8969,-4.7068,28.062,128.425,g
33.7556,27.8646,3.0519,0.1837,0.0989,14.9282,-8.5632,-16.8618,8.846,143.618,g
38.5207,35.5633,3.2981,0.2059,0.1226,21.7944,-16.0894,-30.2098,8.443,177.756,g
90.6632,8.7308,2.5085,0.462,0.231,76.8586,58.0497,-4.5494,18.453,297.048,g
45.605,20.1733,2.5397,0.381,0.2237,57.6589,29.6616,-20.1711,30.557,258.671,g
27.7999,17.5546,2.8014,0.3692,0.2107,6.9422,0.5586,-17.8538,30.583,200.5103,h
28.5,14.5305,2.73,0.3706,0.1927,27.8753,23.2323,9.5886,1.702,135.178,g
25.8925,15.612,2.5179,0.3672,0.1836,27.8147,18.0106,10.1931,17.314,134.68,g
25.464,12.049,2.5428,0.5186,0.3424,-18.731,9.683,7.4893,16.026,221.048,g
49.1296,11.5361,2.4487,0.4342,0.2509,9.7204,37.6792,7.0998,7.8731,219.853,g
39.4615,23.6827,2.8552,0.2415,0.1249,-35.0333,-18.9088,19.8684,2.068,174.946,g
107.996,82.3071,3.9528,0.1206,0.0654,-60.923,-88.9152,66.9737,85.1312,384.242,h
68.5786,14.4335,2.5302,0.3186,0.1873,-80.5591,22.8402,9.8078,5.205,153.633,g
164.6323,44.5141,3.5273,0.1327,0.058,152.1085,115.4027,42.278,59.2784,249.2569,h
20.5693,16.3623,2.3829,0.5217,0.3002,12.1076,19.6243,12.6309,13.8912,172.662,g
53.6832,18.8762,2.8048,0.3777,0.1904,-33.6288,-22.3987,14.2476,0.803,295.812,g
24.5779,18.5496,2.616,0.3366,0.1877,-7.833,-16.6159,-8.6485,6.3722,201.205,g
120.043,22.227,2.8567,0.2058,0.1064,-92.3686,-102.472,-10.4054,61.0741,139.291,g
19.8358,12.8734,2.4273,0.5009,0.2785,13.8348,12.9184,7.3638,15.6293,58.9761,g
32.8087,17.3659,2.6959,0.3646,0.2346,6.3366,-23.3803,-18.1551,21.846,140.705,g
24.5434,15.9465,2.3191,0.4892,0.3046,7.1094,15.2248,-10.296,61.886,152.957,g
39.9641,11.9567,2.6604,0.3388,0.2022,-28.4351,-28.1013,-2.9941,6.987,109.072,g
26.0362,12.9389,2.7814,0.4036,0.2142,-24.4867,-18.4544,-4.7631,18.338,146.511,g
20.5981,10.6593,2.4393,0.6436,0.3436,16.7569,17.5245,7.0791,37.747,50.5289,g
42.1563,33.1096,3.5327,0.1836,0.1013,13.2423,34.6047,-19.6889,49.156,181.634,g
22.829,14.6751,2.5132,0.5368,0.3328,-4.5055,-18.5469,-9.4986,17.4089,98.3364,g
32.8157,23.4818,2.73,0.3908,0.2542,7.3507,35.3646,-15.9273,52.477,189.6054,h
18.1318,9.4712,2.1281,0.5086,0.2864,-41.5014,20.8547,-4.8252,38.1823,156.8649,h
27.3838,10.6979,2.6593,0.4466,0.2267,18.3774,1.7313,-1.1545,36.9013,117.5229,h
22.7946,17.6215,2.2889,0.473,0.2442,-25.018,-12.1896,-12.0047,37.2132,173.349,g
13.2334,10.4749,2.3355,0.7898,0.4688,13.5829,5.3945,-11.1831,44.4218,101.463,g
23.2129,9.9944,2.5145,0.5535,0.2859,-25.4829,-17.3115,10.502,5.932,153.643,g
22.3332,12.7498,2.2911,0.4859,0.2634,0.3511,-5.5732,-6.8113,7.275,159.242,h
20.801,12.5919,2.3531,0.5188,0.3215,15.9369,15.2411,-3.5753,23.3742,70.8116,g
109.337,26.1324,3.3661,0.1915,0.1091,75.3228,121.657,-24.4177,1.951,255.448,g
34.8458,8.0214,2.6484,0.4667,0.2349,-39.4085,17.8666,-6.0031,47.5145,168.0267,h
74.6704,14.0756,3.0481,0.2059,0.1097,39.7509,45.2061,-9.2482,47.047,183.877,h
57.2615,21.3184,3.1949,0.2119,0.1127,47.563,52.9252,-8.5969,2.0734,227.696,g
12.5616,11.8911,2.0626,0.7013,0.3506,14.9995,0.6593,11.3935,34.1556,217.529,g
51.4388,33.5175,3.7096,0.1819,0.0953,12.2223,51.0151,-8.8883,8.8927,117.003,g
191.9532,74.8707,3.4026,0.1541,0.0712,-125.8977,36.727,78.0365,51.4866,295.7634,h
38.3244,14.1536,2.7272,0.254,0.1558,-56.426,14.1189,-5.3078,25.762,172.7215,h
13.2754,10.6408,2.2541,0.7855,0.4262,-14.4378,-3.5739,-11.7493,16.91,154.265,g
33.3319,14.8359,2.8028,0.3811,0.2102,-30.7655,-6.3349,-7.0376,6.05,179.485,g
20.9442,6.9091,2.1123,0.749,0.4286,21.6052,13.8989,-6.0589,12.268,130.034,g
33.4674,14.8588,2.4082,0.4141,0.209,10.6841,-22.6627,4.5012,2.9606,216.285,g
22.7149,10.5732,2.3054,0.5594,0.3342,22.4666,19.5782,10.8896,17.478,173.991,g
74.7986,20.0861,2.9757,0.3765,0.2195,-22.9868,-40.0942,-8.8413,7.8318,308.865,g
32.8576,15.615,2.9204,0.3471,0.2,19.5004,24.0564,6.1461,3.5025,177.552,g
34.6369,18.8131,2.8414,0.2882,0.1448,-10.2472,-16.2837,-14.9995,2.9067,230.049,g
30.735,12.6049,2.5058,0.4743,0.3105,8.5614,-12.4211,-9.9938,2.8735,188.798,g
194.1337,77.3386,3.7326,0.1645,0.0855,377.9719,-180.058,35.2675,59.7473,265.2916,h
31.6799,16.8524,2.637,0.3437,0.1949,-38.0625,-27.3328,-13.4097,9.7853,128.834,g
18.649,7.4895,2.1508,0.7562,0.4841,-0.8756,5.0991,2.8894,43.5269,181.329,g
19.7576,7.3677,2.0917,0.7449,0.417,2.2005,-8.8224,-4.9836,17.401,136.693,g
51.2755,26.1717,2.9442,0.1675,0.0643,-37.5337,-26.86,17.3136,4.1303,120.635,h
14.316,7.6633,2.501,0.516,0.2509,-16.4898,-22.3006,-5.4934,78.1191,262.8649,h
61.0162,25.9182,3.7474,0.1564,0.0869,-4.2308,36.5881,18.9759,0.6497,212.01,g
19.1504,7.4601,2.317,0.747,0.4554,-1.1812,6.3935,-4.128,58.209,188.706,g
49.9884,18.3477,2.9983,0.2018,0.1019,-6.3434,28.8756,11.7644,4.2187,187.793,g
34.7035,14.3577,2.8663,0.3537,0.2129,2.2747,23.6089,-4.1388,5.354,140.17,g
22.8274,12.9011,2.2355,0.5581,0.311,-13.6277,-12.0722,-7.9568,33.5573,164.843,g
41.9434,7.6522,2.7892,0.4159,0.2169,-47.2507,18.567,4.8138,4.132,227.756,h
39.3161,3.1912,2.7012,0.4615,0.2379,30.772,21.5177,-1.5719,81.6321,162.9441,h
30.9558,15.5488,2.5539,0.3436,0.1746,30.7408,-6.8359,-6.6009,16.541,211.382,g
76.3397,24.6546,3.2783,0.2244,0.122,25.8035,58.9969,-13.194,1.5496,292.209,g
19.9306,12.88,2.2799,0.4987,0.3071,14.4848,13.6196,-2.5967,28.38,240.814,g
15.2576,11.9421,2.4698,0.6542,0.3983,-1.0343,-2.0711,-7.6607,48.9647,37.5615,g
20.8875,17.8095,2.5993,0.3698,0.2151,27.9798,8.4337,9.464,1.8603,135.964,g
269.738,116.564,3.5754,0.0867,0.049,-275.429,-141.642,99.6914,67.2745,100.327,h
17.8481,10.5084,2.3927,0.6275,0.3381,-21.4824,-10.9999,5.5515,10.016,109.651,h
43.2398,16.4744,2.7128,0.4054,0.2502,18.8727,50.0607,17.9983,81.1298,225.4924,h
54.4407,20.7228,2.785,0.2789,0.1436,48.6874,37.5961,-20.6507,19.5239,238.8,g
12.6982,11.7036,2.1746,0.7157,0.3712,-15.3967,6.8835,-11.2894,2.019,211.221,g
56.4705,21.3708,3.0824,0.206,0.1146,-9.0486,54.0238,-12.4466,12.2597,184.893,g
57.7931,11.6311,2.8296,0.2754,0.1458,-77.7946,-41.3028,-7.48,19.718,152.548,h
19.5172,15.4178,2.499,0.5452,0.3122,14.8563,17.8343,-13.5523,26.742,250.407,g
52.7057,20.4083,2.6469,0.4374,0.2785,-58.8942,-30.4432,18.615,2.228,282.408,g
24.2846,14.4915,2.5641,0.4393,0.2715,-3.275,-17.9976,10.4169,65.1564,105.288,g
42.0898,18.031,2.836,0.4697,0.2998,-38.4401,-36.9882,-13.5971,26.5244,205.6,h
21.5661,16.1045,2.6703,0.3503,0.241,4.8524,-23.9776,8.6312,38.2136,87.9327,h
193.654,73.6691,3.4715,0.1384,0.0815,-218.335,90.6984,-70.0768,85.0659,284.541,h
55.5853,9.8477,2.8917,0.4409,0.2368,30.2525,31.5485,-8.5044,50.205,43.7845,h
189.7254,112.7797,3.3088,0.1978,0.0834,-155.6492,-153.5757,-112.9424,31.1675,198.606,h
32.7696,24.7071,2.9533,0.2394,0.1364,5.722,-11.4513,12.746,16.6887,256.03,g
12.898,9.3741,2.3925,0.6594,0.4721,5.9645,-3.665,-13.6478,56.9702,111.7213,h
44.7279,13.34,2.9501,0.304,0.1587,-35.9781,-17.8001,6.4024,43.786,106.592,h
20.1941,7.3237,2.0986,0.7171,0.3944,-1.1919,7.6258,5.5067,70.3421,218.094,g
53.587,11.2697,2.5698,0.4941,0.3235,27.0133,43.0888,7.4915,3.0792,279.125,h
26.8928,17.7678,2.8439,0.3782,0.2357,-1.6706,-8.159,-15.8111,23.821,109.02,g
56.1918,29.7552,3.1316,0.2201,0.1208,55.1068,49.969,21.943,1.591,222.135,g
65.1513,29.9163,3.1392,0.2438,0.144,-41.3602,47.6741,-19.0741,17.772,323.143,g
28.4015,9.4934,2.6894,0.5321,0.2921,41.747,11.4296,1.9107,34.9012,204.7034,h
40.2632,14.5705,2.5061,0.4203,0.2618,-55.3723,23.4969,10.6279,66.7119,238.4949,h
50.936,18.8856,3.1553,0.2273,0.1178,14.7251,21.4604,10.7695,17.4184,162.012,g
104.672,39.6681,3.8711,0.1386,0.0708,-84.4156,72.5498,-24.3648,1.3782,314.936,g
22.3098,15.0676,2.3535,0.5549,0.3182,29.272,-4.5585,6.6847,34.0497,51.1374,h
27.6075,7.5854,2.2878,0.5928,0.3376,10.478,-8.0901,3.8484,2.676,147.808,g
82.4094,46.4922,3.4943,0.2125,0.1303,45.1287,55.7947,-33.2899,2.157,357.47,h
41.6355,17.1234,2.6212,0.4163,0.2213,42.6475,39.779,-13.432,35.001,170.008,g
44.4007,16.8812,2.5092,0.3189,0.1625,44.0654,-28.9283,-16.2577,1.708,253.655,g
68.5513,12.418,2.6742,0.2664,0.1147,16.2009,58.9233,4.1013,33.8445,152.9144,h
144.6026,76.9853,2.9709,0.2299,0.1189,-136.7437,121.749,-39.3138,39.6929,205.3179,h
19.4413,15.4514,2.4362,0.5018,0.2985,-1.6904,-6.7651,-10.0533,17.0993,179.353,g
33.9655,10.7787,2.5233,0.4287,0.2194,14.2004,-22.5319,-7.2744,57.9723,202.3466,h
41.085,29.9777,2.8152,0.2295,0.1217,5.5429,32.0384,-28.1744,42.802,134.755,h
24.1417,13.0809,2.7182,0.3339,0.1528,-45.9107,-15.5629,-4.0028,84.9921,122.1317,h
92.6284,33.594,3.5469,0.1703,0.1134,-57.3109,62.6011,-13.1964,6.878,273.371,g
18.7258,10.3934,2.248,0.5198,0.2684,-25.5405,-5.4961,-2.5632,21.0697,83.9883,g
64.5882,22.6144,2.896,0.2884,0.1709,73.505,39.6822,11.6059,4.603,207.633,g
75.888,32.9711,3.2363,0.1428,0.0746,-124.168,36.3425,17.9669,43.3579,205.602,h
18.25,15.333,2.3434,0.5125,0.3016,-7.7452,16.7866,8.702,68.708,207.648,g
55.0352,18.9305,2.7374,0.3999,0.2803,12.8041,72.5367,-9.6374,80.4271,236.0146,h
41.121,20.2472,2.7889,0.2569,0.1439,9.0304,-22.6301,-11.617,6.0005,233.69,g
15.0223,9.5857,2.3349,0.5951,0.3834,-4.1218,6.5101,-15.9472,71.8241,259.0902,h
25.4762,12.0898,2.4048,0.4134,0.2303,7.0323,15.7982,6.2085,24.847,193.349,g
94.2778,37.8911,3.8427,0.1273,0.0677,-72.9347,70.931,-13.14,3.203,256.87,g
51.6256,17.1391,2.7853,0.3311,0.2139,42.9826,40.0894,8.2603,1.8065,201.673,g
30.3839,8.9051,2.2753,0.504,0.2626,9.7225,21.2835,9.3032,52.542,226.706,g
23.6214,22.0542,2.638,0.3383,0.1922,7.5613,4.7176,-15.38,44.827,128.077,g
20.326,7.2678,2.1287,0.7286,0.3829,2.2156,-9.5734,5.606,16.506,220.915,g
20.6595,8.637,2.3243,0.6682,0.4289,-21.0561,-14.5819,-1.4484,12.801,138.173,g
33.3045,14.4421,2.6862,0.3687,0.2029,1.7249,-9.9052,8.066,5.2437,215.956,g
17.9508,10.0082,2.3962,0.6506,0.3996,-0.753,5.14,7.2953,34.256,155.183,g
23.0461,17.4599,2.6149,0.4078,0.2075,-7.6848,-6.6192,-5.7936,79.507,110.69,g
24.0751,15.5448,2.635,0.3986,0.2051,11.5412,13.5736,10.4314,25.081,138.319,h
20.0711,8.9345,2.5276,0.6706,0.4436,1.4327,-12.6418,-9.5415,89.7209,234.118,h
21.5993,19.7839,2.7608,0.3677,0.1865,-14.1571,13.1752,12.6847,85.9814,182.217,g
149.4514,68.7027,4.4422,0.044,0.0186,-9.0159,-117.2844,-39.1922,86.6215,146.9452,h
46.164,20.1827,3.0037,0.2519,0.1433,62.569,33.6071,-12.5142,8.801,230.402,g
28.2831,19.2789,2.5502,0.5408,0.2972,28.8722,21.3541,-15.6616,45.8856,160.503,g
28.3658,16.7161,2.5434,0.4292,0.216,25.6624,21.1782,-9.8803,4.663,55.8436,g
26.9438,16.6654,2.5192,0.348,0.18,38.4102,-7.1735,-11.7199,1.1222,234.542,g
31.0486,16.6026,2.8267,0.3055,0.1587,-4.54,-17.047,9.7213,19.8899,213.686,g
37.5684,19.3696,2.633,0.298,0.1548,-15.3336,-23.4659,-11.5457,10.117,173.052,g
26.1467,8.3126,2.5955,0.4855,0.3044,31.7919,33.7269,-11.1716,19.982,223.1163,h
42.2817,17.2856,2.7835,0.3276,0.1786,46.6406,-18.7476,-12.6115,9.545,229.383,g
177.744,74.2536,3.4733,0.0925,0.0486,-137.045,-164.608,-42.6643,53.015,154.608,h
44.4822,38.19,2.6882,0.331,0.1824,-7.8757,33.1754,-12.1653,22.7861,305.6269,h
20.4809,10.3726,2.5814,0.5937,0.3212,-44.7554,22.8794,6.1172,84.7118,206.0901,h
22.985,17.2814,2.6594,0.4009,0.2311,11.631,9.7216,15.4976,9.987,204.914,g
28.1608,24.4385,2.9996,0.2613,0.1637,12.8199,19.821,-17.0894,9.4205,65.1213,g
65.498,20.9142,3.0934,0.1782,0.1052,48.9853,57.1237,6.5693,63.886,76.3174,g
18.6832,10.2709,2.1461,0.5786,0.3179,23.2029,10.1665,4.2475,66.9307,195.753,h
80.596,26.4271,2.9326,0.21,0.1097,-63.9964,-77.8729,7.7452,45.2636,60.8011,h
68.0565,38.609,2.8686,0.3383,0.1834,9.0836,28.896,17.9971,13.7508,320.855,g
76.7605,21.3045,2.9854,0.2203,0.1143,-105.995,48.867,12.6649,4.141,279.831,g
42.1574,18.8897,2.8979,0.2985,0.1537,31.1444,34.7037,15.4835,3.9947,198.627,g
21.6904,15.0755,2.4548,0.4912,0.2614,14.1247,10.8751,-10.6761,89.7187,115.433,g
12.821,11.5175,2.3128,0.7299,0.382,-15.1936,6.2951,11.4469,8.593,195.637,h
25.3754,16.527,2.57,0.428,0.2275,6.4742,17.5153,10.4355,47.3012,46.4068,g
15.688,11.6747,2.4624,0.6069,0.319,4.6594,-7.0918,4.921,18.6683,87.4693,h
37.6758,25.6146,3.6018,0.2457,0.1335,19.5589,28.2246,-12.2202,20.1948,71.4024,g
22.0591,0.0969,2.1131,0.7144,0.3943,13.1468,-6.2334,8.6781,15.507,118.7977,h
118.287,14.0713,2.8814,0.3548,0.2043,-74.6136,-60.399,11.9614,0.0349,266.558,g
12.968,11.2631,2.1351,0.7473,0.3993,-14.9313,5.6859,11.5159,55.5492,197.405,g
24.5827,17.8604,2.5955,0.4137,0.217,8.9796,-7.8221,-7.0297,13.7582,91.8873,g
16.9161,10.8969,2.3032,0.6368,0.3905,2.053,-6.1137,-7.7358,4.058,79.684,g
79.0219,27.9276,3.0416,0.3289,0.1922,-69.1081,-57.9233,13.507,1.202,330.15,g
27.7996,14.0561,2.6839,0.4203,0.2308,-16.2866,7.6449,-9.2172,38.023,97.7341,h
20.8879,18.2004,2.4857,0.3987,0.2075,31.5053,-12.5132,-15.5852,58.144,46.48,g
167.274,40.9177,3.1045,0.1855,0.0955,181.582,40.2931,-33.1235,14.111,237.343,g
108.555,29.4081,2.8564,0.2797,0.1454,83.5491,88.0406,-29.4459,19.086,134.369,h
67.8749,23.5976,3.4861,0.2237,0.1135,54.1529,68.0549,-12.3682,0.505,174.157,g
242.091,105.708,4.6579,0.0348,0.0175,-218.465,-180.16,-52.6847,67.9337,243.077,h
166.518,67.7974,3.5938,0.1348,0.0829,-280.596,-110.008,-63.7341,86.5559,237.16,h
194.8482,169.6876,3.5132,0.1343,0.0995,-236.5186,-163.0125,-97.3015,1.1486,197.8866,h
19.7692,15.8392,2.6821,0.5489,0.3274,-19.1665,-15.8836,11.4315,83.8778,50.7506,g
82.3651,26.8716,3.5505,0.1855,0.1068,0.8101,44.2206,-15.4215,1.884,246.495,g
57.1095,19.0139,2.6527,0.2469,0.1301,-25.0464,44.8621,-11.3247,34.613,168.147,g
32.5241,17.8766,2.8395,0.3039,0.1556,-23.1878,-16.3538,14.9415,3.952,213.754,g
44.3569,9.7357,2.4955,0.4505,0.2252,48.0017,-28.215,-5.3309,26.077,153.025,g
17.6353,2.6886,2.2643,0.8113,0.4895,4.914,7.0239,3.2227,26.5873,208.5689,h
28.5956,23.4599,2.9865,0.3032,0.1521,37.2139,22.6608,18.2677,5.359,144.826,g
19.6229,18.7334,2.5179,0.349,0.1745,16.3392,11.422,8.841,10.1102,76.8999,g
77.5475,22.8198,2.9077,0.3228,0.175,67.2973,50.8484,8.7041,0.641,277.309,g
117.1218,14.8371,3.0446,0.2308,0.1429,-209.657,103.3694,-17.4809,38.4564,263.0177,h
83.7959,25.5426,3.5502,0.1786,0.0987,53.131,77.2854,13.0044,1.9876,263.155,g
24.2101,17.6167,2.7566,0.4203,0.2741,13.5749,19.3482,12.3625,19.1417,194.435,g
94.8262,34.3604,3.6921,0.1908,0.0999,-44.6184,51.842,-15.2767,0.5894,353.536,g
42.5173,29.0378,3.4363,0.1765,0.0987,32.2464,25.8013,-11.0238,11.891,85.2971,g
92.8941,20.3707,2.8509,0.312,0.1913,132.1165,-63.5193,20.9589,39.6602,179.8664,h
152.629,35.7624,3.5996,0.0769,0.0386,-154.488,-120.529,-23.1088,87.2944,131.18,h
73.6884,20.7426,2.699,0.2583,0.1266,-0.1382,84.5156,-14.3538,36.7293,121.7104,h
36.9596,16.6503,2.7723,0.2838,0.1512,-4.0322,-28.5974,-10.5973,10.1152,250.027,g
27.4144,5.002,2.2684,0.5691,0.3034,-11.2641,-10.8555,6.3189,65.104,162.1148,h
19.1909,12.5187,2.5309,0.4956,0.2912,11.4888,19.2837,10.4858,48.9617,53.4254,h
19.4338,12.9863,2.7672,0.6564,0.3308,13.3813,17.7829,4.7167,10.3057,211.967,g
26.838,18.8744,2.6392,0.455,0.2968,-8.8152,32.569,-8.5199,42.4304,145.053,h
17.3053,9.6993,2.7375,0.6688,0.3733,16.3859,19.729,-10.9276,7.7583,245.5844,h
30.3025,18.4524,2.679,0.3665,0.2084,-7.6252,-25.0872,13.8402,88.4244,214.766,g
9.6824,8.6952,2.1323,0.7312,0.4196,-5.8029,1.5449,-9.1577,42.0848,61.2014,h
18.7908,10.3372,2.5302,0.5251,0.2847,24.8307,7.6263,0.0,18.3669,190.416,h
246.1568,104.1048,3.454,0.1175,0.0909,-324.9098,-154.7637,-84.7739,31.9716,191.5152,h
134.663,29.5603,3.5792,0.1389,0.0781,-90.5895,87.8003,21.8651,1.916,271.032,g
40.7147,29.3001,3.036,0.2163,0.1201,-7.9783,-28.4524,24.6495,6.3965,218.587,g
35.5214,19.0795,2.7683,0.2592,0.1356,-7.2942,26.5883,8.2989,3.6208,203.094,g
20.973,9.2866,2.281,0.6283,0.3796,4.2855,-15.3278,-10.5249,6.917,243.768,g
22.5472,10.2322,2.3243,0.5687,0.2962,31.0386,-15.4424,-5.4361,31.7443,221.658,g
27.6633,15.7752,2.4997,0.4842,0.3149,-1.4922,21.1498,-6.049,3.7736,194.352,g
48.7661,36.6354,3.1553,0.1573,0.0787,-14.1479,-30.0173,-34.6153,44.1112,134.945,h
36.1686,18.5335,2.7084,0.2798,0.1536,56.2287,-13.0029,13.5239,4.218,214.564,g
22.2487,0.0,2.2565,0.8199,0.4349,-22.3546,-17.0073,-0.0001,28.019,110.61,g
109.756,17.1293,2.8531,0.2973,0.1578,79.3909,103.006,8.7697,11.0651,138.074,g
88.4638,26.6695,3.444,0.2338,0.1509,-45.0756,44.1096,19.3974,0.533,295.65,g
30.5549,19.5497,2.8615,0.315,0.1685,-1.3892,-26.6817,-10.7674,5.5986,184.121,g
49.2968,32.0297,2.8754,0.3112,0.184,52.5694,31.3691,23.8645,33.8486,230.3021,h
113.51,21.8235,3.0842,0.271,0.1487,95.7634,84.9624,12.6704,4.016,293.09,g
12.9762,11.2618,2.3434,0.7483,0.3923,14.9647,-5.0459,-11.6619,44.47,193.793,g
28.0998,18.5689,2.8663,0.3592,0.2143,19.4371,19.6038,-9.8189,2.906,121.75,g
42.7448,17.6601,2.7412,0.2976,0.1642,5.3478,22.4234,14.1585,8.9172,252.14,g
100.088,19.8171,2.7202,0.36,0.2467,-121.313,-58.6108,18.1352,1.9948,239.547,h
58.2229,23.2399,3.2429,0.1852,0.106,0.3109,47.8331,15.0258,12.8453,204.123,g
19.1572,7.0447,2.2214,0.8228,0.4174,-20.328,-12.7218,2.8133,41.337,196.529,g
19.2398,11.909,2.4541,0.5659,0.3533,1.9924,-7.1701,-11.0978,47.0555,221.793,g
45.5534,16.0162,2.4601,0.3605,0.1924,5.6282,18.5022,-6.7072,25.26,143.469,g
27.3719,9.6941,2.5826,0.7007,0.383,-26.0024,-20.1652,10.7687,89.5153,20.8435,h
23.623,9.1083,2.2788,0.6474,0.4079,25.9931,10.164,8.2581,2.525,193.019,g
26.1954,9.0943,2.4191,0.5562,0.299,-7.0807,-10.6517,5.1507,23.341,115.735,g
249.5054,24.6661,3.0543,0.256,0.1287,-214.8365,-257.6876,16.2713,33.6345,126.6935,h
23.6595,16.511,2.6425,0.3759,0.2062,-10.9314,-12.0225,5.2125,24.255,217.092,g
77.8184,27.4015,3.7514,0.1469,0.0798,37.2879,71.6719,18.0313,7.111,202.141,g
35.5176,13.2352,2.6613,0.362,0.2148,2.2895,28.7752,-10.4155,4.565,158.238,g
27.8909,12.4487,2.2956,0.4354,0.2354,18.1908,17.7501,8.0896,18.316,219.12,g
90.3185,11.2205,2.6133,0.5053,0.2462,-56.2843,-113.3689,11.7299,38.6073,77.2846,h
24.4714,0.0,2.0273,0.7136,0.3897,0.0,0.0,14.1076,43.301,214.197,g
35.0517,12.7947,2.4293,0.4969,0.3134,17.8951,-10.8897,11.6452,40.8358,213.9211,h
130.792,77.1525,3.383,0.2323,0.155,-20.9164,-140.309,45.197,51.585,328.174,h
106.501,32.4188,3.6269,0.1225,0.0648,52.4317,89.5803,-23.8236,4.26,291.819,g
44.0846,23.0143,2.8974,0.1963,0.0994,25.9525,-35.1309,19.3011,16.119,210.596,g
24.4466,17.6349,2.5434,0.392,0.2074,11.5906,-13.087,-8.4008,1.8427,127.831,g
28.1928,16.9707,2.7376,0.3202,0.1711,5.2327,-19.0277,-12.4645,10.515,241.152,g
77.9219,31.8209,3.7043,0.2059,0.1232,-2.4392,58.1668,-14.371,0.2442,327.992,g
187.4964,46.6158,3.2851,0.1569,0.0918,-171.7333,-76.7201,52.3407,54.8226,89.5007,h
52.6746,19.8682,2.8745,0.2203,0.1132,-78.4584,-40.0201,-4.3654,3.9891,198.4444,h
21.6581,10.7069,2.2014,0.5409,0.2799,-5.6179,17.803,-8.9505,39.009,129.765,g
27.3815,17.9356,2.736,0.3747,0.214,1.3562,-9.0074,11.1602,34.259,226.211,h
42.9912,16.7298,2.6304,0.3091,0.1581,5.6248,37.8093,-12.1548,12.565,179.351,g
24.8794,13.5528,2.3334,0.5104,0.2947,-15.1258,-13.326,-11.75,8.407,116.321,g
144.73,43.9751,3.4122,0.1033,0.0571,11.6485,-147.616,33.0563,2.4463,208.064,h
33.5974,11.5666,2.6542,0.5078,0.296,36.6765,25.6141,5.5844,48.1757,260.231,h
86.053,23.1441,3.239,0.2555,0.1537,-38.8545,66.8435,-17.8851,3.062,323.242,g
24.2462,19.1157,2.8392,0.3273,0.1644,2.7627,16.4395,-6.85,25.7863,91.159,g
45.1333,9.835,2.4997,0.4557,0.2611,42.295,-17.9081,-5.2001,37.171,163.455,h
33.3384,15.5055,2.7713,0.4202,0.3083,-6.7684,-37.1796,-7.572,58.9381,180.2571,h
240.754,228.0385,4.905,0.0303,0.0125,198.3768,-102.5088,-205.8947,77.6662,162.6817,h
163.7803,43.5652,3.1101,0.2666,0.1637,-123.4252,-51.1658,-41.4222,62.4728,302.7105,h
52.2552,26.5603,3.2909,0.1515,0.0827,-25.853,-30.3301,-5.9967,0.282,248.992,g
67.2332,22.0694,2.8322,0.2311,0.1214,-86.4397,62.9753,-17.3832,7.8252,246.013,g
53.2467,6.4925,2.6449,0.4077,0.2163,2.9885,19.9021,3.9065,78.769,238.214,h
25.9963,17.1008,2.6702,0.3825,0.2126,4.6758,16.9803,10.872,85.2337,46.9963,g
28.4121,15.2158,2.2934,0.4784,0.257,-36.5776,-16.7046,-16.6413,10.5692,178.508,g
24.2215,13.5799,2.3683,0.5525,0.3019,-24.4026,-12.4316,-10.57,0.075,209.655,g
92.9886,43.8052,3.1059,0.1936,0.1085,-110.397,-63.9611,-63.1619,78.548,172.733,h
73.9764,33.4965,3.5894,0.1624,0.0828,-57.1492,40.3656,17.0832,1.537,272.534,g
334.177,49.3465,3.2389,0.2888,0.1589,-246.3566,-297.1717,36.8241,10.3534,110.5105,h
31.4295,17.7595,2.8058,0.3002,0.1509,-14.7234,10.3276,-6.3248,50.569,156.868,h
19.9428,16.0295,2.2188,0.435,0.2266,-6.435,18.1783,-2.0147,44.0604,74.6269,g
50.6501,20.5626,3.032,0.3781,0.2178,-17.3541,-55.2432,-11.0239,4.2206,239.256,g
124.19,92.0095,4.6791,0.0327,0.0167,128.383,93.8392,-34.9944,4.3673,232.102,g
272.063,20.1242,2.5563,0.4556,0.2319,-349.757,203.863,-13.8784,62.3504,184.06,g
19.0879,14.9726,2.6112,0.5361,0.3244,19.0211,18.9716,4.8495,57.598,191.415,g
58.7044,32.7913,3.8254,0.1366,0.0745,29.0163,49.9657,-21.3354,4.8245,159.71,g
20.9454,10.1077,2.5402,0.6192,0.3395,-10.2584,32.5003,-0.2376,80.4683,227.147,h
202.93,37.4883,3.023,0.2096,0.1048,-211.109,85.5119,32.7192,5.3398,267.364,g
26.0503,14.4701,2.5849,0.3953,0.212,28.6458,19.0003,-9.2827,16.2105,139.812,g
48.5562,19.8516,2.899,0.2864,0.1697,30.2529,46.7231,15.4155,10.529,150.565,g
143.0334,28.2636,3.0685,0.2681,0.2198,-187.8751,48.4919,-20.274,11.0121,202.688,h
23.2865,14.6321,2.5515,0.4268,0.2495,1.563,15.7269,3.7522,35.7297,193.4381,h
49.6514,24.7284,3.0939,0.2199,0.1116,39.5172,41.6345,-15.3457,0.839,264.9,g
103.274,29.24,3.4659,0.1772,0.1165,-55.235,54.8179,-13.4292,5.2374,286.185,g
120.776,90.0659,4.306,0.0525,0.0277,63.2978,84.9067,-52.415,24.028,235.673,h
19.8728,10.4742,2.2577,0.6409,0.3674,-5.6843,16.2479,6.6265,72.232,230.067,h
24.0549,12.8361,2.2279,0.5503,0.3166,-27.9552,-11.1756,-5.4819,44.928,140.654,g
30.5265,17.9152,2.7945,0.3162,0.1693,24.9069,-17.8305,-6.4695,65.9587,45.7957,g
75.609,74.4328,3.136,0.2788,0.1699,8.1205,35.9985,-99.0869,8.8103,235.5925,h
28.0633,13.4339,2.4829,0.4539,0.2319,4.2123,24.2691,6.8095,7.147,141.421,g
96.0797,64.5826,3.7519,0.082,0.0505,29.593,65.2416,-36.5273,46.8643,188.972,h
37.0457,17.9792,2.781,0.3113,0.1581,9.6312,26.4456,-9.0443,3.9171,114.903,g
65.9696,17.1493,3.1947,0.2433,0.123,40.8945,38.7861,-20.5703,56.9408,142.484,h
51.1323,12.8883,2.6739,0.2627,0.1324,-18.1474,-22.0785,8.782,17.713,89.1934,g
107.625,97.6105,3.444,0.1953,0.1221,52.4506,114.739,-61.743,46.8125,304.342,h
25.8364,18.8065,2.659,0.3816,0.1941,3.8979,19.2688,-10.7975,4.6269,248.951,g
29.3966,16.8328,2.7645,0.3921,0.2382,24.722,8.654,-5.893,12.463,182.065,g
91.7312,25.0898,3.3263,0.1651,0.0908,-139.036,49.7262,-10.7724,5.105,301.438,g
24.9527,9.1084,2.3434,0.5533,0.3651,-13.7207,7.8747,1.3227,20.728,144.478,g
41.4947,23.9692,3.5532,0.2126,0.109,-2.2167,11.9584,11.5529,5.0887,185.47,g
81.8428,21.4325,3.5977,0.1326,0.0741,61.393,75.5197,-11.2675,2.008,228.566,g
32.2768,11.9004,2.316,0.3671,0.186,43.3477,12.9882,-11.3838,17.4336,61.1064,g
25.1893,16.6928,2.5599,0.3554,0.1915,16.0945,-12.0955,-6.8841,40.633,248.737,g
60.4423,12.5589,2.721,0.4335,0.2823,56.2428,43.8339,-7.9984,26.708,172.974,h
59.415,20.7728,3.0326,0.2208,0.1109,32.1447,31.1649,-14.4489,6.807,241.735,g
43.1582,11.7072,3.0029,0.2996,0.166,62.1722,25.3654,-14.3256,63.2298,198.9022,h
40.1211,12.6981,2.5024,0.4057,0.206,-37.4845,21.9521,-6.2214,7.61,190.449,g
75.3228,25.8935,3.5093,0.2,0.1212,-41.819,64.9894,-15.9761,1.216,319.543,g
95.3347,27.2076,3.49,0.1641,0.0872,84.3962,87.3563,-9.6845,4.016,222.414,g
64.5419,54.5073,3.193,0.1937,0.1055,49.8042,54.7333,59.0269,31.4631,249.407,h
30.1938,20.0706,2.8222,0.3614,0.186,2.955,-10.2698,-18.6686,13.7154,184.876,g
36.9932,11.4585,2.6513,0.4353,0.2355,30.074,19.8074,-11.6242,4.1823,196.178,g
72.5875,17.0188,2.5857,0.4927,0.2451,26.8902,65.9551,-12.4688,87.3017,203.6814,h
22.9006,12.6407,2.6232,0.4833,0.2536,16.6679,12.9589,-8.2808,11.7582,138.647,g
20.7471,7.1701,2.0434,0.7149,0.3575,24.2341,9.9352,-5.9667,24.743,113.793,g
24.0251,14.1002,2.6227,0.4386,0.2586,-3.2899,-17.2089,-4.9169,53.5781,106.394,h
22.6283,10.8492,2.2175,0.5394,0.2818,23.3656,18.9841,9.8064,56.227,188.476,g
26.712,20.8295,2.7931,0.3752,0.2134,22.1951,22.0373,10.0754,44.012,196.332,g
19.5137,12.793,2.437,0.4899,0.2651,17.6526,10.4382,-4.2375,43.7446,111.286,g
34.6933,11.4502,2.4346,0.4559,0.2592,6.6377,-21.8955,-8.4072,3.7316,189.52,g
30.5492,14.3894,2.5031,0.3925,0.2151,-37.6521,-20.5573,-9.1825,50.6983,120.915,h
20.6477,15.8523,2.42,0.4068,0.2186,0.3193,-9.9218,-6.4436,62.0705,75.0165,g
23.0525,15.1418,2.3838,0.438,0.2624,13.5555,15.8065,11.7827,54.648,129.674,g
27.4069,22.8564,3.0336,0.3498,0.2291,-5.118,-14.929,17.33,76.05,102.33,g
26.4601,15.9796,2.3747,0.3797,0.2089,1.2693,5.2042,4.5312,38.543,39.9789,g
76.7069,33.2691,3.0297,0.2159,0.0884,24.3289,56.3351,-22.6523,87.8069,134.4601,h
26.9766,9.7238,2.3064,0.4593,0.2395,-12.3167,16.287,1.6476,3.675,197.338,g
8.0518,7.6959,2.4996,0.6751,0.4281,-0.5604,-4.9496,-9.9392,74.1809,135.6929,h
103.799,41.6904,4.213,0.079,0.0428,-45.7858,81.4942,-20.2735,2.833,280.41,g
26.8145,19.1915,2.791,0.3447,0.1788,10.2884,-10.587,-14.7578,66.3368,194.616,h
12.9213,11.3547,2.2266,0.7418,0.3887,-15.0346,5.4948,-11.5982,84.1468,71.2371,g
16.3214,10.697,2.3483,0.6861,0.4507,-2.4424,3.415,8.742,6.0909,206.249,g
39.8069,25.6209,2.699,0.242,0.137,7.2806,31.4572,19.704,29.426,186.213,g
84.6964,12.5755,2.6985,0.2362,0.1191,-22.8936,-45.472,-9.2525,0.7814,233.223,g
26.8132,19.8716,2.4976,0.3752,0.1924,31.0507,24.4633,17.1262,33.5185,117.734,g
89.3435,23.2121,3.4987,0.2315,0.1575,-24.8013,68.8204,15.7485,1.3127,305.733,g
62.2097,25.172,3.3344,0.1686,0.0864,6.4592,55.0157,14.4867,6.1974,217.096,g
57.5809,13.5809,2.6684,0.3519,0.177,-20.2155,-54.0283,-4.5258,6.463,219.962,g
23.8479,12.1111,2.5145,0.4404,0.2217,7.2266,4.5911,5.9242,11.4981,218.958,g
21.0701,9.7165,2.2742,0.6649,0.375,20.6119,18.804,11.4202,6.7698,111.115,g
19.941,8.7048,2.305,0.6948,0.4651,16.4179,-9.2523,14.1983,62.8428,149.075,h
38.5399,20.4511,2.7214,0.3324,0.2194,-2.0651,15.7963,-19.8976,86.2652,260.973,h
31.67,20.4502,2.5752,0.4475,0.3179,17.6706,15.3634,-4.9596,56.1142,188.5765,h
55.1646,22.375,3.2629,0.185,0.0974,-7.9939,39.3279,-14.6791,1.7086,237.663,g
148.9539,59.0483,3.4519,0.0823,0.0735,58.9605,109.8846,53.862,17.6832,209.8302,h
20.4886,7.0549,2.2292,0.7611,0.41,-21.8262,-13.11,-5.6667,56.8745,114.58,g
112.434,68.5193,3.8612,0.1056,0.0555,78.21,110.795,101.393,6.138,182.104,g
31.6449,19.14,2.666,0.2869,0.1456,-0.6528,-12.193,-12.4431,3.7388,88.9212,g
23.5226,0.0029,2.055,0.7137,0.3833,1.3219,-10.0212,0.0001,67.2339,197.231,g
35.5524,15.3608,2.7945,0.3579,0.1806,-10.5469,22.0225,6.9349,13.69,166.058,g
61.9969,14.4244,2.541,0.3683,0.2173,42.7123,56.2947,-9.1364,5.723,150.479,g
92.6891,25.7202,3.5304,0.1359,0.057,16.7693,103.1011,-10.2285,27.0591,75.9238,h
29.4828,19.2696,2.4859,0.3807,0.1757,2.8885,2.8039,-5.2088,16.0832,127.5573,h
41.6954,21.7415,2.9418,0.2676,0.1652,13.8623,22.6072,17.4835,35.786,232.635,h
94.9244,29.6092,2.995,0.3328,0.1998,-62.8822,58.973,-30.1159,1.23,321.891,g
17.3517,16.876,2.4965,0.4064,0.2277,-0.8085,16.4074,6.3584,32.4333,145.3753,h
23.2176,10.6981,2.2945,0.6548,0.3579,17.9424,18.2835,7.7301,13.098,194.157,g
26.2348,13.4231,2.3355,0.5127,0.3025,11.3928,14.849,13.3223,14.1872,238.223,g
125.3915,61.8069,3.6173,0.098,0.0577,-187.5654,85.1881,-28.3802,13.918,211.8891,h
18.5085,11.5876,2.3979,0.68,0.414,11.9813,18.8142,-8.4055,85.9662,185.613,g
256.792,171.9848,4.0709,0.0501,0.0474,253.046,-76.4121,143.8753,85.8723,225.1622,h
46.4559,18.914,3.0592,0.2906,0.1802,27.0942,36.1971,15.6024,3.5737,194.254,g
12.6726,11.743,2.1508,0.7138,0.3569,14.9983,0.8645,-11.5275,17.1657,62.8003,g
39.3361,17.7954,2.4391,0.6373,0.372,15.8051,13.9885,19.3791,66.7342,330.8791,h
21.7072,7.8764,2.5402,0.4848,0.2166,18.2878,21.3202,-0.3793,50.5844,161.373,h
99.674,17.6964,2.7003,0.323,0.1785,98.1666,71.4059,-15.8127,6.932,276.091,g
18.1038,10.749,2.1644,0.5205,0.2637,0.7222,-6.0334,2.9306,20.707,84.1078,g
193.504,46.9149,3.1865,0.3111,0.2001,-134.512,-193.8,-38.4285,29.4404,347.452,h
73.813,20.0997,3.3252,0.2081,0.1152,-91.8746,59.636,13.6028,5.7286,247.395,g
73.4527,20.2934,2.9745,0.3043,0.1766,-52.1882,44.5837,9.6189,0.288,278.241,g
94.1338,29.9863,3.0077,0.2692,0.1351,22.629,-71.8447,3.5768,3.4297,352.786,g
60.523,20.5941,2.9559,0.2568,0.1312,-95.9883,38.2529,-14.9239,9.3455,241.618,g
87.1434,13.1445,2.7024,0.4087,0.2252,-83.9072,64.1095,11.6992,7.3785,278.506,g
18.424,11.0174,2.2739,0.5471,0.3436,-23.2152,-8.4396,4.2005,80.64,255.1573,h
72.0237,29.5013,2.9787,0.3522,0.2033,41.8738,87.7355,18.2526,89.5515,265.9841,h
28.4641,9.4391,2.273,0.4533,0.2533,-40.3157,15.9289,6.6576,63.511,50.8947,g
73.5065,33.3536,3.2636,0.3221,0.2466,-1.6256,61.0495,31.2638,12.7952,360.797,g
32.5101,12.912,2.5821,0.5105,0.2919,8.0503,21.3098,-6.7075,9.475,192.303,h
26.6089,12.1289,2.4728,0.3704,0.1936,38.2698,7.7958,-5.8931,1.407,175.8,g
88.1093,20.6028,2.7589,0.2718,0.1542,56.4569,72.0646,5.3155,8.618,173.233,g
42.6815,17.6534,2.8159,0.2872,0.1474,7.3513,38.7058,-6.9802,5.212,194.61,g
24.6542,14.6795,2.5599,0.4518,0.2493,9.4636,17.8589,-12.1056,19.0658,141.979,g
20.3836,9.0462,2.3365,0.6359,0.3894,22.27,12.9487,-2.0403,43.0032,66.1667,g
93.1176,56.0304,3.45,0.199,0.1292,-23.8404,42.5379,33.0975,12.7497,314.1163,h
50.1122,27.2217,3.2483,0.2049,0.1025,-41.7353,-43.1794,18.9071,85.7234,134.637,h
43.0284,31.3883,2.799,0.2272,0.1152,56.8515,27.3781,16.6231,65.1875,176.816,g
16.6311,15.8664,2.3464,0.6261,0.4122,0.7664,15.1078,-12.0873,31.7295,79.8351,g
28.0708,8.9831,2.5308,0.5217,0.2802,6.1847,34.7658,-5.7701,17.1458,203.9697,h
31.6774,12.906,2.3887,0.4565,0.2805,-29.7706,-20.8384,-13.1949,69.8269,143.0876,h
34.691,10.8773,2.7189,0.4623,0.2378,12.631,28.663,-9.1292,51.336,245.841,h
66.6014,23.7963,3.0992,0.1528,0.0768,-18.5514,16.4082,-13.546,2.4355,267.41,g
30.1961,12.5842,2.2504,0.5843,0.3455,-17.2582,-20.1651,-8.0088,79.825,42.3274,g
30.6591,18.6711,2.9798,0.329,0.1692,35.4123,25.9341,-7.4568,13.0647,215.955,g
25.1503,0.0,2.1414,0.7437,0.4729,23.9352,18.4433,0.0,11.393,131.527,g
51.323,26.1315,3.1199,0.217,0.1001,-32.9862,23.8665,15.2463,58.1352,243.5677,h
22.2351,12.6827,2.3086,0.4668,0.2432,-30.1279,8.9282,9.092,0.427,255.986,g
21.138,12.1025,2.6004,0.5521,0.3375,16.3835,16.7364,-4.3067,10.21,97.0489,h
12.7256,11.664,2.0354,0.7189,0.3733,-15.3439,6.703,11.3405,58.2737,241.68,g
29.3411,18.9033,2.6566,0.43,0.226,-14.9195,26.1636,-12.012,30.2038,65.2698,g
26.0686,17.069,2.6258,0.4284,0.2379,10.1475,9.1763,-9.7769,55.5722,41.5565,g
25.7412,16.0518,2.5416,0.4282,0.217,7.7326,22.7282,-8.1339,17.059,185.854,g
81.1521,29.1526,3.184,0.182,0.1064,31.188,17.6998,14.7665,4.248,270.309,g
70.1175,26.765,2.8525,0.361,0.2128,-78.9622,34.9175,14.1978,1.4663,262.124,g
28.0113,11.9892,2.4579,0.3868,0.2003,34.1512,22.754,-10.1259,0.4067,171.008,g
24.1567,16.1855,2.637,0.3659,0.2211,-49.2113,-12.5315,-20.4653,65.6452,207.0016,h
27.7118,2.2078,2.3803,0.8141,0.4716,-16.7315,20.2097,-1.1527,53.0785,190.6358,h
22.7386,12.9693,2.6064,0.5446,0.2735,-5.0726,-16.2333,6.2894,58.6846,76.8758,g
19.6419,0.0,2.2,0.795,0.571,-0.5678,5.2697,0.0,34.817,182.016,g
21.023,10.3653,2.2455,0.5795,0.3324,-4.6042,16.4509,8.5136,26.38,152.15,g
28.2701,6.5766,2.3522,0.6089,0.3622,-31.086,-19.7886,-4.1616,10.181,185.309,g
20.2891,10.2394,2.2856,0.6114,0.3705,4.7428,-15.8841,-8.4202,2.323,113.0,g
79.9539,31.9315,3.1602,0.2497,0.1518,53.3845,87.6757,16.2707,17.7108,171.441,g
64.8184,32.8868,3.5547,0.1522,0.0771,49.188,59.6525,21.2048,10.068,188.666,g
34.248,9.5415,2.7431,0.3216,0.1482,-10.2511,10.9714,-7.1032,74.2888,130.4464,h
30.1822,10.5526,2.7022,0.4441,0.2679,11.8511,-10.6613,6.9912,85.6566,189.3609,h
36.8034,19.8968,3.0206,0.2794,0.1588,35.5382,16.4042,13.4052,9.87,202.831,g
66.7934,29.376,3.022,0.1854,0.0993,-124.258,60.4852,-19.8006,15.777,258.263,g
30.5904,16.5965,2.7063,0.3441,0.2016,5.9967,17.8634,10.7776,15.8836,195.0,g
56.5201,12.8995,2.3766,0.4244,0.2248,55.0485,41.577,-6.8586,7.327,159.928,g
37.3119,17.1725,2.6314,0.3481,0.1834,36.0601,24.4252,5.2623,2.7907,185.909,g
81.7861,17.9189,3.1326,0.2864,0.1391,-93.5671,47.9659,13.1476,63.938,276.7126,h
81.6624,26.8262,3.7255,0.1893,0.1038,44.8891,72.5713,19.2051,0.3395,261.226,g
93.736,45.5182,2.9242,0.3236,0.1781,-79.0201,-52.5972,43.9132,50.0594,153.4609,h
33.9892,23.6524,2.8303,0.269,0.1382,35.1153,-13.5506,-17.4954,78.755,79.9828,h
21.044,10.5513,2.2227,0.5689,0.3084,-6.5323,17.6911,-10.0179,33.4231,179.11,g
33.7694,21.3139,2.9696,0.2971,0.1764,-24.1567,-25.1065,11.3852,18.9,130.031,g
107.596,24.3337,3.146,0.2015,0.1025,-98.8176,83.1887,-20.333,4.8351,241.207,g
29.5854,10.6494,2.4565,0.4636,0.2375,17.5969,22.4894,-3.7615,73.7976,205.7623,h
65.3016,12.6361,2.6385,0.331,0.1828,-102.821,47.2842,-8.7126,3.509,238.032,g
38.5699,28.2893,2.9071,0.2824,0.1616,6.9089,-34.9487,20.8026,4.443,233.634,g
30.5799,17.6846,2.7063,0.3383,0.1976,31.8659,-15.4914,-13.7831,3.1547,188.017,g
21.8794,10.9246,2.2765,0.5503,0.2937,22.2202,19.1731,-10.1413,24.791,173.444,g
29.557,18.2513,2.7063,0.3166,0.1642,35.0348,16.113,10.5996,23.2507,159.405,g
60.1978,20.9071,2.8398,0.2752,0.157,59.3684,64.5593,-5.3056,57.4882,144.7271,h
98.2466,18.6156,2.8065,0.2217,0.1272,62.7414,85.6418,-10.1682,0.72,166.668,g
101.348,31.8718,3.4574,0.219,0.1209,-69.8804,46.7859,-17.4249,4.929,326.7,g
24.0061,17.6551,2.6053,0.3697,0.2072,-7.8864,-4.5617,10.4587,43.73,149.701,g
25.667,20.5174,2.8692,0.3392,0.2034,0.642,-17.788,-13.6901,68.654,40.8072,g
120.765,72.165,4.1921,0.083,0.0429,-31.8855,65.9726,43.81,58.771,352.983,h
27.4014,11.8757,2.4843,0.4852,0.2443,2.4912,23.6171,11.3589,48.202,223.787,g
98.6964,31.8628,3.1816,0.1685,0.0899,-71.5992,-42.7278,29.2369,3.6338,290.648,g
15.2121,12.1585,2.243,0.6571,0.3343,-0.1527,1.4138,3.3465,34.78,158.011,g
26.889,9.8236,2.4433,0.4468,0.2324,34.4309,19.4041,-6.9568,18.419,192.16,g
30.1196,27.4377,2.6959,0.286,0.1621,5.8084,21.3044,15.6655,51.11,115.295,g
25.2333,7.5107,2.3222,0.681,0.3881,-13.008,11.1798,5.0984,17.1998,137.824,g
34.2352,16.4455,2.7042,0.2984,0.1709,0.0841,13.0574,-2.954,74.421,86.2714,h
87.0597,34.0971,3.8268,0.1097,0.0586,62.2463,78.6473,19.7569,2.127,152.33,g
32.2999,13.9228,2.5769,0.4424,0.2715,-22.7049,-14.0933,12.5404,83.4885,245.554,h
37.0597,22.8855,2.9039,0.2695,0.1454,34.8938,34.3343,-19.3562,3.6658,245.11,g
22.1048,12.8114,2.5315,0.55,0.2926,-16.8134,-17.7512,-7.3296,9.0091,151.762,g
123.62,27.3891,3.2591,0.1883,0.0961,-91.0451,-99.2858,-29.103,25.569,128.876,h
25.5266,13.5188,2.4771,0.4267,0.225,-20.3338,17.8873,-2.0969,5.2328,189.281,g
29.4859,12.9874,2.4433,0.364,0.218,26.0576,17.394,-4.4317,6.035,131.668,g
35.8749,17.2436,2.9499,0.2884,0.1487,38.2713,-16.3614,8.1999,10.037,221.934,g
28.9792,11.0847,2.4224,0.4575,0.2552,23.1427,-19.7655,4.059,6.3588,182.577,g
12.3934,12.0919,2.2,0.6751,0.3502,-16.8836,10.6145,0.0,50.0643,176.064,g
19.6894,9.572,2.7192,0.599,0.3105,-6.083,17.567,-9.9337,32.7719,186.1666,h
23.062,0.0,2.1717,0.8013,0.4613,22.1209,18.1404,-0.0001,61.897,206.174,g
34.969,20.997,3.0237,0.3229,0.1813,14.067,31.0741,-12.1934,4.116,151.726,g
18.6761,16.1222,2.4772,0.5361,0.2718,-3.3256,7.2379,-12.5515,69.5612,194.6364,h
33.1412,18.2692,2.8695,0.2876,0.1641,22.1164,20.581,12.7008,11.856,143.47,g
43.66,13.0392,2.9135,0.288,0.1544,-0.9597,-28.9239,-7.8648,0.759,181.51,g
21.6376,15.3225,2.4346,0.4338,0.2592,24.6669,13.3466,-6.7626,1.591,206.873,g
110.5279,60.4727,3.3362,0.3675,0.2222,-58.2974,-124.5173,48.5081,14.6671,448.0295,h
21.2198,11.2399,2.2405,0.5517,0.3017,12.7177,19.0849,-8.2765,53.7221,130.935,g
25.6972,12.6139,2.5128,0.6832,0.4379,18.485,-14.4561,4.1148,70.6207,70.6379,h
73.2223,22.4882,2.8659,0.4095,0.2621,-59.082,50.2243,14.8263,0.1012,286.3199,h
140.283,42.161,3.735,0.1701,0.0855,-116.842,-84.1378,-34.8501,41.5116,274.198,h
21.034,7.0887,2.1889,0.7055,0.3657,-24.2465,-10.1613,-6.1728,66.1205,140.607,g
229.817,9.5128,2.2934,0.4733,0.2672,-163.419,-183.305,7.5867,73.975,118.247,g
50.1329,20.7712,2.9206,0.4262,0.2695,-9.486,42.4254,10.372,2.0888,331.647,g
94.0169,65.5994,3.7464,0.1547,0.0817,86.7508,73.6068,-50.7012,89.7659,296.8153,h
103.6643,41.6434,3.0797,0.2273,0.1156,183.1032,-110.625,-9.7826,72.3333,208.6128,h
107.666,24.2818,2.7612,0.3795,0.2106,121.906,-72.654,7.567,31.598,103.827,h
59.2995,26.4444,3.1974,0.1422,0.0752,-5.7776,43.5539,-6.9806,11.448,212.561,g
69.0711,29.571,3.2854,0.1793,0.0998,-105.215,-35.5293,-12.5814,5.7152,295.273,g
29.7456,16.8913,2.912,0.365,0.2284,20.9651,22.3978,-7.053,19.182,77.932,g
164.691,119.621,4.5312,0.0351,0.0178,41.6029,-145.252,-82.6112,14.9677,172.842,h
60.8614,21.4058,3.2929,0.1844,0.097,25.3668,32.1837,-15.2941,1.277,207.824,g
59.4806,28.2435,3.5801,0.2151,0.1235,45.4433,52.7144,-20.5596,5.7777,262.046,g
18.6481,10.4145,2.5353,0.5364,0.2726,25.2247,6.526,4.0545,12.314,212.062,h
80.9257,38.4425,4.0026,0.1097,0.0581,85.3075,77.3778,29.3542,3.9366,234.268,g
42.8206,17.3629,2.8686,0.3045,0.1631,4.0496,39.6461,-8.7974,22.0916,117.341,g
184.2529,54.3154,3.7752,0.1331,0.0823,-239.5869,142.6303,-42.6447,65.069,300.5053,h
37.1509,26.5548,2.8384,0.2412,0.1297,31.4999,-15.8402,16.0336,31.5333,138.7256,h
18.8916,12.3608,2.5112,0.53,0.3097,-2.3514,6.5856,-9.2091,9.814,186.491,g
32.3854,13.1702,2.7682,0.4604,0.2496,-31.1477,-21.1728,-7.3779,18.6102,223.7685,h
35.6467,0.9454,2.6885,0.525,0.4006,14.4871,24.9294,6.3849,43.8458,159.7466,h
76.4172,23.2299,2.9759,0.2167,0.1179,43.3646,59.0817,-7.1795,9.7797,261.636,g
19.5122,18.7608,2.6613,0.4035,0.2236,26.3221,-5.6803,-11.9606,43.126,180.665,h
25.9698,24.5743,2.9387,0.2697,0.1515,22.7264,14.896,18.7037,47.0843,178.2201,h
36.8982,17.8886,2.8039,0.2514,0.1378,-24.2767,-22.5835,-11.9913,73.3871,213.9346,h
23.9775,9.17,2.5234,0.6796,0.4114,3.8862,-7.807,5.2894,57.9317,144.0445,h
197.588,45.0482,3.8584,0.1293,0.0695,-160.284,-184.079,20.0877,55.245,321.873,h
117.746,35.725,2.7709,0.4203,0.2347,-42.5233,-147.973,25.8869,38.0633,224.049,h
91.9014,31.4596,3.9038,0.1293,0.0661,96.1117,80.3934,-23.4441,2.1455,283.533,g
20.0714,15.7187,2.356,0.4361,0.2357,2.4543,-11.5654,-4.7599,64.773,164.902,g
104.1475,62.185,3.1396,0.1714,0.0602,-65.4577,-64.7042,-45.9728,86.529,122.929,h
72.2557,28.5978,3.4878,0.1291,0.0672,29.6208,67.3172,-15.0788,5.466,184.514,g
30.8683,12.4992,2.3918,0.4706,0.2576,36.3902,20.5419,8.7873,28.222,89.9134,g
26.5364,14.8915,2.6955,0.4133,0.2087,-4.2065,18.034,8.4802,15.321,161.388,g
33.7945,22.1564,2.8873,0.2476,0.1316,15.0711,-9.0742,18.1371,9.383,212.222,g
49.4461,20.2164,3.1235,0.2265,0.1283,-25.5341,-10.5861,17.0104,6.4861,172.213,g
28.9897,12.2636,2.6749,0.5307,0.2801,25.6539,22.6547,-9.2202,15.3056,236.716,h
34.2579,19.7557,2.5723,0.3927,0.2371,13.4421,19.1813,-14.3546,73.6632,208.4332,h
78.9104,21.9894,3.2781,0.2546,0.1452,-51.3045,57.268,6.5612,2.556,290.14,g
28.1579,9.3602,2.4864,0.5514,0.3246,11.4293,14.3539,5.1992,47.948,60.7816,h
23.1479,11.3338,2.4306,0.5492,0.3061,-11.8821,-20.2838,-5.4684,2.393,154.081,g
46.4092,19.9786,3.1266,0.2062,0.1035,47.8867,15.7034,-13.512,1.1638,234.202,g
29.3977,8.1563,2.3032,0.5771,0.3308,-32.4133,-21.0502,6.5908,5.965,155.57,g
73.5159,14.9211,2.9791,0.2332,0.1184,-76.0582,14.3328,-8.9767,49.1442,189.3384,h
125.281,26.6265,3.1958,0.1854,0.1061,112.725,112.466,12.5443,2.935,199.092,g
47.8082,40.0114,3.1472,0.1489,0.0773,-42.1884,-33.3275,23.1291,25.998,114.605,h
32.4073,12.1866,2.6133,0.4068,0.2253,6.3835,-18.1105,-6.7483,9.6339,212.899,g
26.8476,10.3028,2.4935,0.5201,0.2713,30.7145,22.9917,6.7528,1.445,138.6,g
56.8933,16.4068,2.7271,0.2849,0.1528,5.102,30.1463,-10.4702,34.8387,277.501,h
35.8405,16.121,2.5702,0.526,0.3077,-36.4636,-17.0654,-12.6419,70.9906,166.9839,h
57.5604,14.7616,2.4976,0.3879,0.2051,44.0627,48.2894,12.873,18.0583,148.611,g
43.3248,14.9856,3.1785,0.2744,0.1482,9.92,38.1085,10.9054,11.13,216.53,g
17.4338,14.7142,2.3684,0.5719,0.3005,-9.3392,-18.2262,9.4445,89.8463,180.5019,h
37.6703,26.7813,2.8097,0.2943,0.1492,11.3102,38.4251,-8.1999,22.5259,187.5154,h
115.603,22.1541,3.2964,0.1592,0.0806,-75.5773,44.7806,19.8896,49.379,106.14,h
44.5886,10.5189,2.7447,0.3618,0.2187,1.9742,-21.6576,-6.0349,76.24,181.919,h
85.6371,28.8898,3.4044,0.199,0.1141,-35.8247,35.4987,21.9631,1.2469,325.385,g
35.7748,15.872,2.6493,0.4439,0.2993,13.2986,19.358,-13.7786,2.073,180.333,g
21.0629,6.9493,2.0881,0.7347,0.4122,22.3653,13.108,6.1568,24.5335,141.78,g
28.1534,15.2526,2.6739,0.4492,0.2405,29.7938,19.5613,-10.6057,31.6513,224.942,g
22.894,16.388,2.4969,0.4586,0.2755,-6.4676,5.1575,4.2964,69.6348,166.487,g
29.994,12.9868,2.5905,0.3954,0.2349,28.4588,9.5767,-5.7266,5.366,131.899,g
66.2446,27.9018,2.9574,0.2515,0.155,-69.9491,-51.3645,-23.0017,30.2536,289.524,h
50.7769,15.7053,2.5353,0.3644,0.191,34.1354,36.8926,-12.7068,3.9303,171.382,g
30.7972,17.3984,2.7782,0.2983,0.1558,-0.0762,-20.6575,10.1798,0.8828,187.293,g
9.6831,7.2796,2.4114,0.4607,0.2428,6.8672,-18.4997,5.4472,75.6244,70.6599,h
33.3829,15.5699,2.5971,0.3464,0.1985,32.3845,5.802,12.019,6.449,161.972,g
33.4439,18.4405,3.0013,0.2742,0.16,3.3468,-24.1105,9.1591,5.6137,241.962,g
63.1254,18.643,2.8762,0.3311,0.1749,-69.8622,49.6986,-21.2178,6.9492,293.428,g
46.5607,17.0462,2.8231,0.2735,0.1405,14.027,-22.5308,-11.1103,81.589,48.8226,g
24.598,12.202,2.5955,0.4492,0.2297,-16.8541,-16.6278,5.8666,8.0075,190.772,g
31.966,15.1393,2.5635,0.3552,0.209,1.3463,-16.7435,-10.7755,10.655,169.87,g
36.9253,8.6527,2.7601,0.4154,0.2192,-54.4891,-24.2138,5.3283,73.1853,245.8926,h
26.5159,20.6004,2.6322,0.3273,0.2312,12.8984,-26.5721,-21.1411,16.9598,144.0341,h
54.8891,24.3038,3.3422,0.1824,0.1025,36.9337,41.3788,10.6542,3.2776,224.356,g
22.5061,11.1782,2.3598,0.559,0.2948,-13.2691,-19.477,-8.6011,63.099,56.5891,g
19.6725,15.1829,2.4409,0.4674,0.2844,1.9267,-10.2248,7.5065,8.625,161.304,g
59.435,19.6081,2.913,0.3177,0.2046,-77.3754,-29.321,-19.4123,5.841,284.039,g
27.1759,12.5123,2.6735,0.4539,0.2492,28.5548,19.0803,7.9904,15.737,160.385,g
20.1279,5.8291,2.2707,0.8257,0.6139,14.7993,19.3008,-5.8138,0.351,197.262,g
66.2385,12.9092,3.0671,0.2554,0.1461,37.1575,40.0358,-7.522,11.885,171.864,h
89.3625,35.3979,3.7911,0.1584,0.0986,-38.1788,67.0231,-25.5998,5.2442,291.305,g
29.4822,12.0109,2.7193,0.4847,0.2929,10.4875,-18.2966,5.0949,76.3219,27.9532,g
106.478,59.6357,3.7599,0.1055,0.0569,-53.0762,-99.5031,36.9113,7.146,144.318,h
55.9102,23.5874,3.0226,0.2174,0.1134,-6.4881,46.8758,10.1565,10.581,248.011,g
20.3476,7.2308,2.081,0.7386,0.3776,-2.9636,10.6173,5.6011,63.632,121.179,g
24.536,10.2893,2.4541,0.4569,0.2302,-19.2405,18.7479,-5.465,21.592,139.076,g
19.9856,12.7567,2.6459,0.3979,0.2036,2.7455,0.5936,5.2597,42.7667,227.791,h
19.1399,7.3049,2.1538,0.793,0.4386,-4.4963,10.2828,-3.535,47.866,121.739,g
87.8315,33.0873,3.5638,0.1119,0.0572,-95.0042,77.1037,-21.44,4.714,236.039,g
31.5911,10.5484,2.4526,0.5044,0.2981,-23.6873,-26.5,-5.8815,27.1412,182.47,g
21.0228,16.2076,2.567,0.4282,0.2236,-20.5324,-13.6002,-4.7962,22.6203,113.863,g
27.0285,13.8752,2.6898,0.4637,0.2666,29.3539,24.4793,-7.3012,8.3477,225.515,g
39.3744,21.4145,3.2118,0.2162,0.1084,-12.1703,18.1356,7.5088,4.823,155.243,g
49.6784,5.1439,2.9357,0.4163,0.2329,33.3423,36.6091,-0.9971,7.25,157.3256,h
35.6827,9.3027,2.5192,0.4902,0.2708,32.1533,-8.1318,-9.5077,63.846,86.8455,h
23.7382,12.6284,2.4023,0.5267,0.2911,-26.1067,-14.0198,5.1836,15.634,152.442,g
67.5796,28.5328,3.4804,0.127,0.065,58.0019,53.0782,-17.3229,2.7859,137.063,g
105.112,26.6051,3.2982,0.1797,0.1069,-100.098,68.2692,9.0747,0.87,230.36,g
23.481,20.2189,2.5617,0.4856,0.3306,12.2016,10.827,16.7935,71.603,134.735,g
61.9695,11.6429,2.9122,0.2938,0.1659,45.5615,58.4236,-4.5027,5.947,284.09,g
82.0831,47.1104,3.631,0.2246,0.1251,-38.9918,-103.2639,38.5361,81.4305,323.3153,h
156.802,49.1202,3.7325,0.1248,0.066,-186.225,-143.034,-43.9286,32.2366,317.194,h
101.046,25.2519,3.0752,0.3078,0.1653,-44.5542,38.2132,-23.3593,0.4197,336.186,g
25.2326,18.4218,2.3997,0.3944,0.2052,31.0208,19.5795,12.2096,69.8177,186.95,g
24.2839,22.2206,2.6207,0.3186,0.1737,-14.9359,18.244,-10.6951,18.962,192.04,g
28.9743,17.8475,2.7738,0.3519,0.2029,31.8128,18.9666,-8.7419,15.547,217.474,g
29.549,14.1175,2.3692,0.359,0.1902,37.1775,19.8095,-8.8034,0.9098,145.247,g
27.1001,10.6195,2.6594,0.5016,0.2771,2.2616,20.4881,6.7806,34.541,219.501,h
42.1175,15.6664,2.8716,0.293,0.1673,-8.2759,-31.9718,-11.5558,4.9345,159.29,g
17.7811,15.1024,2.5629,0.5718,0.3297,-7.63,15.6498,11.8488,30.4737,101.088,g
34.728,14.057,2.785,0.3495,0.2043,49.2838,13.5304,-9.6957,64.9417,273.059,h
28.4307,11.4872,2.2504,0.5899,0.323,-35.756,-5.0305,-13.5183,42.081,309.745,g
22.5138,19.0376,2.6871,0.372,0.1922,1.9549,19.025,12.7197,41.772,66.7513,g
34.9892,20.4457,2.7431,0.2963,0.1545,19.1665,-18.6056,-18.8081,37.9,126.436,g
81.598,34.2727,2.9841,0.1961,0.1001,-38.9531,-84.6566,26.7127,44.9107,13.1108,h
43.8236,16.8202,3.04,0.2918,0.1546,17.0545,28.5688,-12.6477,14.3052,226.394,g
17.1452,11.0701,2.3692,0.5897,0.297,-3.6438,9.0615,-4.9178,13.853,129.811,g
73.8427,25.4572,3.1664,0.244,0.1483,-47.1506,37.7488,-28.3885,9.4318,279.028,g
85.2739,26.7041,3.4605,0.2518,0.139,-15.3867,43.9824,14.3523,2.176,324.139,g
115.778,19.7697,3.2576,0.2188,0.1119,46.3342,78.6337,13.7309,29.9116,260.265,h
21.8457,11.0584,2.1732,0.557,0.3188,-15.0757,-18.6939,-5.4957,56.5082,105.459,g
109.535,37.033,3.4319,0.1561,0.0934,92.1223,93.7827,30.6496,6.105,171.334,g
74.9513,24.0033,3.3358,0.1809,0.1018,18.3338,36.5315,-7.4881,2.0296,244.76,g
9.6238,8.8125,2.2644,0.7802,0.5417,-30.3704,-12.0254,9.5446,12.6183,193.8248,h
98.3949,38.3472,3.358,0.2078,0.1309,-89.8464,83.8443,-29.8725,31.1316,265.083,h
99.2092,88.6612,3.2962,0.1502,0.0862,-183.467,64.21,-71.4093,2.8,256.68,h
21.0167,8.4981,2.3541,0.677,0.4137,22.0759,13.7412,-0.9055,9.3744,180.579,g
32.2257,18.0267,2.5838,0.352,0.1786,-27.7232,-13.897,9.7566,86.8054,123.916,g
22.0089,6.6671,2.1599,0.7266,0.4118,-23.5534,-12.2394,-6.6602,60.2891,114.668,g
13.5634,10.0317,2.4158,0.8177,0.4127,-14.9156,-2.7401,11.8423,33.723,197.661,h
69.7731,24.4761,3.1207,0.2719,0.1806,-33.0933,35.7769,15.2094,2.4982,297.455,g
36.7918,6.9047,2.5653,0.5381,0.2987,-3.0188,23.0511,-1.3905,3.6592,86.7851,h
27.1848,14.0718,2.4893,0.4052,0.2188,-17.8425,14.9077,7.5929,47.377,183.708,g
102.022,24.3984,3.3921,0.212,0.1113,-106.889,59.4414,4.8632,1.8933,335.552,g
16.2188,7.2375,2.2753,0.8382,0.6074,-2.244,-7.0165,5.8658,24.17,175.554,g
22.5428,12.7271,2.2148,0.5793,0.3628,14.0574,15.4765,-9.0181,12.1643,119.125,g
19.7077,7.9127,2.038,0.7175,0.3628,-32.6276,-6.7839,5.5831,59.7642,190.8875,h
78.8721,16.2411,2.971,0.2063,0.1096,1.9987,62.8347,10.7116,5.892,238.332,g
73.6323,40.3975,3.0762,0.133,0.0876,21.6083,-21.261,-25.5557,46.2331,119.8672,h
23.715,17.6794,2.5676,0.4736,0.2963,13.8712,12.3327,13.588,12.658,146.432,g
38.2721,12.0046,2.6263,0.3806,0.1903,32.7236,28.5283,-2.7802,33.2677,201.752,h
51.0001,16.9364,2.7439,0.2994,0.165,67.3322,38.6376,16.3671,69.74,169.977,h
26.7563,11.5733,2.4548,0.4667,0.2544,-35.7055,-8.7621,-3.7146,44.479,107.616,g
81.4592,32.1303,3.0983,0.2943,0.2069,-50.0942,59.0013,16.2746,4.8914,278.236,h
47.2509,12.6244,2.7316,0.4045,0.2421,34.7172,35.5274,9.7299,4.787,155.237,g
37.7947,18.6523,2.9188,0.264,0.1525,19.8187,18.907,11.8924,20.555,155.08,g
36.6435,10.8783,2.6699,0.568,0.3453,38.5949,11.5718,8.7149,3.6132,148.6439,h
35.4974,13.6935,2.7675,0.4048,0.2143,34.6276,26.5913,-7.2684,17.915,229.756,g
20.4505,12.816,2.2911,0.445,0.2276,-12.919,-9.5121,-8.8085,64.629,187.411,g
80.0169,29.9756,3.6714,0.1577,0.0898,20.4369,24.4273,-24.8336,4.142,228.254,g
136.889,72.3826,4.1066,0.1074,0.0578,38.5341,-81.6242,65.6749,81.5495,404.955,h
59.2028,31.5403,2.8971,0.2624,0.1337,41.1231,41.7201,-14.8223,76.0345,200.04,h
29.777,9.475,2.5408,0.4538,0.2148,43.7275,21.9444,8.5132,78.5463,175.1842,h
55.1562,34.3023,3.0412,0.2592,0.1323,71.5225,41.4124,29.9018,28.876,277.293,h
42.2919,12.2386,2.6347,0.367,0.2143,25.2819,36.0425,5.9391,24.6072,265.7389,h
166.4309,68.1438,4.5565,0.0859,0.013,-181.3648,95.2531,-37.0743,28.5987,227.3674,h
28.0875,11.3629,2.4778,0.4559,0.2579,1.2535,-5.7541,-11.7453,34.9402,167.216,g
37.6518,15.2293,2.8561,0.4805,0.3015,24.9532,37.9769,6.2648,7.803,184.216,g
18.2664,12.4183,2.5126,0.5622,0.3579,-2.3735,9.3134,10.5536,14.708,137.186,g
28.4739,21.0753,2.6623,0.2742,0.1425,0.2591,-20.0388,14.8485,28.75,232.186,g
76.7443,15.0439,2.8322,0.3414,0.1832,85.0996,40.8057,11.3622,14.8025,191.306,h
18.3943,10.5553,2.2529,0.5419,0.271,1.0595,-7.0101,-4.2092,26.545,204.124,g
12.9512,11.0321,2.4091,0.7368,0.4581,-14.0676,7.0344,-6.6587,68.3731,204.969,h
159.4413,79.4386,3.9887,0.0424,0.0353,60.5195,110.5097,-92.4362,13.568,178.54,h
36.473,19.674,2.8139,0.3208,0.1665,-13.6421,-26.9115,3.117,5.3586,225.478,g
70.0897,27.9443,3.1908,0.1959,0.1034,46.9552,78.1148,13.8367,0.662,286.879,g
109.359,43.761,4.286,0.0733,0.0378,97.1079,85.7857,21.439,0.0591,293.621,g
29.8259,18.3705,2.6186,0.4116,0.2106,20.9861,24.7697,-11.8288,14.0382,171.748,g
33.5874,17.46,2.5821,0.3979,0.2134,-49.0296,-7.6514,5.127,25.657,166.95,g
21.5605,6.9164,2.0737,0.692,0.3755,-24.5212,-9.9931,-6.4804,80.8843,157.05,g
48.0766,11.665,2.7131,0.3737,0.1907,45.6991,39.7625,9.0398,8.621,184.505,g
84.2033,28.5707,2.9934,0.2508,0.1437,-1.3425,38.1488,-12.4325,7.734,329.582,g
27.4953,16.4672,2.5112,0.4099,0.2142,33.6518,17.0504,7.0734,7.113,161.221,g
38.7558,15.7457,2.8041,0.3108,0.1562,40.2922,14.8127,-9.8638,3.952,148.485,g
176.8542,26.0601,3.1201,0.161,0.089,-200.7448,-97.1221,11.8139,59.1394,283.943,h
19.93,9.6136,2.1987,0.5886,0.3006,25.6521,5.5369,2.7116,9.4765,184.061,g
13.9473,8.8242,2.3454,0.8668,0.4582,14.3279,6.0618,-11.3958,25.1526,66.1659,g
24.3082,8.3714,2.4346,0.6618,0.4393,25.1551,14.0397,9.5262,7.024,204.93,h
101.9,45.4713,4.1916,0.0856,0.0434,-143.185,74.1126,31.5528,1.078,298.574,g
17.4943,10.0757,2.4456,0.6631,0.4283,17.9742,13.4959,3.6117,38.527,121.591,g
218.544,38.514,2.7517,0.264,0.1479,-218.758,94.9986,11.0812,52.48,278.96,h
26.2244,13.1076,2.639,0.4478,0.2698,10.4659,14.4842,-9.4439,4.845,193.146,g
33.3349,13.5677,2.659,0.3706,0.2204,14.597,27.8501,8.6334,66.1986,79.9079,h
52.719,18.9834,2.608,0.3453,0.2059,-39.271,19.4024,9.8847,6.3642,174.436,g
39.6185,11.2531,2.8256,0.3607,0.2643,14.9827,36.9685,0.9761,6.6547,168.3306,h
28.7944,17.1968,2.6212,0.3445,0.1758,25.6975,20.3246,-9.2023,8.3285,128.202,g
201.2789,88.221,2.7455,0.5112,0.278,-179.2937,-166.2354,73.3354,11.8913,317.1464,h
28.4173,16.629,2.4378,0.4161,0.2391,-43.4761,21.6841,13.6299,22.022,220.006,g
25.9774,15.4987,2.5993,0.415,0.2131,-0.0514,9.3965,-0.7868,29.3651,158.6101,h
42.7212,12.0489,2.7239,0.4155,0.2219,44.5319,27.3277,-12.0799,3.862,175.405,h
17.4165,11.0991,2.248,0.548,0.2853,-1.3577,6.7807,-3.6904,5.525,155.323,g
35.1774,9.5536,2.7071,0.5142,0.2915,42.4645,22.8664,7.545,33.0037,200.432,h
63.4161,35.3313,3.2855,0.2305,0.1543,-126.2016,47.0832,-21.385,35.4344,242.1981,h
12.5581,11.8942,2.1414,0.7004,0.3574,15.5169,-6.881,-11.2001,31.1069,165.4,g
48.1845,20.7749,2.8791,0.2404,0.138,53.8795,40.9115,-16.5255,13.072,234.827,g
34.5014,21.9099,2.738,0.3199,0.1673,-7.6078,20.2956,-12.6777,14.885,98.6874,g
33.7801,14.7812,2.4378,0.4526,0.2646,-34.2524,-19.3872,-10.7488,66.755,144.69,h
24.2724,8.4887,2.4144,0.5997,0.4107,8.3003,-11.2589,-9.8811,72.4373,163.2463,h
70.7387,25.1711,3.3359,0.1906,0.1068,-103.747,44.2436,-19.0346,1.415,236.721,g
90.3339,41.3571,3.5961,0.2033,0.1114,29.7285,-43.3006,-34.2388,2.816,370.971,g
52.5524,24.608,3.035,0.2499,0.1298,79.382,36.5518,-18.3155,8.7447,289.8964,h
73.6263,35.582,3.4533,0.2493,0.1333,-48.0377,42.6119,-26.2742,4.471,372.317,g
20.3447,7.2127,2.1287,0.7435,0.3755,-3.3175,11.0442,-5.585,46.8416,249.867,g
163.6203,61.581,3.4128,0.3323,0.1669,-137.6074,-167.7684,76.1014,12.4703,398.6475,h
78.6393,16.803,3.006,0.212,0.1119,95.953,53.5097,-11.4669,2.261,233.27,g
16.2957,9.4793,2.5296,0.6223,0.3386,0.262,-9.6089,9.1627,40.3177,112.2304,h
56.9612,26.2149,2.8205,0.3386,0.2396,8.7576,69.3864,-13.1041,39.579,252.475,g
17.087,10.4196,2.3522,0.6711,0.4244,-1.8748,5.5903,-8.0828,51.6669,172.874,g
39.5085,20.9302,2.7828,0.2935,0.1772,-19.8992,-33.7291,19.4858,4.7427,236.413,g
74.4358,18.5317,2.737,0.5031,0.2855,-69.1491,-61.9299,22.6009,17.3395,281.4725,h
65.0647,15.0564,2.8932,0.3325,0.1861,31.3241,72.9835,-11.5218,8.5788,219.098,g
71.912,18.1349,3.3059,0.178,0.0986,65.3485,66.7547,8.4497,0.738,195.837,g
32.3784,11.0793,2.7224,0.5461,0.307,20.2965,-10.9624,13.7398,53.5794,105.5512,h
27.2212,6.9613,2.248,0.5876,0.3305,-14.7659,6.1527,4.6093,18.7187,125.413,g
25.1366,15.6641,2.4014,0.3929,0.2163,38.0549,-12.2435,-14.2741,42.499,189.033,g
44.6647,17.1665,2.6443,0.2816,0.1663,17.9543,43.8893,-6.4795,78.5736,245.8811,h
12.8955,11.348,2.1538,0.7368,0.4105,-14.9658,7.3404,-10.6825,22.118,46.7654,g
18.1621,17.0217,2.4495,0.4902,0.2682,-6.2436,17.1801,-8.8036,56.812,206.629,g
23.5033,13.0962,2.3936,0.5131,0.2848,-25.9682,-9.0376,9.7139,46.72,106.625,g
47.6457,23.6379,3.3267,0.2139,0.1105,-9.8961,-33.4329,15.0906,3.8153,206.846,g
74.5539,19.2874,2.5276,0.3264,0.1825,-51.8199,-64.9695,2.5358,13.815,159.805,g
132.5455,45.6467,3.7384,0.089,0.0646,3.5937,-116.8661,17.769,31.3774,349.2639,h
19.1135,4.1499,2.3946,0.6901,0.4413,-12.5988,15.5675,-7.5507,27.8926,65.3894,h
32.4042,9.2939,2.49,0.4725,0.2443,-29.2977,19.8759,4.0236,65.3193,231.338,h
22.6754,11.6713,2.3414,0.5057,0.2893,28.0107,10.7875,11.4814,9.329,166.121,g
27.1944,11.5902,2.4472,0.4214,0.2232,-11.9771,11.7328,-1.9341,3.2782,170.519,g
28.7312,9.3927,2.5769,0.4715,0.2556,-35.263,-19.6186,6.1274,6.8387,146.825,g
21.9413,10.0942,2.29,0.5641,0.3,4.9806,-17.0879,10.3281,15.8411,136.798,g
43.0535,16.832,2.7251,0.5179,0.2853,-24.5672,-29.0496,5.2134,5.984,189.049,g
39.9581,8.8898,2.7681,0.3354,0.1803,25.2263,32.5696,-2.6786,36.4819,191.5381,h
19.6238,12.966,2.3086,0.4963,0.2826,14.5015,10.9956,2.4047,73.4998,41.259,g
60.2595,26.2359,3.4751,0.1309,0.0678,20.1154,24.334,-17.4573,11.0144,190.593,g
31.0954,18.8015,2.9435,0.287,0.1475,14.5176,-8.9717,-9.3954,72.4556,48.5431,g
138.388,44.5241,3.286,0.0949,0.0674,-71.2351,66.0265,-48.3917,45.048,250.2907,h
37.975,20.3967,2.642,0.2942,0.1562,-50.6993,-29.1969,-16.9576,84.3751,221.076,g
52.0331,14.5713,2.6585,0.3425,0.1767,34.582,38.3681,-11.3898,0.8496,171.977,g
58.8849,6.1495,2.9987,0.3532,0.1792,75.8138,40.2106,2.1501,25.2695,237.1721,h
25.0126,20.5216,2.5533,0.4,0.2056,31.3677,15.9451,-13.2991,80.2307,59.5935,g
16.6052,12.8367,2.4523,0.5075,0.284,-23.7905,-6.9747,9.1413,37.2097,116.5518,h
47.9863,14.4663,2.9722,0.322,0.169,47.1752,36.8788,8.3362,3.9724,213.408,g
63.7006,19.4801,3.2033,0.2549,0.1362,65.4462,46.0652,-11.9541,8.519,245.152,g
43.7087,8.7507,2.8748,0.4003,0.2168,-33.0601,26.8893,9.1627,44.449,131.219,h
30.3114,16.0194,2.7493,0.4061,0.2199,-9.4305,13.4294,6.6856,18.0418,208.224,g
29.5116,14.5846,2.5259,0.5114,0.2365,14.8457,21.0673,3.9078,80.8572,116.6055,h
69.3249,25.5888,3.3401,0.14,0.12,-85.1932,-56.3247,9.8262,48.3789,238.0608,h
68.5716,16.3808,2.8271,0.2285,0.1852,-35.5697,-43.3323,12.9469,13.7631,135.1112,h
162.78,44.8181,3.4057,0.1018,0.0513,114.005,77.7034,49.0601,86.9108,131.83,h
101.123,31.8764,3.6532,0.0982,0.0508,-141.096,83.8861,19.517,3.415,245.022,g
58.7751,27.2412,2.9261,0.4197,0.2258,-14.0527,-45.345,22.4137,0.2638,316.403,g
100.643,24.0109,3.4905,0.2095,0.1117,99.9048,100.515,17.9704,4.015,248.433,g
22.2134,18.3853,2.5653,0.4354,0.2599,-16.56,16.1254,13.1403,23.648,93.175,h
58.8021,16.8468,2.9162,0.3287,0.1898,64.3127,38.5262,7.3994,2.5713,260.66,g
95.0744,23.0603,3.1793,0.2627,0.136,-41.3661,79.2067,5.4325,26.4577,325.797,h
12.9795,10.9893,2.1351,0.7473,0.4579,-14.0254,6.5432,8.7183,49.544,70.4909,g
57.0949,46.725,3.9299,0.1334,0.0716,16.7474,53.8595,40.8924,24.826,78.1423,g
41.2891,10.8047,2.5185,0.4,0.2167,-47.8452,-24.8667,-7.5025,8.6072,191.846,g
30.5805,19.2198,2.6069,0.3239,0.1792,5.758,-24.9469,-8.0351,84.0563,85.9233,g
31.685,16.9763,2.6117,0.3203,0.1724,-26.7077,-18.69,13.2116,2.198,183.426,g
44.0857,18.8853,3.0137,0.2578,0.1352,26.5461,-28.5581,12.1096,0.7342,213.539,g
28.5649,14.5312,2.5551,0.4345,0.2354,-11.1828,-14.3936,-11.9782,50.1338,130.194,h
49.645,22.0241,3.0652,0.2145,0.1241,14.8948,-11.6764,-11.1474,24.2903,112.6932,h
28.097,20.4787,2.9521,0.3283,0.1647,31.1089,20.7682,14.0435,15.876,166.518,g
92.5361,17.7426,3.3242,0.1934,0.1064,82.0072,88.5214,12.4642,1.4849,269.446,g
45.6094,20.8103,3.0438,0.226,0.1162,-0.5056,37.7755,-9.2036,4.25,165.582,g
40.0985,15.0214,2.7948,0.3609,0.1997,20.072,29.9288,10.443,2.016,245.886,g
67.3675,21.6919,2.9093,0.1651,0.0844,2.1033,17.8321,-9.255,13.062,200.603,g
43.5086,19.5924,2.6385,0.2966,0.1782,42.6894,30.078,16.0214,14.6597,183.362,g
39.7082,18.2593,2.854,0.2827,0.1561,7.781,36.6955,7.6006,27.696,260.092,g
67.341,23.6828,3.016,0.2342,0.1441,96.9428,42.99,-11.9179,0.256,263.831,g
45.0286,17.5759,3.0779,0.2608,0.1333,-9.0442,-12.8998,13.0118,11.8623,168.228,g
78.0691,27.809,3.3742,0.1834,0.097,-37.9283,63.1791,26.3966,0.916,291.276,g
12.8875,11.4113,2.0512,0.7378,0.3867,15.0852,-5.7947,11.5476,70.059,136.703,g
44.6668,26.527,3.3859,0.1908,0.1047,11.5043,-19.3863,7.7734,5.919,178.526,g
47.0143,17.4822,2.8811,0.2143,0.1151,53.5906,26.3564,-11.9949,14.353,237.027,g
23.3164,13.3766,2.2867,0.4393,0.2196,28.1004,-10.9368,-6.8506,63.064,105.536,h
35.6162,8.616,2.6665,0.4892,0.3093,-23.2968,-10.8601,6.2181,57.995,73.7115,h
18.988,12.6811,2.5815,0.6081,0.3709,11.3365,12.4287,9.6704,51.167,182.199,h
229.285,112.515,3.5194,0.1458,0.0806,-262.013,-134.645,-134.395,1.944,131.3,h
35.4794,23.8385,2.8624,0.3075,0.175,4.2646,19.6185,19.1193,88.6604,173.372,h
12.659,11.7579,2.0512,0.7111,0.3689,-15.4934,7.2461,11.1791,67.1488,234.242,g
18.7913,12.854,2.541,0.5928,0.4101,9.5258,16.0255,8.3794,62.735,240.409,h
77.4396,22.4015,3.418,0.1723,0.093,55.484,78.5246,-15.0298,1.2989,222.15,g
22.0774,9.6995,2.601,0.619,0.317,21.5306,14.4567,7.7992,20.4406,182.617,h
25.2288,18.3971,2.5467,0.3986,0.217,31.5246,12.2677,15.2115,51.6298,100.4696,h
29.3655,10.6451,2.4775,0.5091,0.2898,-11.4265,27.2228,-6.9228,46.1961,105.0983,h
20.7722,12.6846,2.3064,0.4889,0.2494,-26.1611,-13.2383,9.5112,23.675,154.8,g
37.7881,27.329,2.7101,0.2885,0.1706,-12.7274,-15.5314,18.5424,7.342,167.035,g
43.9906,20.8392,2.5192,0.3026,0.1588,61.9311,-19.9009,8.4017,17.384,211.328,g
32.058,11.6185,2.4976,0.3498,0.1892,-0.0859,-19.4076,7.0386,2.625,167.099,g
56.4843,13.1394,2.944,0.347,0.2235,12.8161,39.9753,12.685,51.614,139.64,h
29.8615,19.2602,2.769,0.3217,0.2136,7.2087,-17.2622,-8.3895,63.944,56.519,g
27.5146,11.2114,2.6637,0.4643,0.2687,42.4467,33.0422,-6.398,50.3004,239.8878,h
27.9041,18.425,2.6716,0.3429,0.1821,36.6321,18.8272,-12.1877,15.7771,111.781,g
126.7675,85.4938,3.4102,0.0797,0.0363,128.789,112.9238,-90.0617,32.4884,146.5853,h
24.4699,12.8827,2.2833,0.5573,0.3047,28.6801,10.5679,7.79,77.826,175.775,h
59.4093,13.2252,2.7875,0.2512,0.1378,-38.5028,42.3596,-9.506,6.2748,228.337,g
113.272,20.0224,2.6048,0.4696,0.2497,89.5294,87.7489,9.0946,42.59,234.418,h
33.5855,17.5786,2.899,0.2562,0.1281,1.7194,-15.6455,11.0716,0.441,235.85,g
132.313,68.7357,3.2222,0.3052,0.1754,68.9678,173.067,-37.4081,85.6332,281.961,h
40.5198,9.3271,2.4601,0.5615,0.3484,39.4881,34.2152,5.4705,0.8525,195.313,g
38.2496,20.226,2.6785,0.3396,0.2128,5.912,31.8818,18.2126,20.859,214.77,g
24.1484,13.8484,2.3646,0.4708,0.2441,25.5521,11.9222,4.9203,4.458,258.237,g
60.0815,23.0309,2.7255,0.2239,0.1214,18.4052,40.3108,-3.5778,82.9643,90.9217,h
55.0298,35.1849,2.8035,0.3738,0.2168,-45.5422,-70.0625,-24.4797,22.8884,314.0137,h
27.9436,11.8144,2.5092,0.4892,0.2833,-25.4231,-24.3869,8.2137,31.6319,118.559,g
85.3384,17.7218,2.6355,0.3287,0.1725,-103.046,62.953,9.2347,4.915,235.905,g
28.3107,19.2751,2.7612,0.3224,0.1742,-8.4561,-25.1654,-14.3171,4.714,249.986,g
27.4626,15.926,2.5933,0.3342,0.1773,15.3664,11.7305,-11.462,4.914,151.572,g
100.408,49.8281,4.2939,0.076,0.0385,-40.7656,72.674,-37.6948,0.217,287.088,g
74.4846,12.5178,2.9172,0.2384,0.1204,-43.1196,-11.0495,-7.8403,84.713,161.896,h
19.628,17.7513,2.42,0.4297,0.2262,14.7148,15.3736,-16.1524,14.1914,238.282,g
69.9754,33.0572,3.1084,0.2353,0.1212,-4.539,-66.9234,19.522,24.9148,179.293,h
34.9976,10.432,2.4914,0.4677,0.2597,-17.1248,-29.3049,5.0799,9.4498,192.551,g
31.9543,15.3539,2.6604,0.3213,0.1781,14.7364,19.2773,-6.4606,2.124,150.524,g
22.9555,12.1637,2.5065,0.5327,0.3037,10.4631,3.4829,9.9496,27.041,195.417,g
61.7228,22.3597,3.5276,0.2279,0.1159,37.0129,54.8814,-8.2482,2.701,251.614,g
39.3022,21.6769,3.033,0.2234,0.1145,50.9219,27.5134,14.8012,1.1935,209.699,g
21.4042,14.0189,2.6345,0.4756,0.2425,-0.8443,7.505,-5.0448,2.3372,136.33,g
23.4503,16.4117,2.357,0.5055,0.2527,10.4535,17.472,-12.5569,1.9502,169.273,g
83.0808,42.8251,3.2565,0.2781,0.1632,-57.2543,63.6573,20.8354,66.696,337.3921,h
52.221,12.2973,2.6435,0.4523,0.3125,-25.0167,-41.2341,6.56,5.096,185.44,g
95.3553,17.3815,3.186,0.196,0.0854,71.0571,50.2186,7.8635,89.5989,168.565,h
19.0116,11.6611,2.4311,0.5961,0.3535,-27.0855,-15.1042,10.1033,14.9228,69.2744,h
30.9687,9.6761,2.5955,0.5228,0.3008,-21.5442,-16.9422,-10.6163,80.2292,86.2565,h
81.4962,23.1716,3.3741,0.2185,0.119,-64.1631,50.8962,-4.0485,0.386,275.671,g
20.2089,7.2774,2.1055,0.7373,0.3882,-2.5773,9.9348,-5.4786,24.451,113.676,g
42.2599,20.1826,2.9322,0.2583,0.1701,35.3511,26.8063,13.2484,6.81,139.883,g
21.8607,9.5189,2.2601,0.6648,0.4313,19.573,20.2944,11.5292,5.205,109.902,g
15.2473,9.6954,2.6714,0.567,0.3553,25.5437,17.9352,-8.2224,3.0382,246.0085,h
245.8117,75.5443,3.3737,0.1933,0.1066,-277.308,-244.8445,86.856,56.911,197.303,h
30.6744,15.2889,2.7775,0.4846,0.2627,23.4064,18.1141,-8.8896,27.3278,65.2747,h
49.8004,35.9321,2.9302,0.3124,0.1803,0.7015,-54.698,-21.9238,10.089,225.202,h
29.4022,12.1375,2.5159,0.4116,0.2058,-22.6463,21.1296,-7.5126,75.255,179.529,h
28.3437,13.9672,2.5999,0.392,0.2224,22.6097,15.8221,-4.2037,11.4725,128.204,g
79.3412,20.5278,3.0592,0.2461,0.1497,-80.8933,44.3845,16.1732,1.5576,280.817,g
24.7122,16.1387,2.5988,0.5088,0.3287,27.2902,21.3231,15.989,33.725,153.402,g
54.6094,22.2694,2.8794,0.2693,0.1432,-82.0302,35.7096,19.3531,2.1067,278.049,g
20.9417,12.0477,2.3589,0.5208,0.2648,-2.3973,9.9103,-10.8915,1.011,147.215,g
18.2098,12.11,2.3375,0.5793,0.3885,1.2409,-9.4515,10.7636,0.251,90.8107,g
310.61,47.5318,3.3534,0.203,0.1256,-207.974,-171.812,-42.0762,43.9871,160.191,h
48.267,14.0979,2.4871,0.5179,0.2948,45.2516,45.6978,13.7237,40.3788,132.177,g
42.0985,12.1855,2.8162,0.3328,0.1763,-7.5451,22.8265,-8.9577,57.0152,150.519,h
18.1188,10.6617,2.2529,0.5642,0.2821,24.0994,8.3638,-4.6812,83.0585,212.21,g
90.9615,40.3365,3.9254,0.1054,0.053,-3.5037,70.5168,-38.9276,0.8542,257.921,g
55.0515,21.6212,2.9978,0.2844,0.1949,-16.2132,38.2594,-4.7076,77.2908,207.4532,h
24.4126,11.7612,2.6274,0.4528,0.27,9.1242,13.2079,-6.205,53.7096,180.677,h
129.47,36.8156,3.5161,0.1834,0.1031,-29.2898,-139.221,-23.0152,38.056,218.964,h
22.5817,13.261,2.317,0.5012,0.2867,21.6643,16.7646,6.9559,43.4134,193.072,g
34.4997,21.8785,2.9731,0.2394,0.125,18.066,24.7518,12.8875,22.8615,151.092,g
17.4823,10.9852,2.238,0.5665,0.2861,2.6567,-8.5761,-4.274,35.758,130.539,g
27.2364,7.412,2.7131,0.5088,0.309,-9.3461,-3.8343,4.7101,61.1569,108.6919,h
16.2593,11.537,2.4857,0.6078,0.3676,-0.7078,3.8543,-6.9955,33.4257,218.453,g
45.5298,24.456,3.2177,0.1926,0.1142,-3.7433,-28.9219,-12.2948,5.7152,212.955,g
55.0918,16.1955,2.7152,0.3796,0.2283,60.817,41.4758,9.0698,3.965,179.872,g
28.6608,19.1477,2.738,0.2943,0.1508,-1.6637,-13.0928,-11.9083,89.5806,101.73,g
100.817,33.3926,3.91,0.1366,0.0725,-88.4226,77.2249,-21.7596,0.8128,332.566,g
92.2151,26.3726,3.4681,0.112,0.0577,100.015,74.4771,-3.4159,2.474,248.102,g
29.5565,9.7677,2.6609,0.4943,0.245,23.6265,15.0559,-13.8156,25.3811,121.8509,h
12.9942,10.9338,2.1021,0.751,0.4625,13.9028,-6.1426,-8.8707,74.997,121.399,g
40.7668,16.941,2.6444,0.2721,0.1395,-33.3876,-27.0849,8.2668,6.235,181.17,g
37.7991,18.9191,2.9069,0.2999,0.1729,36.0446,10.3083,-5.1025,16.353,138.958,g
18.7977,15.7316,2.4241,0.5198,0.2731,-12.7123,-17.6937,-12.031,38.1018,57.3645,g
35.4413,8.6428,2.799,0.4382,0.2223,-2.5966,-8.2996,8.0967,74.2972,246.4691,h
12.9947,9.5535,2.2776,0.8232,0.5726,-11.0799,-9.3233,9.7537,83.93,127.814,g
27.9762,6.88,2.281,0.5602,0.3063,13.6467,-4.8238,3.9436,19.3344,159.712,g
33.0954,16.4092,2.7462,0.3085,0.157,-38.1042,-24.9414,10.488,5.86,179.134,g
20.2834,7.1797,2.0952,0.755,0.3815,22.7089,11.792,5.492,51.983,191.877,g
29.2813,15.6347,2.3962,0.4458,0.247,41.7127,-18.9923,-7.8863,26.472,83.2653,g
35.4335,17.1768,2.7566,0.3713,0.218,6.1006,29.8459,12.9883,25.724,157.738,g
83.6871,17.2672,2.7118,0.4175,0.2553,-98.3861,-48.3792,-17.8345,26.492,286.746,h
36.1485,18.4435,2.7983,0.3771,0.2379,-30.8935,-28.6659,-10.8549,72.777,140.302,h
58.9184,13.7941,3.0137,0.2316,0.1296,39.6171,42.4801,9.5461,52.8661,246.7104,h
37.1197,15.5082,2.6454,0.3846,0.2432,-3.2414,-29.3464,16.2343,9.829,155.915,g
38.922,16.3018,2.4237,0.5848,0.3392,28.115,24.5058,-9.0248,54.6864,214.9816,h
46.2564,19.1547,2.9609,0.2276,0.122,52.6054,21.5971,-10.3703,6.5852,161.699,g
18.8654,12.9148,2.2881,0.6435,0.3639,8.8434,22.1641,8.4853,72.2904,45.4723,h
19.7907,19.353,2.646,0.5332,0.2678,14.7705,4.8395,-9.4805,80.0427,63.7561,h
44.328,24.6381,3.2117,0.2383,0.1416,8.7697,33.4308,-15.8427,17.3632,242.114,g
25.9214,14.0449,2.6933,0.5025,0.2948,4.897,20.1408,6.2421,9.6072,125.722,g
43.1955,18.2841,2.8899,0.2616,0.1347,-24.5406,37.1483,15.1093,0.075,162.797,g
35.8521,21.4939,2.8579,0.2968,0.2004,-26.1679,-24.1268,14.3675,10.894,233.995,g
87.6502,20.9142,3.3469,0.1592,0.0906,52.3274,76.641,-12.9819,1.7125,219.403,g
34.8949,15.5169,2.3782,0.5196,0.2766,12.1854,16.3082,17.3728,48.9159,193.7306,h
27.9907,9.4474,2.3454,0.4605,0.2415,-35.5584,-18.5079,5.9111,66.9996,166.353,g
24.8621,17.4983,2.6469,0.3811,0.1995,22.3126,25.0444,6.9124,30.876,127.088,g
21.3568,15.123,2.702,0.5144,0.2632,0.4375,18.5603,7.8242,41.559,124.563,g
77.6685,17.3999,2.6866,0.3951,0.2088,-61.7106,-91.2394,-11.2495,81.6697,78.3511,h
51.0614,7.9502,2.8045,0.3655,0.1953,-10.0614,36.3194,2.9118,33.3331,256.777,h
17.2008,9.7948,2.5276,0.7122,0.503,-6.416,13.1378,8.7957,87.4928,170.407,h
64.0316,14.5597,2.8376,0.4157,0.2362,49.7586,63.0651,8.6793,4.13,207.657,g
67.7475,22.0689,2.8654,0.259,0.1302,49.1765,50.8477,-13.4234,2.3478,236.135,g
85.9449,38.135,3.083,0.2547,0.1289,125.9495,-73.0949,19.4318,54.9005,205.571,h
51.6133,14.6678,2.7709,0.4203,0.2466,10.8142,50.0298,10.2579,7.748,271.003,g
9.9191,6.874,2.5262,0.6724,0.372,-7.6133,-22.6644,2.1891,54.6087,101.5057,h
68.5255,35.0039,3.0126,0.2516,0.1287,-83.0372,-58.5607,20.2421,4.985,241.603,h
28.2176,14.1847,2.499,0.3455,0.1854,43.0525,-15.4933,-5.9025,89.9535,123.945,g
25.5298,12.2168,2.3856,0.3992,0.1996,17.7841,14.4982,-3.4568,41.5557,128.087,g
122.358,40.9553,3.4474,0.1788,0.1019,-114.133,-93.7356,26.7799,13.5059,291.361,h
27.1438,13.546,2.6527,0.5273,0.3415,26.0086,26.5492,6.8763,16.3242,241.214,h
45.0761,17.3888,2.791,0.3042,0.161,15.3181,29.0213,6.1818,55.8688,190.582,h
19.4695,11.301,2.6928,0.689,0.369,-0.5463,2.3599,9.7431,8.4896,167.0855,h
26.3082,11.9455,2.5955,0.5711,0.3084,10.0203,21.8424,-7.0259,7.3704,178.285,g
55.7695,24.5232,2.9848,0.2341,0.13,24.4674,52.0204,5.3759,0.554,280.757,g
58.7978,17.6852,2.5988,0.4685,0.3136,-20.8517,-26.2431,-7.7874,5.493,309.587,g
23.8869,18.7115,2.6841,0.4138,0.1923,-13.7371,18.9082,-8.144,35.4637,58.4591,h
30.1806,12.909,2.4771,0.3833,0.195,11.203,20.5384,-5.1373,11.423,86.461,g
179.591,60.2918,3.457,0.2175,0.1143,11.9961,-125.772,59.6241,32.456,310.547,h
12.871,9.8459,2.2516,0.7899,0.5686,11.2062,8.4149,-5.4993,40.035,146.03,g
22.8113,11.4933,2.5483,0.5922,0.3635,38.6888,33.2876,12.4094,7.8516,218.4869,h
58.4982,39.8182,3.2773,0.2493,0.1703,-36.8949,-28.5801,27.0196,2.9588,303.61,h
33.6964,16.6563,2.7604,0.349,0.2057,28.1894,-16.0499,12.6724,24.449,137.354,g
103.5179,45.9093,3.1334,0.283,0.2054,-172.7955,96.9119,10.1126,41.2365,259.074,h
54.7437,23.6799,3.5511,0.2007,0.1098,11.2361,54.6158,-11.5118,0.267,198.465,g
46.2571,17.9913,3.1524,0.2626,0.1404,40.7811,32.9045,8.7595,2.516,199.098,g
24.4408,16.6034,2.5949,0.5133,0.3342,9.5138,-19.4005,14.0019,88.1698,196.76,g
30.7413,13.9602,2.6911,0.3788,0.2067,3.4461,-14.5524,1.5275,3.262,185.153,g
44.4402,10.4281,2.5818,0.5347,0.2744,43.3012,23.0425,-0.2507,19.7216,167.4829,h
65.6203,30.689,3.2445,0.1777,0.0988,32.2151,67.5998,25.9399,2.733,140.514,g
28.9692,12.7046,2.5916,0.3713,0.1857,22.422,19.056,-9.3522,6.8788,68.7253,g
20.068,9.7614,2.3962,0.6145,0.4076,-3.641,14.7087,9.1117,19.9443,229.269,h
21.0341,9.269,2.281,0.623,0.3796,3.9848,-15.1601,-10.4657,44.8022,210.105,g
20.443,12.5096,2.5308,0.4978,0.2636,17.0881,12.8722,7.7569,5.9332,155.355,g
59.2636,14.4095,2.6154,0.2982,0.1515,66.5362,-12.2979,-6.3837,16.9458,149.72,g
26.4244,16.4187,2.5484,0.396,0.2023,-25.3063,20.7747,11.1,53.0609,186.501,g
11.7936,9.5614,2.1404,0.7733,0.5149,8.2023,-11.4457,3.1777,19.851,206.543,h
40.0797,8.6067,2.5535,0.4307,0.2219,0.8739,-13.954,6.5691,23.1959,235.3807,h
65.0379,10.8265,2.49,0.4595,0.2411,31.2704,65.2176,6.4885,11.3936,139.266,g
23.6271,10.4282,2.3971,0.5892,0.3788,12.0872,20.3787,8.4867,62.979,181.696,g
31.0208,10.3206,2.5218,0.5444,0.2992,-37.1024,-15.7849,-7.8747,8.2969,189.763,g
90.1049,22.951,3.1608,0.2272,0.1136,69.0797,92.7354,23.146,14.047,277.043,g
32.9572,14.8179,2.3766,0.437,0.2206,-3.135,-15.6034,-16.0488,21.1247,162.2,g
117.546,48.6587,3.5949,0.1484,0.0845,-96.5366,-117.82,32.14,28.412,323.658,h
91.4256,24.7124,3.2034,0.2291,0.1218,7.4172,64.3386,-9.7363,2.158,346.778,g
32.5446,17.6636,2.7007,0.2809,0.1424,20.1811,16.7055,11.6652,12.117,175.518,g
30.7967,21.2847,2.7135,0.3288,0.1983,27.1944,31.5476,-10.674,18.6544,136.253,g
109.0911,43.0005,3.1297,0.3137,0.2055,-82.0119,-93.4192,32.2068,34.2628,295.9157,h
92.9405,24.2545,3.1906,0.2753,0.175,2.7068,68.7176,23.2581,4.7062,365.375,g
40.6004,17.6554,2.7969,0.2793,0.1636,-10.1592,14.4912,15.2488,13.3149,181.029,g
68.9226,18.0087,2.7701,0.3684,0.2148,32.6801,80.313,11.3891,9.7906,199.811,g
38.9577,22.9484,3.2961,0.2458,0.1418,21.7382,29.623,-10.2218,0.3159,158.98,g
175.304,71.4598,3.882,0.0694,0.0438,-262.619,-160.178,-68.0666,38.8804,204.008,h
12.8532,11.4032,2.0512,0.7289,0.4133,-15.047,8.0978,-9.812,77.209,149.455,h
43.2166,9.1758,2.8603,0.3697,0.1979,40.7602,-19.5877,4.3802,55.468,246.537,h
38.715,16.281,2.6744,0.3259,0.1788,-31.0307,-31.3309,4.5476,22.3013,183.406,g
12.977,11.2337,2.3434,0.7483,0.4059,-14.8661,5.9407,-11.3905,71.4072,178.037,h
28.9654,16.8073,2.4893,0.3728,0.2026,25.104,-11.8774,-9.8044,15.563,150.815,g
65.9296,14.6512,3.1081,0.322,0.2047,-61.7378,58.0618,11.9036,2.038,268.384,g
24.51,16.2319,2.6048,0.3925,0.2,-10.8604,-14.3725,-9.1651,66.6354,122.289,g
23.7496,15.8563,2.6289,0.3854,0.1939,-13.6184,-6.8824,-13.527,28.429,128.77,g
100.61,18.4984,2.2799,0.4672,0.2546,-76.4084,-81.1744,-10.7762,88.2467,149.028,g
24.66,10.9818,2.5792,0.5086,0.2569,-7.8453,-19.655,3.6629,6.516,209.64,g
28.2019,8.0526,2.6196,0.6291,0.3325,32.4419,18.9032,3.8343,17.684,57.1203,h
28.1183,21.4937,2.8085,0.3124,0.1841,6.4073,23.3896,-11.5563,53.2731,162.932,g
69.2226,13.3692,3.1438,0.2219,0.1253,48.6375,54.0125,-4.6134,41.279,207.923,h
18.6528,7.273,2.2135,0.8135,0.4618,-5.0858,9.7208,2.6196,42.5147,149.847,g
23.9807,11.7305,2.6232,0.4738,0.2702,-15.5843,10.4892,6.9346,3.786,201.128,h
19.2345,11.789,2.3118,0.6488,0.4366,11.1633,20.0434,-8.6477,40.554,165.96,g
60.8065,28.7891,2.9823,0.1771,0.0943,16.7117,52.382,19.6667,1.9667,286.609,g
149.8725,64.8825,3.467,0.2003,0.0952,319.5395,-144.6621,74.0211,88.6655,374.1284,h
271.4508,117.4579,4.6113,0.0328,0.0246,-353.934,-180.8497,-65.2278,73.2824,198.6563,h
42.2517,13.7556,2.7431,0.4011,0.2014,59.0103,20.6932,-14.7559,1.924,167.097,g
39.4806,18.9588,2.9687,0.2773,0.1392,-9.235,24.7853,10.3638,10.02,159.242,g
24.2394,10.4824,2.5139,0.49,0.2588,11.4173,-16.7002,-5.3403,9.4811,69.9286,g
47.8229,10.0342,2.8678,0.3119,0.1593,14.8775,30.4699,0.6191,26.9319,241.712,h
26.7219,10.0212,2.472,0.6105,0.3794,-16.5189,-21.5455,-8.7277,27.079,168.203,g
37.3442,6.4684,2.4016,0.4303,0.2259,44.0179,-32.3971,-7.391,58.6265,164.237,h
44.3893,17.5785,2.7941,0.3454,0.1839,5.5836,39.0851,-14.7831,0.084,187.953,g
205.825,79.6351,3.5672,0.1479,0.0773,-105.779,-114.624,-83.0358,40.808,263.852,h
67.4756,17.4582,3.1604,0.1943,0.1045,-27.6853,-41.7206,-13.3146,89.2028,150.1053,h
13.1551,9.0786,2.4191,0.8495,0.581,-10.8994,-10.1658,10.5847,46.9567,97.3209,g
65.9948,33.8832,3.4581,0.2372,0.159,-71.0578,-41.7704,-22.1998,40.1133,271.924,h
67.0205,23.2663,2.5658,0.4022,0.2106,-50.9816,-59.1431,9.1754,72.4499,106.469,h
20.5128,15.7439,2.4314,0.4704,0.2389,-29.0561,11.2712,-3.7516,21.6049,237.156,g
20.2899,16.0567,2.8546,0.464,0.2509,1.4769,-6.0144,5.3061,0.159,181.475,g
30.4239,12.0527,2.49,0.5016,0.3155,-28.6877,-15.5362,10.6495,0.929,167.849,g
96.8986,25.3328,3.4313,0.1566,0.1126,-49.1577,-82.7423,-20.1229,28.1173,168.5184,h
15.1767,13.535,2.3506,0.5772,0.3215,7.885,-7.5649,-5.8473,19.5339,260.9047,h
37.0689,16.538,2.6498,0.3337,0.1736,-29.1614,-11.3445,11.4908,2.76,129.665,g
31.1773,20.1391,2.8666,0.2842,0.1638,-0.3975,17.2716,6.4543,7.611,131.335,g
95.3993,28.8213,3.4232,0.2638,0.1481,21.5785,-64.2447,22.613,0.9064,351.8,g
42.0495,21.5449,2.9263,0.2346,0.1274,36.6507,17.4945,15.8748,5.655,139.334,g
34.8617,15.6595,2.6101,0.4049,0.2245,9.8875,26.449,10.0203,9.2301,173.22,g
37.8264,15.0317,2.7903,0.3517,0.2164,45.4483,24.7203,-7.7151,8.9491,174.051,g
18.1135,16.5305,2.0726,0.7121,0.389,20.1315,-23.9394,-12.9309,81.4983,207.6501,h
20.7334,7.1075,2.0737,0.7342,0.384,-23.1141,-11.7531,5.9262,0.208,211.141,g
97.3859,45.1858,3.8734,0.0957,0.0504,61.3107,73.4191,-36.4356,32.302,185.712,h
52.5016,9.5828,2.9462,0.3645,0.2077,10.6706,36.1845,7.3558,32.658,195.911,h
27.625,9.4464,2.5447,0.5449,0.2953,6.9847,21.7525,5.5572,71.4874,97.8993,h
87.02,21.7407,2.634,0.4042,0.2172,-101.12,59.0806,8.3743,2.8508,277.881,g
164.6668,39.5132,2.9622,0.3701,0.2096,-152.9008,19.2538,-30.232,55.7371,307.237,h
37.4849,15.9605,2.7408,0.347,0.2062,30.4798,23.5295,-14.058,36.3065,198.109,g
46.7423,21.6214,2.7578,0.3762,0.2686,-28.1361,-67.1195,17.7402,79.4041,244.508,h
75.8726,40.5638,3.3515,0.2039,0.12,74.7201,63.1762,-57.4405,7.21,225.287,g
190.092,94.394,4.3095,0.0638,0.0344,-228.84,-146.053,55.255,59.417,304.352,h
163.898,43.3357,3.5844,0.1562,0.0879,-120.434,-117.601,-39.051,22.1918,306.628,h
20.414,6.9948,2.2055,0.7726,0.4268,-21.1249,-13.795,5.571,6.208,137.344,g
161.3747,25.2288,2.8603,0.325,0.1798,89.4912,177.6937,-5.4882,63.7523,127.839,h
23.1227,19.1015,2.9906,0.417,0.2488,-2.0355,12.9545,-8.1346,40.3115,62.1829,g
93.1434,23.7479,3.1433,0.2013,0.1024,14.8203,86.5242,12.3173,13.1944,285.632,g
79.1223,27.1422,3.3206,0.2586,0.1738,-37.4337,50.88,-21.005,1.1933,293.084,g
46.7412,22.3069,3.1256,0.2171,0.1127,17.0541,37.6895,18.3464,8.8499,225.908,g
21.5813,9.9303,2.179,0.5828,0.3344,2.944,-15.3123,9.1891,20.293,138.349,g
21.7006,9.4415,2.2788,0.6053,0.3395,-4.379,16.0281,10.6172,8.982,176.227,g
27.0181,6.8552,2.4698,0.6169,0.3203,32.3712,16.0717,-4.884,5.316,191.225,h
29.161,9.454,2.5877,0.6047,0.4561,14.1259,27.562,-9.4301,48.485,237.486,h
21.386,13.6561,2.5682,0.5541,0.3662,-12.8325,-14.7031,12.0507,10.142,146.354,h
58.855,41.3512,3.0491,0.2437,0.1409,-22.839,-22.107,28.792,8.8702,226.6265,h
24.004,16.385,2.5447,0.4365,0.2297,-15.2692,11.4098,15.8074,9.1148,165.213,g
63.668,23.885,2.8451,0.37,0.2064,-83.4026,-20.7595,14.8164,11.4153,343.112,g
75.9957,45.6138,2.8743,0.2598,0.1253,-29.3225,-41.7082,34.3627,68.283,110.5783,h
32.9616,5.9553,2.7275,0.5269,0.3177,17.9738,23.593,-3.8636,3.1509,137.3411,h
30.1875,26.1698,2.6212,0.7033,0.4988,-5.8413,23.7394,-22.0587,31.0894,363.867,g
85.7914,23.9698,3.227,0.2182,0.079,-75.4051,75.0356,21.5026,10.3207,261.0096,h
49.7403,23.7094,2.7263,0.2329,0.1192,35.1742,-29.4208,20.3422,34.582,180.167,h
19.5502,10.7632,2.3201,0.6077,0.3421,8.3626,-17.3795,-10.0925,17.368,173.394,g
20.5786,7.1865,2.1746,0.7291,0.3645,23.728,10.6638,-5.8163,56.336,94.4891,g
33.4212,18.5514,2.7638,0.2808,0.1438,-0.7484,-23.404,13.1849,2.584,215.63,g
95.2562,27.9901,3.1992,0.2851,0.1489,-66.8185,-71.2218,-24.3355,3.681,376.223,g
28.7588,18.1323,2.6898,0.3575,0.2237,-9.2175,20.9801,-15.3651,18.917,139.741,g
73.336,23.6134,2.9516,0.2918,0.1504,-37.7816,14.5381,-21.14,2.9936,303.784,g
42.0829,11.5649,2.866,0.3921,0.2457,16.5901,36.3378,-8.451,18.539,239.752,h
117.614,49.2012,3.6672,0.2457,0.1277,-62.3327,-123.203,-32.2421,3.5618,323.849,h
69.7657,28.2547,2.8719,0.3534,0.2005,-3.6772,-15.5113,14.7834,74.183,327.8258,h
225.4409,100.2957,4.2132,0.0872,0.0218,-226.0696,-217.1294,-75.0997,71.7122,363.55,h
94.3067,91.1296,3.8161,0.1104,0.0255,-26.3364,76.663,27.8614,49.8113,43.3309,h
33.5948,21.3124,2.6294,0.2746,0.142,-28.0882,-12.249,-16.3479,29.3634,135.209,g
93.0951,19.9461,2.9345,0.3047,0.1878,1.1037,72.7092,-24.2614,1.18,362.781,g
51.9672,18.3654,3.1425,0.2722,0.148,40.672,51.5228,4.8777,2.3446,223.278,g
92.6674,36.8456,4.0284,0.1114,0.0579,18.4065,74.3498,-18.8167,3.692,276.962,g
88.6127,34.7513,3.6393,0.1847,0.1153,-50.7911,46.9595,16.2879,1.8554,348.887,g
79.1583,24.6871,3.3296,0.1423,0.0719,89.5089,71.2373,17.0785,13.056,209.028,g
20.5387,12.768,2.3294,0.4824,0.2412,-26.7705,-11.7135,8.4605,11.12,94.6405,h
37.6679,27.659,3.4526,0.1813,0.0922,-19.7226,28.0777,-23.4211,22.924,120.77,g
27.651,20.0275,2.8222,0.2696,0.1348,13.9912,12.4708,-9.64,23.851,71.6871,g
101.2776,56.3561,3.2514,0.1453,0.0851,-15.1004,-61.2481,-25.9004,7.1559,330.126,h
15.0563,12.5002,2.1824,0.8173,0.414,-17.5473,-6.0448,-10.0996,42.7782,192.2809,h
60.4536,20.3705,2.6503,0.34,0.1711,5.5368,72.6114,10.9892,3.4862,239.138,h
65.6591,30.9807,3.1896,0.2087,0.1205,-29.279,-64.9592,-19.513,69.6301,157.981,h
242.492,90.6041,3.4335,0.1106,0.0625,-300.245,-76.1678,76.6727,88.1017,166.68,h
23.4256,16.2729,2.6138,0.4477,0.2324,9.9814,-8.8271,-11.1896,5.5254,169.305,g
83.9924,35.5829,4.1208,0.0997,0.0503,-6.8068,70.1617,-22.6464,2.012,252.975,g
138.503,30.8328,3.3005,0.2183,0.1324,92.1066,130.16,-19.2624,65.5195,156.899,h
20.9599,7.1434,2.1255,0.6891,0.3483,-0.8805,7.5419,-6.136,27.138,204.598,g
24.1399,16.6536,2.433,0.4502,0.2528,10.6501,21.6265,6.4762,39.092,164.469,g
22.697,10.2077,2.263,0.6782,0.4927,25.6453,16.678,5.1287,60.4354,136.6942,h
13.1972,11.7719,2.428,0.7389,0.486,7.504,12.4199,7.254,36.4006,202.9589,h
24.0218,21.6024,2.6812,0.3979,0.2427,19.2313,-17.3996,18.0813,12.615,136.947,g
57.9795,47.3576,3.9358,0.1265,0.0686,29.4056,53.9324,21.4798,3.968,119.587,g
30.5583,16.1245,2.5938,0.4102,0.2229,-22.1688,-21.0536,9.2193,14.043,118.625,g
21.1275,12.5178,2.2541,0.4513,0.2312,29.3205,-5.8869,9.6623,30.368,98.0832,g
29.2453,14.9894,2.3454,0.4876,0.2641,27.5753,23.9034,-10.9994,19.747,113.182,g
33.343,8.3643,2.3936,0.497,0.2687,-0.2477,10.0291,-2.7907,61.489,210.061,h
39.9963,13.3568,2.7547,0.3272,0.1996,15.6084,-26.0873,-11.7439,6.032,203.132,g
39.7253,18.2909,2.7476,0.3771,0.243,-34.8754,-19.2068,-13.711,6.3241,109.0673,h
13.0752,10.4034,2.1319,0.7823,0.5055,12.7827,5.8317,-9.5705,56.4494,166.803,g
13.0633,10.8801,2.0952,0.7631,0.4538,-14.0036,4.9914,10.4674,22.795,47.5687,g
17.1997,7.3014,2.2844,0.8312,0.5532,3.4739,4.489,5.2467,19.79,217.318,g
43.8674,17.4839,2.7749,0.3543,0.1805,36.9088,51.419,8.7308,39.8956,145.372,g
18.9249,9.182,2.2833,0.6615,0.4661,17.9983,15.4613,-2.7311,18.7148,184.019,g
20.9077,6.7751,2.3043,0.7643,0.4591,20.4434,15.1221,-6.0243,22.9044,109.935,g
22.5682,11.5906,2.4836,0.578,0.2939,12.0458,20.3054,-3.4093,35.141,120.132,g
185.0381,37.7617,2.7675,0.3846,0.1851,-160.9643,-130.7518,16.9698,21.9336,164.0492,h
27.8673,16.6744,2.6212,0.3373,0.1734,-29.7214,-8.9236,-14.2996,21.151,192.59,g
27.3626,15.8354,2.905,0.4144,0.2259,-12.9592,4.2514,11.4487,9.808,168.391,g
42.6468,22.7714,3.0338,0.2044,0.1115,48.208,19.207,-15.1967,10.6136,182.326,g
115.264,14.0075,2.854,0.7544,0.4136,-88.2076,-117.486,8.4777,28.01,336.991,h
162.904,44.1157,3.3998,0.2199,0.1157,-159.409,-95.9851,-42.3085,2.607,298.891,h
24.5581,15.468,2.6628,0.3957,0.1989,10.2036,12.6949,8.5211,26.996,165.258,g
62.1971,14.3155,3.0754,0.2804,0.137,-15.7881,-11.3675,-3.1367,48.7462,157.6173,h
157.741,74.2172,3.1944,0.1214,0.0617,-112.039,-163.925,-85.9577,5.421,90.0794,h
35.9738,26.1095,3.3553,0.2851,0.1573,-1.9325,16.2147,15.2438,8.8011,186.415,g
19.2855,11.2359,2.3345,0.6759,0.3958,-13.6858,-18.5907,8.3314,74.888,85.1084,g
66.5662,28.6046,3.5894,0.1552,0.0779,35.167,40.3408,20.895,0.4,261.59,g
157.3766,65.3196,3.0305,0.2259,0.0927,301.1996,-161.9202,54.5743,72.6454,157.122,h
68.3318,15.8303,3.0165,0.2806,0.1621,-56.7726,-44.6009,12.5336,4.2399,65.3891,h
26.3889,12.5779,2.5095,0.543,0.2919,-3.9147,1.7325,-8.3314,57.7917,166.8573,h
47.5445,16.8228,2.8152,0.3244,0.189,14.0728,35.4231,-9.8911,10.21,209.649,g
268.5557,134.0939,3.5845,0.1042,0.0541,325.4172,113.3479,-101.6647,75.2391,116.3868,h
42.5208,9.4318,2.7547,0.394,0.2278,-12.6311,12.2799,-4.8233,66.9928,166.825,h
78.855,27.3493,3.1171,0.1535,0.0783,-43.7386,79.9185,-23.8454,6.0893,194.539,g
20.2916,10.0261,2.3324,0.6186,0.3837,-3.7675,15.1637,-8.0088,67.912,170.446,g
31.8394,17.6721,2.8817,0.3493,0.2095,2.4429,-16.3394,-15.3836,3.401,160.671,g
19.2233,12.8992,2.4495,0.5364,0.3179,9.6406,15.2999,7.7947,22.3356,224.071,g
60.8649,14.4934,2.8689,0.307,0.1684,-48.7893,23.8006,10.5276,4.081,184.962,g
172.6668,119.5586,3.4102,0.1332,0.0844,1.2907,159.7598,76.9915,69.2286,195.2145,h
35.2422,17.2814,2.7376,0.3623,0.1857,5.2869,-17.9827,-8.634,17.504,172.083,g
118.2056,82.7195,3.961,0.116,0.0585,-105.8435,-58.3855,-67.4184,27.3201,274.5979,h
32.923,7.0209,2.4125,0.5493,0.3424,-4.1946,11.9345,6.1877,29.936,268.831,g
36.5729,20.8249,3.0658,0.2682,0.1362,3.7589,-22.4056,16.1421,2.354,162.639,g
31.4417,19.7318,2.9827,0.333,0.1722,23.7303,21.7099,10.6866,27.914,96.3967,g
21.4296,16.7983,2.5397,0.4214,0.2121,12.5933,-10.7423,11.901,12.4053,251.585,g
18.1313,11.7912,2.6217,0.5854,0.3883,-0.4923,-8.9053,9.3306,18.5319,222.983,h
27.6517,9.3392,2.5544,0.5282,0.2905,29.1845,10.9982,-13.8643,88.2904,174.4417,h
67.8372,24.1273,2.9664,0.2442,0.1226,21.4801,76.6759,17.3767,5.0087,204.394,g
49.5629,27.5724,3.1614,0.229,0.1224,15.1029,35.1691,21.4097,4.158,271.967,g
21.4521,6.9635,2.0512,0.6844,0.3689,-24.6676,-9.568,-6.4264,21.9158,142.448,g
52.3679,33.5311,3.3954,0.1879,0.108,-12.5255,41.985,-29.4858,62.904,276.255,h
21.8569,10.9246,2.4433,0.5838,0.3874,6.0597,18.4043,8.7412,17.8472,60.3879,g
39.7779,21.9585,3.1206,0.2318,0.1208,4.0471,18.2073,12.0024,17.966,185.098,g
28.7063,15.1931,2.6335,0.4116,0.2337,34.4181,20.8,8.7719,9.7129,243.798,h
31.7833,16.3332,2.6785,0.348,0.1897,33.2758,27.5985,10.6734,3.234,192.009,g
20.5656,10.0671,2.3579,0.636,0.3575,3.5753,-15.242,-2.1569,0.9738,190.704,g
21.4792,10.821,2.2504,0.6011,0.368,-20.0455,-20.1316,11.2619,70.5228,166.625,g
22.9908,15.2449,2.6585,0.4347,0.258,-0.2278,19.2622,-8.3812,37.988,242.377,g
17.9622,10.579,2.1903,0.6065,0.3258,-2.2621,8.2386,-6.2757,68.6452,62.7278,h
12.5217,11.9409,2.0022,0.6965,0.3532,15.4542,-6.4495,11.2227,35.2548,86.8641,g
81.2822,14.8174,2.5353,0.3324,0.1735,-70.4742,-11.6602,-5.1315,5.648,268.823,g
102.502,41.161,4.1093,0.0975,0.0503,58.8221,89.5152,-27.2893,2.84,268.613,g
109.8235,56.9402,3.6219,0.0779,0.0486,-134.0993,-25.8577,55.8384,57.2665,126.6506,h
15.615,11.3102,2.3201,0.6555,0.4474,-1.8753,-3.6582,-8.8845,2.599,207.34,g
30.3331,14.9817,2.4526,0.4762,0.2416,-32.2094,-20.1641,-5.1006,0.9075,74.5242,g
18.7354,10.6923,2.3096,0.7059,0.3652,-8.339,16.5115,-7.031,46.1771,156.999,g
58.4033,22.1844,2.9204,0.2679,0.1592,-31.6855,45.0145,-5.0712,13.659,230.615,g
40.077,18.7191,2.8228,0.2617,0.1617,-16.0358,-31.7223,11.0383,6.9394,189.586,g
26.8924,14.2468,2.3233,0.5131,0.2779,35.7676,-9.9324,-14.5065,5.94,114.594,h
136.716,34.9366,3.1082,0.2307,0.1196,-178.358,99.6708,-22.3847,13.195,246.961,h
44.1319,14.6347,2.6977,0.2869,0.1555,-20.9249,4.2475,-5.1369,21.324,165.344,g
35.4559,14.0987,2.4533,0.3944,0.206,2.3575,17.7538,-14.9431,2.075,235.553,g
61.3352,19.0376,2.9836,0.2513,0.1438,-87.3769,-29.4839,17.8461,9.634,277.29,g
108.2292,11.947,2.7426,0.3674,0.2753,-84.156,-45.726,6.3502,7.8289,166.9842,h
22.7595,16.4605,2.7003,0.4905,0.2662,0.1207,22.097,-13.1883,32.0104,133.187,g
216.4995,57.9507,3.544,0.2238,0.1273,-11.7305,-287.5067,49.9055,16.6904,294.9818,h
32.2458,10.6943,2.7093,0.4746,0.3018,22.8566,21.7606,7.5219,0.933,74.8111,g
28.7984,16.986,2.7578,0.3546,0.2035,15.7319,20.2965,13.436,40.71,125.077,g
44.8602,14.8309,2.993,0.2754,0.1621,-24.7215,20.9483,-6.3106,5.874,237.141,g
17.6289,10.9416,2.1875,0.5519,0.276,2.2427,-8.3107,3.4725,89.264,135.31,g
100.4486,15.7331,3.2594,0.2898,0.1175,-39.344,40.9504,13.658,2.5978,312.913,h
23.2925,11.8514,2.4639,0.5223,0.3729,-7.9635,-17.003,-9.2985,88.8305,37.3543,g
58.8069,14.1129,2.4955,0.4409,0.2284,-25.9338,-56.8791,4.8497,18.423,109.98,h
21.3972,13.0781,2.5231,0.5997,0.3103,11.4719,-10.0954,11.2769,14.853,162.479,g
20.5521,7.2284,2.0986,0.7171,0.3705,-1.8904,9.3197,5.8153,22.516,109.609,g
26.3855,13.0137,2.6646,0.5658,0.3211,8.9559,-1.4528,-8.8425,53.4942,217.2301,h
73.8115,22.5542,3.211,0.2245,0.1153,38.1978,70.6669,10.0727,6.548,203.818,g
23.5348,15.0164,2.5198,0.4834,0.2674,6.6035,13.0289,5.5875,5.8248,163.178,g
106.983,41.799,3.5201,0.2062,0.1224,-50.1167,-69.1267,-35.7643,0.4318,330.752,g
46.3757,15.9563,2.4609,0.474,0.3235,-47.9419,-12.5581,8.7319,84.6939,38.8883,h
50.3517,12.7905,2.772,0.3804,0.2274,-28.1604,-37.6189,8.0301,9.6757,179.122,g
69.8894,18.814,3.3709,0.1933,0.1147,-3.1744,-54.3042,10.3124,0.225,234.945,g
8.601,7.9841,2.4239,0.6048,0.3139,11.0036,-0.3119,5.6446,27.8311,141.2938,h
128.627,21.6801,2.7749,0.2636,0.1335,101.383,128.975,-11.5924,3.1073,221.05,h
17.8187,10.8904,2.4502,0.5355,0.2819,0.9568,-6.3431,-4.1317,89.8217,165.535,g
38.9184,7.6921,2.662,0.5041,0.2914,23.32,26.5724,-12.5421,82.0278,184.0394,h
89.1989,13.3168,2.7024,0.3393,0.2034,-99.2929,59.3745,11.451,4.2637,231.15,g
92.7512,16.9491,2.749,0.3672,0.213,-35.6368,-90.4231,-13.0992,16.2144,97.6517,g
26.1343,9.7406,2.5883,0.511,0.2826,-30.7638,-20.9091,7.3484,2.897,128.081,g
21.9807,10.6644,2.3997,0.6056,0.3526,-17.4321,-18.0406,-7.5289,24.17,198.136,g
26.5139,16.6063,2.8808,0.3658,0.2349,-5.6836,-16.5808,-10.8799,7.5418,175.096,g
31.2684,9.4683,2.2589,0.4463,0.2231,7.8617,23.3259,-9.2346,22.4698,225.955,g
29.1046,14.2871,2.4864,0.3687,0.2104,42.3025,-15.1837,7.4776,0.0578,224.784,g
18.7375,9.9878,2.2856,0.6321,0.3497,21.9776,11.5671,5.4097,17.6368,50.7272,g
18.9053,13.0977,2.4322,0.6322,0.3641,18.6186,18.1889,4.5549,33.344,146.562,g
24.7242,7.6865,2.3424,0.7091,0.4295,-14.0032,-19.4521,7.5515,24.6644,93.3278,g
64.5742,23.7415,2.5553,0.452,0.2968,-68.8607,-32.0465,-19.1409,62.084,110.0995,h
14.043,10.7514,2.0436,0.6881,0.3737,22.0147,-19.7615,7.6726,16.1747,225.9199,h
40.8586,23.7642,3.214,0.2187,0.1121,-1.9163,-20.1588,-17.5628,9.4564,206.967,g
39.2553,23.4992,3.0755,0.1992,0.1013,-18.867,-23.1843,-9.7169,5.892,175.146,g
17.8476,10.4929,2.2742,0.6011,0.3537,20.8677,11.6185,-2.2703,43.7863,65.015,g
29.3161,10.8286,2.5038,0.4796,0.268,-37.0756,-14.1434,-3.7394,5.8241,252.06,g
82.4072,28.7172,3.594,0.1732,0.1089,-36.4774,58.9418,11.3954,0.3565,303.15,g
20.9328,6.803,2.1189,0.7605,0.4525,20.707,14.8757,-6.0435,83.6972,117.178,g
19.9789,12.6915,2.4541,0.5448,0.3462,12.6925,16.8664,-5.0556,12.7586,205.861,g
77.7029,24.7773,3.3432,0.2214,0.1323,32.0315,98.5072,-7.858,8.624,241.917,g
21.0211,16.2035,2.5832,0.5379,0.2859,28.9696,-13.4462,-13.6569,61.8302,142.35,h
26.5832,22.0264,2.683,0.2988,0.1525,-24.7413,2.6927,21.47,31.498,92.534,g
61.5175,26.4775,3.3753,0.1572,0.0845,3.5699,40.0819,-15.5083,3.0791,211.047,g
23.6353,11.4736,2.4661,0.6291,0.4085,-15.6487,-18.8315,-9.9017,43.565,194.384,g
92.4111,42.428,4.1425,0.072,0.0376,49.6948,74.1526,22.5753,2.217,216.879,g
31.6675,5.7114,2.3192,0.7744,0.5102,16.3071,25.3384,-3.8923,5.2978,149.2918,h
28.4759,19.6972,2.6857,0.2969,0.1515,-5.6162,11.3358,-7.5771,20.123,185.163,g
31.2386,16.5869,2.6826,0.3489,0.1817,-10.471,21.1996,-11.6708,9.5808,126.349,g
19.4266,12.1487,2.4541,0.5554,0.304,-1.6748,12.1233,-7.7484,23.9107,198.974,g
92.4484,27.5454,3.4125,0.1447,0.0733,90.4871,84.0013,21.7061,13.3408,255.66,g
50.6529,10.7307,2.9194,0.251,0.143,15.453,-14.3788,3.6106,71.4379,190.3706,h
79.3857,8.6417,3.1414,0.2546,0.1332,14.0261,49.8534,6.6152,74.5841,182.4297,h
93.0016,17.941,3.078,0.2804,0.1333,77.563,91.8036,-14.7475,17.0072,327.0483,h
150.061,20.4024,2.6744,0.5524,0.2889,-133.811,-130.077,-0.5112,6.5826,247.01,h
35.7817,24.5512,3.2838,0.2461,0.1288,26.0407,10.1114,-16.3474,1.5398,192.401,g
19.7657,10.8675,2.7675,0.6183,0.3476,-2.023,12.8656,4.7358,51.5436,100.092,h
28.3287,10.0515,2.404,0.5838,0.357,12.0269,17.9473,-5.6699,18.23,224.705,g
28.7186,8.0563,2.143,0.554,0.2986,-16.5286,-16.7053,3.5189,21.0694,143.302,g
21.3424,10.1083,2.2788,0.6,0.3132,-6.4027,17.53,-10.7113,51.719,158.054,g
73.485,19.0865,2.6763,0.4639,0.3292,-84.1525,-56.3888,14.6496,1.1157,288.4742,h
30.3595,11.4298,2.3766,0.3782,0.1912,-49.3628,22.1543,8.5167,16.73,238.833,g
31.7073,12.7563,2.4757,0.4415,0.2391,-27.8733,-16.2827,-8.7902,29.067,126.757,g
26.0508,9.2468,2.4691,0.5637,0.3243,29.2039,20.307,5.6914,16.816,176.208,h
182.8099,91.4597,4.1414,0.0442,0.0411,64.6934,-142.9141,-49.8209,67.0593,180.2302,h
63.3926,31.8481,3.3035,0.1357,0.0689,13.5914,32.569,-9.9033,8.5577,123.099,g
21.185,7.0653,2.266,0.6883,0.355,-24.922,-8.7187,6.2775,60.588,165.157,g
53.6076,24.7149,3.4549,0.168,0.0865,13.2162,48.0292,-12.2793,1.853,179.499,g
16.6163,15.5228,2.5804,0.4674,0.2241,-29.5519,12.876,-5.0035,30.4676,181.3228,h
21.2302,12.2991,2.2889,0.4627,0.2442,0.5732,-6.5729,-10.8021,43.8353,165.158,g
19.7366,7.3095,2.1383,0.7636,0.4109,-3.5091,10.3719,-4.8598,24.7838,173.073,g
18.8206,10.3202,2.1492,0.5248,0.266,25.7963,4.1479,-3.9283,18.121,191.133,g
31.1396,24.7569,2.7642,0.2737,0.1403,-53.2459,17.078,21.3696,4.6106,213.971,g
119.531,38.9042,3.2762,0.1832,0.0982,-128.558,82.7515,15.2098,42.0454,243.105,h
68.1693,29.6106,2.9605,0.2924,0.1824,-68.2229,38.9137,20.9574,3.585,262.112,g
24.07,17.2927,2.6258,0.4213,0.2379,9.0768,19.9668,-15.5285,33.07,93.1878,g
226.686,91.5561,3.5426,0.1044,0.0615,303.528,-73.8363,79.7236,78.754,192.868,h
33.6375,7.2779,2.793,0.4491,0.2538,24.8606,12.0875,8.9577,53.0922,159.6855,h
67.3731,29.9996,3.0715,0.1756,0.0886,-75.881,-47.1058,-23.4857,50.191,155.438,h
87.3481,29.0231,3.4145,0.1536,0.0795,73.2094,87.5135,17.1705,0.4795,269.401,g
108.4736,65.7689,3.231,0.2644,0.1562,-45.5991,-79.4807,74.4154,31.9332,366.395,h
59.3407,24.1321,3.5204,0.2336,0.1178,31.0534,59.4112,10.0941,1.3878,264.491,g
63.9927,27.1801,3.2015,0.2427,0.1223,28.0762,51.854,-11.5716,1.338,265.832,g
52.3259,37.4732,3.3359,0.1721,0.0879,17.7072,-60.4934,16.6422,73.755,152.499,g
19.1447,16.7617,2.5172,0.4438,0.2295,5.6604,-10.0808,11.5903,24.6315,165.353,g
29.9486,14.8492,2.7332,0.4233,0.2597,16.7183,-27.6626,-8.5428,0.275,136.596,g
18.8219,11.9384,2.3856,0.6749,0.463,10.1807,20.3275,-9.2552,3.2309,225.556,g
82.4303,35.3798,3.8202,0.1482,0.0798,64.0072,81.4214,33.9887,1.5887,290.428,g
68.9709,12.8382,2.7616,0.3602,0.1931,58.8643,56.0256,-3.9537,8.5297,266.917,g
15.8049,11.8389,2.4518,0.6254,0.3375,-1.9127,5.0444,-5.3621,40.6918,205.39,g
63.1196,31.0642,3.3687,0.1823,0.1038,46.2564,59.8515,14.7941,6.423,314.41,g
33.306,10.6203,2.4133,0.4324,0.222,4.7813,-16.8419,-10.0063,9.49,190.421,h
31.4905,16.8762,2.7738,0.3249,0.1793,2.3236,16.4636,-7.2886,16.575,167.5,g
50.6985,39.432,3.3919,0.2052,0.1142,22.2129,45.0357,24.9434,9.5042,43.7529,g
57.1477,29.4889,3.4273,0.1525,0.0817,66.8318,47.3417,13.1529,7.966,199.142,g
19.7507,10.9467,2.5092,0.6749,0.3854,-14.9981,-18.2558,8.4195,6.595,224.148,g
43.027,13.8938,2.4385,0.5209,0.2969,27.6208,14.6349,-10.9602,20.8227,262.116,g
57.2207,23.6817,3.1356,0.3044,0.1701,-54.8221,-20.7558,-19.5585,3.2171,307.225,g
17.8551,3.8824,2.2339,0.8006,0.4438,0.5129,-10.9008,-2.7688,43.4323,100.275,h
13.3224,11.8602,2.4464,0.6026,0.3442,-14.7335,-14.0008,7.0609,34.0759,150.6592,h
80.0086,20.5379,3.3846,0.1951,0.1029,14.1129,64.1282,-10.2698,1.454,289.1,g
18.0519,17.6171,2.1818,0.5395,0.2928,-0.4561,-15.8707,-13.4793,56.732,226.456,g
20.8963,10.5549,2.3766,0.6218,0.313,17.2947,16.987,-4.8137,50.047,158.436,g
27.5031,4.0154,2.2861,0.6351,0.3678,7.5362,-5.2818,4.3336,65.6389,193.9021,h
33.0857,19.4052,2.6264,0.4087,0.2226,-10.607,-14.803,-13.135,19.2177,256.7284,h
180.7133,58.2973,3.5893,0.0983,0.0733,-278.9379,-85.086,53.8558,48.6995,175.3881,h
89.8648,33.6384,3.8899,0.1487,0.0805,22.0971,98.5182,14.069,3.689,158.618,g
36.9855,11.7976,2.8085,0.3481,0.181,-30.6928,8.6971,11.428,3.1203,209.578,g
19.2496,14.3362,2.3608,0.5664,0.3377,-19.1401,-18.8208,-1.5301,7.7706,177.842,g
38.7469,24.4913,2.8779,0.2689,0.1384,3.438,10.2877,17.7093,12.098,255.46,g
13.4612,9.8586,2.2492,0.8225,0.4873,-13.1986,-7.5122,11.4641,40.227,199.406,g
50.2174,24.4917,2.8017,0.2968,0.1492,44.6144,35.4407,22.3504,21.809,101.7,h
21.3428,16.2565,2.42,0.4144,0.2186,28.1162,-9.8288,11.2714,0.6445,131.011,g
12.9993,11.234,2.0881,0.751,0.3796,14.9947,-2.9654,-11.8018,77.453,126.999,g
91.4628,32.5726,3.5434,0.2793,0.1501,20.4375,-33.4174,24.0511,2.331,381.867,g
53.4322,35.9845,3.0603,0.1688,0.0866,-12.938,44.0333,-34.988,83.8183,149.108,h
27.4892,22.7223,2.8062,0.3547,0.1945,-2.372,13.0575,-17.7699,48.1879,62.181,g
37.3152,18.6568,2.7645,0.2562,0.1522,23.041,-21.9094,3.8461,0.952,233.062,g
27.4344,10.9533,2.7259,0.4624,0.2735,-11.0038,-10.4081,2.4234,31.9443,80.2647,h
114.791,32.3719,2.8862,0.3015,0.1761,63.7682,115.441,26.4091,19.4063,257.969,h
46.9591,36.5351,3.696,0.1516,0.076,32.8331,33.523,14.256,4.533,110.385,g
12.8425,9.585,2.3646,0.8121,0.5853,10.7643,9.2325,8.1413,0.7048,141.538,h
37.1453,19.5056,3.107,0.2696,0.1395,-1.9338,26.7564,12.0698,0.6385,135.21,g
26.9185,15.2991,2.4023,0.4475,0.2277,-5.5481,-15.7282,-13.7103,20.6971,108.832,g
12.803,11.5191,2.0588,0.7249,0.3974,-15.2872,8.0028,-10.5084,26.705,154.638,g
18.1525,15.6634,2.3918,0.5355,0.2698,9.025,-16.9469,11.9734,74.436,181.289,h
17.1067,6.8195,2.2768,0.6185,0.3667,-16.0989,-18.2248,13.0816,89.7228,65.1721,h
20.911,6.2161,2.2028,0.79,0.5486,17.4198,18.0188,-6.1225,30.257,242.563,g
27.1305,19.4693,2.7303,0.434,0.2639,1.8717,18.99,13.1505,83.1739,146.7986,h
58.4337,5.2287,2.9325,0.3411,0.1863,-80.6225,-27.9946,8.6125,41.862,114.123,h
46.413,17.8084,2.9479,0.292,0.164,-3.0463,28.0419,-13.7728,0.595,271.668,g
99.9364,55.923,4.1876,0.0984,0.0495,-20.855,69.205,-29.3662,2.423,341.018,g
65.6466,23.2731,3.1002,0.3208,0.2076,-10.5103,38.4705,14.2071,4.6995,318.289,g
29.4389,16.7576,2.6977,0.3069,0.1555,1.2283,21.5026,-12.4804,17.977,155.351,g
21.4416,14.6663,2.4631,0.5473,0.2978,29.8471,-14.675,-7.4522,9.9314,196.476,g
34.4853,15.1329,2.772,0.3669,0.2105,12.245,13.2609,12.5771,4.916,168.707,g
108.2019,32.6265,3.3518,0.1048,0.0485,77.5363,120.5696,22.7016,6.5099,283.2477,h
61.2527,23.0284,2.7328,0.2479,0.1341,50.6707,53.2724,-11.8298,24.24,257.389,g
149.749,82.5048,4.157,0.0341,0.0301,-55.2375,-162.1227,100.6635,20.6021,79.1121,h
27.4853,20.164,2.5428,0.4155,0.2536,32.1097,21.6209,-17.7377,13.981,154.488,g
40.7958,24.6848,3.0592,0.2504,0.1383,9.492,-25.5185,-19.8748,8.075,173.969,g
23.251,17.6772,2.6048,0.4845,0.277,25.0677,21.5714,-14.7494,25.3941,244.06,h
33.0503,13.7444,2.5192,0.3752,0.2133,-31.6262,19.3258,-12.3509,10.277,212.251,g
46.3799,11.024,2.6613,0.3751,0.2017,41.5771,41.4568,-5.4594,5.6712,258.733,g
96.782,37.3148,3.7516,0.1596,0.0811,-0.1735,57.9745,-28.766,0.7623,361.436,g
35.1938,15.1926,2.5159,0.3262,0.1753,24.354,21.1519,13.5179,7.1943,217.903,g
38.6776,25.1649,2.9667,0.2193,0.1247,-26.6124,-14.1851,-1.7646,49.2563,286.9275,h
22.256,10.187,2.2553,0.5833,0.325,-22.8476,-18.7104,10.9936,13.602,172.622,g
48.4049,8.7651,2.786,0.3813,0.2332,46.1064,30.6781,6.8349,73.5368,167.72,h
31.3357,20.1946,2.6395,0.3394,0.2122,-20.6961,-16.1377,-11.32,26.0319,188.168,g
34.6531,16.7608,2.5894,0.3243,0.166,-27.3874,-20.4525,-12.4442,1.392,109.554,g
31.7953,23.8428,3.0974,0.302,0.1594,3.3809,20.865,-6.1055,44.5254,223.448,h
25.1618,15.4892,2.73,0.4711,0.2877,-2.7649,11.5826,-12.1462,1.1344,193.489,g
55.8124,23.4781,3.3273,0.1831,0.1038,-50.9728,-36.1868,-14.4238,6.397,166.396,g
23.9073,12.3949,2.2923,0.6071,0.375,-25.7692,-13.9242,-4.2336,3.145,111.872,g
26.9058,15.8311,2.4814,0.4653,0.2723,10.1739,17.8411,13.7835,61.2278,99.8993,h
24.1625,12.3853,2.5647,0.4932,0.2711,-17.673,-13.8215,9.4099,30.306,239.997,g
38.3943,12.6363,2.6299,0.4408,0.2497,-25.1442,-36.0812,8.9031,20.47,51.4363,g
28.4384,12.8778,2.4646,0.3636,0.1973,12.6578,14.7329,-8.1179,54.7663,147.293,g
101.82,24.3416,3.3921,0.2056,0.1243,104.651,98.1002,14.55,3.648,260.535,g
23.6494,12.9157,2.4983,0.5016,0.3508,-4.1532,-19.9547,9.3018,37.039,129.889,g
26.7897,13.7595,2.5521,0.4236,0.2174,29.6339,20.456,-2.9292,0.812,237.134,g
26.591,22.8423,2.8011,0.3368,0.181,-8.2834,-13.463,12.2456,36.647,135.973,g
57.0078,21.2557,3.033,0.2215,0.1126,30.4996,38.3893,15.1188,7.705,268.733,g
15.7089,11.1832,2.3201,0.6651,0.4522,2.0375,3.6839,8.946,13.143,107.129,h
17.8482,14.1357,2.4338,0.5746,0.3554,7.7816,-15.7915,-7.7301,15.518,174.213,g
50.2255,16.776,3.0917,0.3401,0.2287,37.727,42.3584,-12.5027,5.3512,204.957,g
28.9665,11.8606,2.48,0.4007,0.2003,-0.6387,18.0788,-9.4519,46.063,119.58,g
53.3449,13.6422,2.9626,0.3117,0.1662,62.9103,36.9502,-8.922,48.2938,238.475,h
48.6413,19.3526,2.8048,0.2978,0.1654,37.0506,20.0806,14.8701,11.287,214.847,g
15.5259,11.0836,2.2923,0.6582,0.477,0.1869,2.2598,-9.1742,11.0853,185.27,g
30.111,17.3828,2.3502,0.3973,0.221,30.0041,-7.8108,-10.2252,71.1656,221.215,h
20.1165,13.8906,2.6715,0.5247,0.2794,5.5029,12.4081,7.3624,17.5295,92.687,h
32.8659,16.3078,2.6707,0.3372,0.2102,-0.8959,21.8321,-14.3271,3.565,101.943,g
35.3626,13.3916,2.6191,0.4646,0.2641,-10.2997,-17.3505,-1.1125,85.0826,191.0768,h
147.9936,52.9572,3.3779,0.0868,0.0393,250.2342,2.476,42.7271,15.4543,228.1573,h
110.128,12.2635,2.608,0.4266,0.2602,-41.5591,-124.034,2.8329,64.95,148.504,g
26.974,10.4617,2.6493,0.5135,0.2948,32.039,19.0586,2.9788,32.7169,193.059,h
66.8167,30.7043,3.2984,0.2826,0.1533,-1.4131,45.4701,24.7839,32.6561,338.7913,h
86.6426,14.4575,2.9594,0.3363,0.1778,-112.6325,45.1641,-14.7751,68.2433,268.8988,h
120.409,60.9902,3.1289,0.2267,0.1208,21.3863,143.498,-43.6525,45.2897,267.13,h
34.0226,17.5754,2.8975,0.3957,0.2877,15.4714,1.7587,8.4721,45.0377,231.7221,h
74.664,28.3225,3.3298,0.1572,0.0854,92.582,61.8213,18.6824,2.0827,248.385,g
46.3534,16.7153,2.8319,0.2415,0.1289,45.2285,23.4221,11.0067,18.661,127.864,g
127.4199,27.7732,3.2853,0.3118,0.1852,-79.2715,-102.7032,-19.8884,19.7812,297.1553,h
24.7426,11.6637,2.4624,0.5552,0.3466,14.3038,16.7758,-8.2337,21.0253,176.051,h
90.3407,32.6386,3.5998,0.1131,0.0594,17.8072,69.5388,-22.523,4.7264,256.773,g
57.0159,20.254,2.8407,0.2799,0.1407,45.2689,44.2935,-12.0902,3.351,283.211,g
29.7168,13.9412,2.7372,0.4707,0.2903,-16.7875,-10.0601,-9.6773,11.8286,239.572,g
11.2711,3.3171,2.0959,0.7156,0.3783,8.0702,-15.8742,-6.0021,32.0634,144.7288,h
21.5478,15.2252,2.6279,0.4523,0.2886,7.7603,9.4044,10.0215,50.002,40.2113,g
19.4408,15.0511,2.5539,0.4944,0.2835,-4.9169,13.179,-8.4303,2.2614,47.0363,g
95.6947,21.7506,3.5485,0.1259,0.0632,41.2638,83.1004,-8.6471,0.2763,237.781,g
127.244,27.7107,3.3516,0.2185,0.1239,-157.148,-44.9143,18.9351,44.96,300.746,h
266.66,177.782,3.5848,0.109,0.0618,-261.165,-204.973,108.551,31.715,188.693,h
56.3338,20.6646,2.7304,0.3256,0.213,-80.6645,22.5169,-13.7872,2.257,281.088,g
24.1995,7.7574,2.5193,0.4792,0.3081,18.3078,-14.521,-3.542,59.2104,112.9381,h
18.896,16.4508,2.3979,0.472,0.238,-0.8948,8.9047,5.9287,29.859,221.867,g
12.9853,9.3952,2.2707,0.8311,0.5818,10.8475,9.6944,9.8971,30.754,87.7124,g
20.0262,10.5167,2.4403,0.6974,0.3784,28.076,-7.1333,4.8619,15.5349,92.8754,h
44.5592,13.8983,2.9052,0.38,0.206,15.6278,26.3018,-7.3673,67.4627,135.1313,h
34.1596,18.3111,2.8293,0.3481,0.2141,41.3282,20.2235,14.4097,0.035,171.302,g
35.5642,16.9976,2.7164,0.3305,0.1662,34.9673,-25.6281,3.3023,2.03,113.391,g
54.0937,15.2647,2.6513,0.3683,0.1931,43.2512,41.5262,-10.605,1.9538,148.773,g
86.0891,44.3605,4.1786,0.096,0.0501,-6.7478,86.5937,-28.7149,2.7219,238.499,g
107.402,28.1038,3.3481,0.1521,0.0873,96.6456,110.191,-15.4661,15.361,226.943,g
22.9956,14.8647,2.4871,0.4169,0.2231,-15.3437,9.2633,11.9746,47.9304,128.131,g
22.1067,16.9431,2.7435,0.4116,0.2356,-0.0932,18.2243,9.1987,7.3063,182.836,g
74.5077,40.5641,3.2186,0.0868,0.0541,13.4043,-42.5078,22.2809,57.0629,168.9312,h
33.6677,10.5164,2.641,0.3909,0.2023,-26.1721,-18.3079,-5.6615,6.971,182.721,g
169.7112,53.3915,3.4856,0.1767,0.0783,-158.2235,72.8709,-45.0246,2.1067,189.2079,h
104.3803,31.0864,3.8976,0.1242,0.0593,98.0647,96.8727,-28.5195,68.7094,261.3684,h
21.1657,7.0827,2.1222,0.6792,0.3434,25.4296,7.0017,-6.2694,89.7028,260.038,g
13.0157,10.6817,2.3738,0.7611,0.4884,-13.26,3.4689,-8.2611,1.817,169.195,h
24.9509,12.2758,2.4928,0.4566,0.2331,31.4747,18.5466,6.3908,23.425,184.21,g
27.9214,20.2999,2.9809,0.3605,0.1897,3.9404,-20.228,-9.6304,8.915,91.0665,g
29.5172,25.2877,2.8122,0.3097,0.1626,-21.8,5.1213,-16.289,54.3161,118.43,g
25.9859,23.1756,2.3015,0.5719,0.3495,-15.3044,-6.6741,12.9296,6.8391,119.9879,h
21.5228,11.9547,2.4949,0.5408,0.3152,26.4161,8.6878,5.4546,4.725,222.615,g
88.1057,28.1339,3.4716,0.1921,0.1052,82.4004,87.4095,-15.7864,5.5776,263.62,g
30.4504,9.9326,2.3493,0.4746,0.24,22.1932,18.9845,3.5457,54.4412,183.2944,h
56.9252,15.7207,2.4786,0.309,0.1744,17.9687,35.6227,12.8131,11.2562,154.353,g
45.5948,16.9006,2.7931,0.343,0.1876,22.8049,46.9577,7.5163,3.5716,189.561,g
30.7178,11.253,2.4594,0.4549,0.2622,-16.6958,12.278,-5.3455,15.2359,244.438,g
55.9196,18.2599,2.7694,0.3061,0.1896,51.3984,39.3195,-14.7688,2.646,186.887,g
40.8191,35.1622,2.7716,0.203,0.1074,-27.1055,33.1106,-27.4077,9.6533,212.424,g
23.7934,19.9988,2.7247,0.3883,0.1989,-19.8233,-11.6249,12.6945,33.4374,128.06,g
22.2368,19.6814,2.6893,0.4049,0.2117,9.7946,-8.0462,-13.8743,64.813,40.4925,g
143.9505,19.3897,3.0252,0.4097,0.2812,-76.2792,-142.2481,6.4453,10.4597,201.2253,h
62.1284,26.5278,3.2053,0.3222,0.1854,-0.5942,23.577,3.9269,1.086,328.602,g
44.7114,17.8932,2.7785,0.3297,0.1774,13.0163,25.7086,-10.464,2.715,179.333,g
81.823,25.5658,2.8069,0.2855,0.149,99.1326,63.9205,14.3195,12.441,250.153,g
50.3019,18.0709,2.7226,0.3125,0.1563,-52.5263,-31.6676,-14.9167,40.14,271.101,h
20.5791,6.9354,2.1351,0.7692,0.4359,20.9549,14.1848,-5.737,9.7876,208.598,g
94.8427,46.5011,4.1613,0.0837,0.044,97.0851,82.8087,-29.6453,3.2764,264.476,g
97.4933,36.4169,4.0082,0.1183,0.0608,79.1005,84.8883,-21.2947,1.9247,304.475,g
178.511,24.4967,3.1675,0.1707,0.0908,-100.321,-57.0569,12.9397,57.0768,263.353,h
22.6157,12.6978,2.2788,0.5789,0.3132,17.0142,10.1953,9.062,34.5976,178.035,g
101.42,18.7524,3.192,0.1748,0.0993,49.1508,23.7505,10.9015,71.0938,249.632,h
12.9432,11.2194,2.0737,0.7426,0.4262,14.6779,-7.1385,10.3084,89.7459,155.369,g
17.5999,11.6015,2.5456,0.5069,0.245,29.0381,-0.9143,0.4197,55.3738,222.2073,h
23.5077,19.4764,2.4718,0.349,0.2087,-38.0082,-32.5202,-13.7929,20.1264,269.4996,h
37.9612,10.8222,2.3699,0.3818,0.217,60.8093,-23.9517,4.6495,66.2653,114.3848,h
30.2859,7.5366,2.2765,0.5556,0.2884,-11.5687,6.1563,-6.0659,3.777,198.194,g
230.6769,94.1347,3.7716,0.0686,0.0215,73.9895,-137.5796,-41.6317,89.7222,267.2187,h
29.7336,18.8612,2.6026,0.3496,0.1985,31.9584,12.0103,-7.1161,86.288,161.564,h
15.3788,9.5171,2.2346,0.6443,0.3596,-19.5201,-5.9241,10.1409,59.3484,214.6016,h
41.2046,10.6554,2.6134,0.4354,0.2735,-20.9038,2.2181,-8.7124,77.2659,168.3407,h
18.7237,9.7293,2.2405,0.6494,0.4052,19.8748,13.5944,-4.5899,8.6873,178.448,g
16.0964,10.9584,2.356,0.6872,0.4295,4.0339,-4.5897,8.8141,84.2938,221.189,g
56.8782,23.0935,3.1113,0.202,0.1087,69.8112,46.3001,-16.8457,8.474,221.527,g
27.0876,14.754,2.5231,0.3868,0.2174,22.7629,-18.3242,7.7193,7.116,238.052,g
25.1784,22.1139,2.6721,0.334,0.1819,2.4741,21.001,17.6159,85.181,279.873,g
58.8813,27.5643,3.3251,0.1272,0.0636,23.5287,-29.2176,-6.3803,6.402,150.413,g
85.9651,59.7824,3.1978,0.2248,0.1194,-173.3927,93.5119,-18.139,17.5239,201.7295,h
42.97,20.0903,2.8672,0.2105,0.1093,28.9508,30.9121,12.257,18.49,221.505,g
18.444,17.0927,2.4914,0.4742,0.2694,13.5852,13.9761,-14.3991,53.0365,167.759,h
51.4525,21.9343,2.5072,0.3764,0.2068,-26.5209,-48.6571,16.2622,1.987,182.448,g
36.6969,20.1094,2.7582,0.2757,0.1492,33.8705,-22.8432,10.7475,4.74,171.47,g
189.7987,159.8219,4.0434,0.0425,0.0208,96.3369,-145.4092,-96.7411,84.8232,213.6914,h
13.2942,10.6649,2.1804,0.7855,0.3927,-15.0,-0.3975,11.9048,67.6577,118.383,g
23.2115,15.2788,2.6753,0.4794,0.265,-0.1323,-16.7925,-5.8932,16.4065,137.015,g
78.1358,32.8478,3.0054,0.1827,0.0943,-141.059,61.0722,-14.0117,7.5801,282.22,g
110.0,28.8437,3.2674,0.2431,0.151,-79.1003,36.8558,-18.6221,7.3746,322.915,h
31.3983,10.5384,2.3701,0.4947,0.2665,40.8853,-11.7226,-6.5231,68.5256,123.051,g
49.8661,15.8174,3.1372,0.2435,0.1294,0.5032,27.5346,10.9175,0.8914,197.227,g
13.1823,10.6003,2.2799,0.7822,0.4646,13.6919,4.3486,11.0363,13.1938,196.47,g
114.3182,20.9467,2.8904,0.3095,0.1836,-61.2215,-107.9771,-20.7941,67.5585,113.1306,h
36.2456,8.6724,2.3064,0.484,0.2593,22.0049,22.7257,1.0619,3.111,73.605,g
31.0399,18.6253,2.4225,0.3899,0.2706,-17.7606,-27.1354,16.0146,45.758,79.4105,h
59.2595,29.0385,3.5391,0.135,0.0776,50.504,36.9943,20.2622,3.5017,260.422,g
18.8857,7.3566,2.2911,0.7928,0.4578,3.9281,-9.2363,2.8273,2.783,186.627,g
52.6722,25.3677,3.2845,0.227,0.1197,14.1404,38.0266,-11.9225,7.2741,116.695,g
114.853,12.8153,2.5145,0.4067,0.2156,-162.14,86.6147,7.6763,5.608,272.997,g
24.9283,11.4785,2.3883,0.5235,0.3333,3.7608,17.8506,-11.14,12.744,168.965,g
108.5592,49.9508,3.3579,0.1149,0.0787,88.747,77.7531,-49.3432,46.1283,227.6959,h
23.1422,13.1456,2.6393,0.5256,0.2704,-39.2931,-8.679,5.9303,75.798,66.6335,h
62.5506,34.2142,3.9139,0.1311,0.0686,64.4961,57.6459,-23.1977,8.974,182.689,g
34.5681,20.4939,2.854,0.3695,0.2414,-2.9089,-30.5672,-15.4752,1.3098,253.423,g
33.2254,18.7249,2.7263,0.308,0.1643,-1.3268,-13.9319,-9.6538,24.253,104.861,h
32.6194,16.8772,2.9175,0.3168,0.1602,-0.6032,19.001,-7.8273,15.634,152.115,g
33.3001,11.5456,2.5938,0.3669,0.2025,27.6298,23.5008,-7.1995,3.807,184.497,g
68.5292,29.0767,3.519,0.1495,0.0752,24.3543,52.1517,15.9911,4.265,191.387,g
56.5527,24.1709,3.2038,0.1739,0.091,74.5033,56.3171,-17.2941,73.799,107.322,h
28.0939,7.6208,2.2529,0.5754,0.3101,-9.715,9.1899,4.5138,15.2489,201.215,g
22.0627,16.0658,2.5664,0.4532,0.2917,-4.284,-12.3548,-10.7005,12.0409,153.505,g
12.8589,11.3818,2.0917,0.7287,0.417,-14.9926,8.1482,9.5112,1.0099,143.774,g
40.6748,29.6305,2.658,0.3121,0.1945,61.5016,-15.6993,28.7959,59.0341,223.783,h
79.8632,29.7308,3.2451,0.1461,0.0753,12.4032,63.4069,16.1367,16.3555,241.144,g
20.1095,10.7264,2.5165,0.6575,0.3333,-24.0972,-11.2912,-9.9808,13.961,186.873,g
81.138,35.4477,3.4147,0.2667,0.1553,23.8853,38.0472,15.3859,3.7004,355.073,g
68.2422,26.3565,3.7968,0.1667,0.0967,16.2602,60.3927,-17.422,2.555,256.515,g
68.7063,22.8206,2.8011,0.2339,0.1222,-7.5292,38.738,-17.0941,11.0473,227.6148,h
32.9203,27.2356,3.2348,0.2679,0.1401,13.4766,28.0548,-17.264,13.181,130.225,g
171.295,36.4213,2.9612,0.2874,0.1688,-158.5267,-155.9003,-13.3547,27.9053,393.4663,h
101.2651,50.5664,3.2585,0.2454,0.127,-56.6419,-93.7945,36.5729,30.3729,348.8022,h
223.467,93.1625,4.0162,0.1024,0.0515,-243.257,-168.467,-52.3194,68.635,358.784,h
77.2151,38.289,3.302,0.1222,0.0611,28.9301,90.733,10.6149,64.7142,146.629,h
27.9888,7.5279,2.2742,0.6011,0.359,12.8951,-6.5693,-5.0081,46.9345,236.984,h
48.2843,20.638,3.2297,0.2599,0.1405,-78.6028,25.9641,-12.6387,2.228,262.28,g
26.15,7.2096,2.3032,0.6169,0.3308,9.8144,12.6736,-1.3537,29.3444,200.803,g
136.3685,95.3572,3.6573,0.0976,0.0464,90.2576,105.0176,64.9429,25.7463,48.812,h
33.6236,19.5098,2.5871,0.3001,0.1539,16.4936,24.229,6.9459,21.903,127.376,g
30.6493,10.7207,2.5919,0.3761,0.2196,-17.8105,-27.2168,8.1794,31.5454,181.6588,h
46.5095,16.7168,2.5637,0.431,0.2112,-17.2024,-31.1099,9.5245,30.0222,109.1007,h
18.9739,7.306,2.2214,0.7988,0.4474,4.5969,-10.0317,2.913,28.1521,97.6625,g
189.784,103.0273,4.3485,0.0716,0.0265,-194.2488,-143.8078,-60.1889,80.585,186.977,h
70.1997,48.4268,3.038,0.2504,0.1611,-36.1072,-51.5648,49.6426,68.2026,214.2418,h
36.1534,20.8358,3.0699,0.3142,0.1656,-2.7828,-25.6588,13.8344,56.8776,96.139,h
21.1959,6.9776,2.0986,0.7171,0.3944,-23.238,-12.0343,-6.26,76.7401,148.004,g
24.9618,21.5161,2.5717,0.3619,0.2399,3.8446,12.366,8.3505,78.131,117.269,h
51.2797,17.6127,2.5949,0.6607,0.352,-26.283,-57.7117,9.6585,26.09,75.4297,h
34.7897,22.6935,3.3034,0.2606,0.144,-2.9048,21.2607,15.1094,29.8189,59.6141,g
36.0807,7.6872,2.7316,0.5325,0.2699,-2.2973,26.1708,3.9323,25.105,53.0814,h
28.4428,18.6504,2.6299,0.2978,0.1583,18.8599,23.6378,-11.6938,36.2739,253.426,g
83.2633,13.5806,3.1222,0.2415,0.1219,-33.4722,50.779,6.4923,11.772,280.581,h
24.6793,18.832,2.7917,0.3522,0.1834,22.8132,19.4437,-13.2446,80.6523,104.099,h
28.1288,19.641,2.6547,0.3477,0.1872,-18.2175,10.6267,18.2321,24.2231,226.955,g
26.6266,11.173,2.4742,0.5604,0.3574,16.5145,11.4944,8.4577,84.2043,133.622,g
20.73,11.4297,2.238,0.5954,0.3555,-13.185,-19.4182,-2.7731,67.7536,61.5102,g
124.6817,22.3686,2.8103,0.4746,0.3051,-125.266,54.4102,18.1419,38.881,306.2776,h
27.1734,11.315,2.4564,0.451,0.2535,8.108,13.5867,7.8429,15.6121,144.482,g
20.1939,12.0628,2.437,0.5265,0.2724,-1.6762,-4.8527,-8.7804,16.3257,131.568,g
29.6483,12.4933,2.3139,0.6553,0.3325,11.4338,24.4667,4.1262,21.2221,134.977,g
38.6943,23.8422,2.7029,0.3211,0.1834,14.4893,-9.3039,22.6965,15.761,199.443,g
22.0892,11.3512,2.4526,0.5503,0.3122,10.6048,19.2467,-5.9711,7.8401,163.859,g
26.5834,9.8151,2.3683,0.4368,0.2377,-14.4796,17.2256,-5.6036,15.387,167.018,g
57.3144,31.6497,3.2931,0.1955,0.1245,-3.4753,41.3508,-29.3916,29.3674,178.957,g
23.7486,14.3036,2.5359,0.4454,0.2489,7.857,13.3769,-6.3338,41.11,176.651,g
28.1067,20.2598,2.8985,0.3196,0.1623,3.7101,26.6142,-12.753,23.326,95.6755,g
23.7546,10.8836,2.4166,0.6092,0.3046,33.1145,-18.2256,6.1398,49.59,37.9886,h
74.3917,32.0574,3.7889,0.1255,0.0684,49.1721,66.1814,-20.8752,5.7626,217.139,g
30.2128,22.8856,2.6758,0.3291,0.212,16.9338,25.8419,-12.6206,39.7337,83.5209,h
29.0298,28.6276,2.9172,0.3303,0.1712,16.4985,-21.5674,16.1288,79.5884,113.506,g
12.9884,10.72,2.2055,0.7477,0.4891,13.2726,-4.5371,4.7611,26.41,161.675,g
54.2678,23.667,3.1062,0.2028,0.1155,69.796,43.4352,11.8562,2.103,228.688,g
42.5711,15.5312,2.4921,0.3929,0.2045,-0.217,31.8667,-4.9576,12.21,261.448,g
17.6254,10.3238,2.4609,0.6747,0.3685,4.1532,-9.1952,-7.416,59.709,147.704,h
27.1186,11.5379,2.6345,0.5104,0.3399,23.0113,25.3684,-8.5615,8.847,233.893,h
167.177,99.002,3.6886,0.1538,0.0898,-176.386,-125.533,-94.8971,29.519,331.263,h
22.2,12.8346,2.2718,0.6203,0.3556,9.3073,15.5974,8.4402,42.7312,165.199,g
30.9685,13.0649,2.6425,0.4351,0.2335,22.6646,-10.2982,-10.3138,14.754,158.767,g
39.9634,17.9081,3.1891,0.3099,0.1912,5.3858,33.84,9.5034,10.855,161.492,g
149.948,54.6444,4.3688,0.0584,0.031,66.553,116.5,-46.5113,26.043,134.832,h
115.325,57.1397,3.3983,0.1467,0.0937,-37.6078,-79.5937,53.4387,4.588,303.806,g
53.746,26.0975,2.8873,0.2735,0.1458,46.4817,67.4394,12.201,36.8773,49.882,g
71.2079,23.4119,2.7423,0.2661,0.1475,0.7408,-84.3148,17.8526,47.6489,198.509,g
66.3629,27.4271,3.2559,0.1687,0.0863,-5.4586,33.5983,-18.672,1.2327,232.544,g
79.8789,12.566,3.2264,0.1949,0.1184,-150.3021,48.3437,16.233,65.2268,253.9543,h
42.9778,28.8084,2.9472,0.4123,0.3014,-46.1453,18.2927,-22.9963,1.7188,295.7384,h
87.033,28.1723,3.1422,0.2818,0.1568,-5.324,75.9449,-24.7553,1.3845,335.667,g
81.8663,22.5846,3.0037,0.2062,0.1076,-98.9128,56.3823,15.6502,4.4916,242.715,g
40.1519,21.0822,2.7785,0.3264,0.2073,18.0661,42.4569,14.6078,27.9849,169.517,g
102.416,35.3969,3.2633,0.2236,0.1257,-55.9134,-44.7467,-21.6428,23.1906,367.734,h
41.1283,6.247,2.9025,0.3236,0.1742,61.0515,23.3275,0.8974,26.5913,217.1082,h
25.2772,13.6951,2.5758,0.4675,0.2935,3.4087,20.688,7.3126,12.2953,186.828,g
19.2264,16.412,2.4298,0.4647,0.2546,0.6106,-11.9355,4.8201,14.45,121.874,g
42.5193,22.7804,2.8904,0.3488,0.2181,-38.2756,-38.3537,-19.967,42.0641,81.1201,h
48.8204,9.7049,2.7189,0.5826,0.4136,-48.1352,-38.0575,9.545,4.5898,282.387,g
33.2024,11.131,2.4158,0.3263,0.167,1.6365,21.2037,-4.1333,29.908,114.702,g
28.6202,11.9579,2.3646,0.5011,0.2657,34.436,17.2356,9.9733,26.307,130.79,h
109.1565,18.2065,3.3285,0.1588,0.1084,-94.8638,46.7544,13.4866,59.091,130.6783,h
27.2841,15.1319,2.567,0.3767,0.2344,14.1637,16.1624,-7.6536,11.6482,241.794,g
107.939,53.3671,4.3789,0.0734,0.038,67.1142,85.6668,-28.1287,1.6793,292.55,g
65.2688,32.0344,3.6415,0.1384,0.0711,18.3476,53.4874,21.1622,0.968,228.008,g
19.6379,7.3288,2.1538,0.7649,0.4175,3.394,-10.0917,-4.7269,80.2685,129.528,g
56.2949,26.5441,3.1058,0.2138,0.1097,34.489,62.275,-19.1669,39.9409,120.105,h
24.9766,15.7262,2.5635,0.5219,0.3538,20.7198,25.4249,14.3234,2.298,124.449,g
21.6024,15.3985,2.4639,0.5017,0.2904,22.9079,15.7249,8.077,8.9044,191.291,g
84.1395,62.2117,3.5393,0.1137,0.0688,2.6726,81.6349,-36.8499,21.5273,121.4221,h
32.3486,12.9098,2.5999,0.4347,0.2324,16.8606,21.9967,8.4481,20.553,211.077,g
78.9361,30.75,3.5039,0.2899,0.16,2.5897,42.3403,10.3801,1.3658,333.065,g
37.2778,22.6126,2.847,0.2432,0.1458,17.5744,8.2563,14.9139,8.195,95.0646,g
64.2157,18.7027,2.8654,0.2849,0.1561,71.1655,54.1899,-9.6894,3.029,230.071,g
16.0952,11.4597,2.2788,0.6158,0.3974,0.6879,-3.1813,-7.8056,32.5307,186.921,g
20.364,12.7107,2.3395,0.4805,0.2449,10.4484,13.0807,9.4621,27.186,183.514,h
24.4878,0.0,2.2683,0.7601,0.4879,22.5608,19.2194,0.0,12.595,238.295,g
60.8999,25.7562,3.5977,0.2098,0.1107,53.2395,61.5423,-10.1453,0.072,235.714,g
71.9672,29.0411,3.4757,0.2371,0.1339,-26.1392,61.4417,-17.0144,2.8019,335.801,g
13.0748,10.8737,2.1123,0.7645,0.4517,-14.0346,4.7986,10.6327,16.258,197.18,g
20.6376,7.2364,2.1189,0.692,0.3688,0.4506,-5.8171,-5.9033,46.992,151.986,g
90.239,14.5621,2.8293,0.3526,0.1844,-129.945,37.1621,7.5805,3.241,303.714,g
74.4788,20.9542,2.9985,0.2007,0.1129,-20.5322,59.2457,-18.5773,10.928,220.248,g
79.2821,27.9011,3.1173,0.2756,0.1416,-17.0897,-29.9275,-12.9796,5.16,324.141,g
26.0249,14.2821,2.5315,0.4647,0.2515,15.9963,14.3681,5.3671,1.3587,166.04,g
20.1058,9.2855,2.2553,0.6167,0.375,22.5169,12.3937,-1.9347,79.283,122.258,g
60.8535,16.4371,2.8588,0.2464,0.1419,-33.875,-51.6825,-15.0611,2.6332,200.599,g
79.7198,25.455,3.472,0.1251,0.0629,96.473,65.5872,-16.873,2.8691,233.092,g
20.8203,14.9753,2.5038,0.4828,0.2618,22.2022,14.7743,2.7786,36.8492,178.539,g
22.8572,10.076,2.3139,0.5728,0.3131,-30.3607,14.5138,7.0374,16.59,150.468,g
24.9054,15.5689,2.5557,0.42,0.2573,16.9954,15.3425,10.6957,12.967,198.518,g
36.9483,21.853,2.74,0.3185,0.1665,57.9057,-12.4211,12.2009,14.432,225.275,g
29.855,15.8055,2.8011,0.3526,0.1794,14.4272,23.4079,-12.3842,8.06,152.801,g
66.8228,25.6181,3.008,0.3368,0.2185,0.4449,23.2932,22.3862,5.1143,342.284,g
24.0598,15.287,2.4807,0.5719,0.3884,6.0305,25.2754,-7.8155,15.4535,222.331,g
38.0339,7.0345,2.4908,0.4571,0.2201,35.8591,-9.086,-9.4728,44.677,228.0276,h
48.5393,19.3707,2.4401,0.3775,0.1942,35.1581,33.3854,-14.009,9.9947,163.199,g
22.7291,12.9486,2.3454,0.5056,0.2822,23.7729,13.7826,-8.7237,42.229,183.577,g
41.989,12.7864,2.3664,0.486,0.2516,31.4147,26.8038,8.2184,28.063,85.428,g
28.9357,11.3162,2.4871,0.4072,0.2199,9.6687,20.5711,10.4574,77.975,226.383,g
20.0041,7.3071,2.4175,0.7457,0.3996,2.7539,-9.8912,5.25,31.55,96.7936,h
21.9111,9.7568,2.2304,0.6471,0.4088,-20.1798,-20.0216,11.5157,87.9835,186.455,g
18.5761,16.5124,2.3701,0.516,0.3049,-14.6303,-17.2805,13.5888,51.044,161.454,g
99.5314,19.1983,2.7924,0.3919,0.2153,-133.528,24.828,22.131,0.6273,287.736,g
22.3628,15.4505,2.6518,0.4434,0.2737,20.138,2.0184,-12.8144,63.5531,149.4754,h
27.3505,12.6293,2.3212,0.4487,0.2315,21.1833,13.7308,8.0624,15.7217,170.12,g
70.2993,11.8649,2.5635,0.4262,0.2363,-37.0433,-67.699,-5.7148,18.5286,116.807,h
18.0766,4.9075,2.3023,0.7805,0.4709,-7.9265,7.482,1.4929,22.1043,57.8698,h
68.4131,23.1206,3.023,0.2418,0.1257,-29.8501,36.9312,-18.3673,2.9291,300.914,g
22.3368,12.6216,2.642,0.5547,0.2953,33.0666,-19.9338,1.0432,67.246,102.1734,h
254.5495,36.3921,3.1612,0.2513,0.1237,-343.3577,187.4007,-24.658,47.5982,69.493,h
93.4709,31.3594,3.5695,0.167,0.0923,54.2183,90.4814,-21.5253,2.6846,292.652,g
45.8362,8.3055,2.6207,0.4958,0.3317,24.0707,38.46,8.3832,49.125,174.731,h
34.1804,13.9786,2.451,0.3434,0.1929,48.6888,21.2462,-13.2761,27.156,155.731,g
23.7716,0.0,2.07,0.7319,0.3702,26.9364,13.509,0.0,11.14,134.47,g
33.2105,14.3545,2.5575,0.3601,0.2064,19.7393,17.8089,-8.3054,7.777,199.223,h
47.1049,11.2182,2.6246,0.3341,0.1915,2.5201,15.7807,-1.7044,70.5317,58.9963,h
112.429,51.2607,3.7315,0.0926,0.0496,-80.9799,82.8492,41.6052,12.037,253.998,h
29.7631,0.0002,2.3909,0.6504,0.3557,-0.0001,-0.0001,21.8978,28.716,207.369,h
19.1984,7.4598,2.0881,0.7429,0.4531,-0.9994,6.1041,4.226,11.249,131.125,g
17.1236,10.541,2.4713,0.6757,0.397,3.5457,-7.5841,7.9365,40.222,147.285,g
76.4722,39.5121,3.4648,0.1238,0.0619,73.6714,94.346,16.1733,9.8048,182.45,g
211.8697,57.7383,3.1707,0.227,0.0905,70.5678,238.321,-37.908,65.2246,109.4099,h
12.6327,11.798,2.1945,0.7093,0.3546,7.5536,11.4815,0.0,80.4713,45.6296,g
26.4947,12.5296,2.3683,0.5182,0.2934,19.0447,15.1139,-11.5966,12.583,109.594,g
21.1285,10.8588,2.1461,0.5786,0.2893,6.0936,-17.8457,-7.355,52.67,205.329,g
18.9362,7.0275,2.2978,0.8312,0.4156,20.213,12.4298,-2.0513,57.9071,171.83,g
14.6148,9.2816,2.4972,0.6027,0.3788,-1.2913,-18.5501,8.893,36.5934,66.066,h
53.9569,19.9037,2.9829,0.2278,0.1295,57.7763,-22.0191,12.3603,7.5737,145.457,g
32.2216,11.4022,2.6032,0.5737,0.2918,42.2399,-20.398,7.2978,4.405,282.1028,h
61.0521,52.4718,3.4939,0.2405,0.1493,-11.5233,35.4985,-34.9921,7.181,326.479,g
27.3453,9.3991,2.4735,0.484,0.2437,12.478,18.7027,-3.8469,6.736,166.044,g
19.7354,13.9151,2.4914,0.5258,0.3306,-1.6944,10.1606,8.0554,10.303,129.754,g
96.9419,35.3037,3.0671,0.2802,0.1855,-137.509,77.0775,-23.2123,7.0149,302.977,h
111.3448,22.4878,2.9761,0.3863,0.2071,-109.1883,-81.0276,7.2081,18.4264,290.5854,h
38.1652,23.3782,2.9452,0.1997,0.1015,33.78,25.2137,10.0201,18.6818,170.923,g
38.6204,20.5632,2.977,0.2478,0.127,-13.8229,-31.3983,-13.1337,5.8671,192.467,g
34.9856,23.1396,2.8392,0.2969,0.1571,18.1047,-20.4761,-11.7366,20.0586,137.561,g
24.0493,18.3094,2.7093,0.3652,0.2061,16.6564,3.8872,-13.6286,89.5011,68.119,g
59.073,18.1358,2.8301,0.32,0.1836,-1.0152,26.4984,5.1079,25.266,225.4115,h
28.2691,19.8662,2.6762,0.3804,0.2212,27.8963,12.3808,12.0986,38.1192,64.8425,h
106.523,26.591,3.0286,0.2163,0.1128,31.8217,86.5058,-15.9754,5.144,294.539,g
81.6472,8.544,2.3892,0.649,0.3653,-83.4455,-59.1395,8.0072,30.455,307.569,h
31.1009,14.1626,2.6924,0.3431,0.1777,4.5715,7.6436,-7.1712,4.015,84.1437,g
276.247,53.6321,3.1099,0.3315,0.172,-269.518,125.085,-49.7099,24.795,192.863,h
28.8362,11.2117,2.4786,0.4552,0.2309,-23.7812,-16.2585,-8.6529,7.4925,159.247,g
105.335,20.2287,3.0726,0.319,0.2043,-33.8483,-65.466,-17.6755,1.8752,296.758,g
13.4157,10.1628,2.1889,0.8091,0.4628,-13.7308,-6.3306,-11.5998,73.2939,179.731,g
66.2175,21.5481,2.6862,0.3337,0.1905,72.7696,56.5129,16.6424,17.6995,231.756,g
22.0402,6.7262,2.1508,0.7208,0.3781,25.0985,8.7313,6.6855,14.3447,133.44,g
95.3553,45.6576,3.7829,0.1401,0.0822,-40.0166,-47.0452,-19.15,2.0661,320.998,g
27.5777,13.2467,2.5746,0.4447,0.2623,-13.3227,-8.8075,-5.4211,23.359,197.143,g
12.7169,11.6432,2.2443,0.7066,0.396,15.6373,-9.3618,7.7526,15.651,174.136,g
79.3831,12.9439,2.7427,0.3436,0.2215,35.3588,78.7654,7.6861,9.4384,221.48,g
43.3949,20.1472,2.9694,0.2811,0.1636,4.8949,-31.9114,-1.8713,5.069,219.882,g
41.5697,15.2963,2.9479,0.407,0.2351,34.8428,35.7308,-6.2601,1.109,143.036,g
102.017,24.6591,3.105,0.179,0.0899,121.72,79.5034,18.1412,77.6631,110.072,h
32.3481,22.0511,2.9009,0.2663,0.1614,8.5913,27.8886,-3.6209,5.851,187.653,g
62.8276,21.7863,3.0118,0.2297,0.1153,-63.9242,51.1932,-17.7335,9.401,299.582,g
18.9213,15.1727,2.5428,0.533,0.351,16.1663,16.9296,4.7729,8.274,95.4022,g
103.026,14.0657,2.5533,0.3664,0.1888,-25.097,-47.0216,3.1308,1.5499,278.49,g
74.5996,18.6462,3.0058,0.2585,0.1505,-129.214,59.7841,13.0292,2.591,231.935,g
58.6289,24.0694,3.2105,0.1509,0.0785,60.4266,21.5231,-8.1682,2.2837,198.016,g
30.3294,14.5734,2.666,0.3258,0.165,-37.7099,13.7241,-7.8687,73.44,130.171,h
29.5335,19.2236,2.608,0.3822,0.201,5.7901,13.4534,14.5651,66.7511,102.963,g
23.8937,18.0731,2.699,0.33,0.175,30.2204,17.3579,-8.4548,76.0065,158.392,g
33.6096,24.4123,2.8466,0.2235,0.1146,23.8849,30.4137,4.9547,51.7341,158.331,g
20.6413,12.7878,2.4464,0.5689,0.3524,11.5429,17.6538,-5.5073,40.0066,125.103,g
120.449,25.8487,2.9576,0.2977,0.2023,-140.403,105.077,20.4785,3.124,220.54,h
74.7091,23.3296,3.264,0.3191,0.1772,-36.335,40.7813,19.2182,4.257,291.301,g
39.0288,10.6103,2.5126,0.4485,0.2289,28.8228,-21.449,-6.7169,13.5464,138.408,g
21.3087,6.9745,2.0917,0.7045,0.3846,-23.7892,-11.2458,-6.3368,12.2685,187.438,g
48.5588,16.0849,2.4609,0.4118,0.237,-0.7676,-41.3628,12.3552,11.5045,205.955,g
72.3442,21.5212,3.3645,0.1841,0.1005,30.2612,68.3836,-9.6461,0.723,246.422,g
22.4456,12.8311,2.5775,0.5794,0.3796,15.2333,19.6139,8.7399,31.0008,122.632,g
19.6328,9.6145,2.29,0.5949,0.3359,-23.5984,-10.4701,4.444,4.2029,158.861,g
84.597,24.719,3.3623,0.2219,0.1335,-49.5077,-12.7191,-11.3623,1.49,279.982,g
45.9709,14.3558,2.4014,0.369,0.1845,28.5473,17.5377,10.2088,30.0391,184.933,g
210.437,62.916,3.3294,0.2843,0.1548,-185.89,-181.302,52.7964,41.879,293.284,h
21.3634,12.7614,2.5031,0.5746,0.2967,9.3287,17.2963,-9.1588,18.1,200.566,h
26.581,9.0776,2.4112,0.6972,0.4408,-3.2443,-16.8933,8.6363,33.1884,48.338,h
27.7783,8.95,2.7288,0.5453,0.3296,30.899,21.0537,-6.73,8.363,186.828,h
19.2373,17.3136,2.1761,0.5467,0.29,-26.8638,12.2527,-17.0072,56.8865,78.3783,g
58.8125,20.0974,3.2,0.2353,0.124,-94.0913,51.2483,-15.1387,7.244,236.621,g
48.6552,10.9235,2.6177,0.4195,0.2402,2.7539,5.1389,3.0774,32.0377,157.8148,h
172.111,34.7788,3.158,0.193,0.1199,217.6721,-108.1923,-21.604,30.6782,201.686,h
17.3544,7.4476,2.1629,0.7904,0.5533,-0.8759,-2.5983,4.5218,42.2314,170.784,h
29.4732,11.3566,2.641,0.4091,0.216,20.5817,20.7717,4.0614,19.1106,178.983,g
75.3789,17.5402,2.4082,0.4414,0.2285,30.4427,74.5714,14.3789,79.8306,218.14,h
36.9729,12.0892,2.7674,0.3945,0.2099,2.0496,10.3782,-5.9615,33.9522,93.2058,h
12.7427,11.5967,2.2135,0.7095,0.4006,15.5178,-9.2202,7.8151,79.144,180.947,g
75.4579,23.318,3.669,0.1841,0.0946,34.7362,71.8543,-15.5098,3.952,243.838,g
73.1475,20.1531,2.8765,0.3934,0.2571,-63.9837,48.6528,13.5754,22.665,278.188,h
49.3329,22.2996,2.9047,0.2702,0.1426,-18.9382,50.8936,-3.4144,33.805,194.337,g
12.9003,9.3948,2.3795,0.7729,0.5069,14.412,9.0063,-6.9351,6.2747,164.2364,h
24.0306,11.2437,2.5871,0.6261,0.3894,11.3171,18.1005,-10.7941,5.9344,268.438,h
35.0228,19.4652,3.2757,0.3297,0.1651,22.6355,26.7229,-7.5563,0.7701,188.914,g
25.6872,15.5947,2.499,0.4089,0.233,5.4913,19.7074,8.7698,1.5757,164.004,g
28.6808,12.9785,2.5484,0.3932,0.2362,-1.6727,-10.4705,-3.6762,5.8695,104.39,g
49.0727,27.3878,2.9183,0.2426,0.1394,10.9323,-25.8211,16.4121,5.1931,276.676,g
34.9849,17.9934,2.8319,0.3623,0.2202,28.9533,34.1395,-9.3712,80.9486,181.402,h
46.2189,27.2533,3.1582,0.2397,0.1601,37.6236,41.4548,11.7286,66.846,141.621,g
27.094,12.9584,2.4556,0.4203,0.282,1.9025,-4.788,4.1522,42.598,100.395,h
20.5613,12.4151,2.3589,0.5164,0.2867,-24.4586,-14.527,-10.2577,4.7412,112.347,g
15.6818,11.802,2.3075,0.6355,0.3818,-0.4742,2.4314,7.2352,25.156,143.561,g
56.2502,25.7749,3.2911,0.1488,0.077,46.7788,49.8155,17.6717,4.177,227.323,g
85.8964,14.4244,2.6696,0.6694,0.4873,-57.7664,-80.4154,-16.75,22.4597,322.9645,h
35.8012,11.1362,2.7384,0.3489,0.1781,37.0027,29.3521,5.4811,37.256,202.701,h
210.2886,58.4039,2.7905,0.2116,0.1317,-119.0113,-246.2301,55.4617,70.43,58.0914,h
26.6951,12.1898,2.5647,0.4033,0.2193,3.8699,22.2069,-10.0854,65.584,40.1184,g
52.1023,18.8016,2.6456,0.3012,0.1632,52.1284,18.8213,16.5124,74.2446,103.0275,h
13.5769,12.2231,2.2108,0.8129,0.5203,-2.2913,-15.3117,-7.23,48.2411,237.4634,h
26.9109,16.0899,2.7612,0.3813,0.2071,5.0224,-16.085,-12.1486,16.3,229.688,g
122.7872,24.0643,3.3653,0.2985,0.1493,-71.9524,-93.1892,-18.1799,48.9955,316.6977,h
20.2173,7.0909,2.1414,0.7726,0.4079,-21.6288,-12.9913,-5.3643,49.5995,154.92,g
27.0518,14.2138,2.4281,0.4104,0.222,24.2779,-19.4808,-5.2155,39.776,182.201,g
29.9525,16.7684,2.525,0.3522,0.1836,2.8502,-21.0671,-9.285,8.402,160.31,g
50.5984,25.8939,3.0586,0.2464,0.1315,10.7891,35.9762,19.5228,8.44,270.007,g
37.4215,12.4882,2.5705,0.4758,0.2567,24.6436,20.7569,-10.0161,21.0904,173.97,h
57.7031,17.9759,2.5569,0.2857,0.154,-11.0854,-55.4716,-14.2632,65.006,190.694,h
72.6176,17.1847,2.871,0.2355,0.1245,28.4387,65.415,-15.1871,6.9791,265.691,g
68.0583,50.1781,3.3398,0.1079,0.0546,30.1727,64.1655,-37.2816,17.081,230.109,g
79.196,15.4942,2.8319,0.3623,0.2202,-23.6238,50.0443,-17.1367,7.135,316.098,g
103.362,21.7072,3.2955,0.2451,0.136,50.2421,105.713,-13.1332,1.696,158.329,g
25.8147,15.3315,2.3674,0.3734,0.2039,36.8062,13.6412,13.8212,0.206,167.508,g
25.558,10.2586,2.3233,0.4561,0.2352,13.6425,-17.5082,3.6553,2.178,229.673,g
14.6656,7.9126,2.4422,0.762,0.4984,-4.4123,-16.0882,-6.0178,34.0426,206.1159,h
72.9139,27.6543,3.3523,0.2013,0.1118,-45.7108,71.0633,-15.4347,5.7258,295.983,g
57.0396,26.1477,3.1999,0.2802,0.1903,-56.2214,26.7743,-22.4117,2.377,273.673,g
26.1194,11.9517,2.5465,0.4716,0.2656,16.7088,11.3334,-9.5501,52.28,77.015,g
19.9156,14.8221,2.5101,0.3943,0.2254,0.2687,32.4109,2.8455,5.5886,189.5542,h
46.7704,22.2937,3.2443,0.245,0.1256,55.6421,40.0464,-18.1843,3.2717,163.52,g
16.8441,11.4183,2.1959,0.5796,0.2962,0.1683,-3.085,-3.167,16.009,162.356,g
22.3486,10.7661,2.3032,0.5274,0.2761,15.5004,17.912,8.1003,52.817,132.545,g
30.9688,19.9094,2.8837,0.3987,0.232,30.7659,28.6154,-14.9461,69.0844,37.6417,g
63.7096,14.9147,3.124,0.1924,0.0966,32.9656,41.5932,-9.4259,0.2853,220.157,g
75.3101,14.2662,3.118,0.2598,0.1337,60.2853,80.4605,8.8801,57.7601,216.4132,h
36.3872,10.4131,2.8169,0.5015,0.2645,13.9003,25.0252,11.1582,54.756,210.188,h
191.75,78.0536,3.5381,0.1547,0.0859,-206.985,-132.285,74.0651,80.9627,274.345,h
117.153,32.008,3.2976,0.1717,0.0836,-74.3534,62.8399,17.0797,1.1941,292.0548,h
18.7109,17.7854,2.7771,0.4411,0.2913,3.3715,8.0853,10.7288,37.3669,217.2366,h
36.9222,24.8825,2.4162,0.395,0.2398,11.574,36.5334,7.7639,40.404,124.2763,h
27.6126,9.1748,2.3683,0.4968,0.2891,-32.5939,-20.3611,-7.1786,20.189,257.979,g
50.819,25.569,2.7084,0.2603,0.136,-26.8655,-40.8882,19.3231,1.6694,155.949,g
17.3469,11.008,2.4942,0.5833,0.3317,-1.5922,6.7319,6.2564,62.825,218.814,h
40.634,17.7428,2.7931,0.3156,0.1586,33.0586,36.9166,13.8534,7.9894,139.117,g
30.6543,20.541,2.7547,0.3219,0.1697,17.8194,21.1195,-8.0913,42.632,114.632,g
32.8073,26.243,3.0581,0.3104,0.1602,11.3528,18.6687,17.1655,21.233,178.3168,h
18.142,10.6907,2.3324,0.5442,0.286,-0.7682,6.0744,4.7684,42.849,175.7,g
37.6959,25.0618,3.4728,0.2027,0.1072,21.7039,28.2392,5.0767,5.0315,139.49,g
33.4458,20.9121,2.7727,0.2447,0.1308,-15.7764,12.7581,-13.9039,27.0291,76.6136,g
38.9993,9.7815,2.6928,0.4016,0.2688,9.9352,26.6999,6.1229,49.7465,192.15,h
42.6021,12.401,2.2516,0.4202,0.2101,49.3454,26.995,-8.6619,6.8576,187.296,g
29.1369,18.8239,2.7976,0.3904,0.2223,12.4938,25.5932,-17.6313,29.0695,196.315,h
42.023,25.4085,3.0695,0.2488,0.1265,-24.9032,24.7411,-11.0003,8.047,269.845,g
35.2684,29.803,2.7585,0.3069,0.177,21.783,33.3994,30.3932,56.554,118.82,g
19.32,7.2007,2.2636,0.8011,0.4169,-5.615,11.6404,3.7875,24.1032,214.355,g
67.2079,30.9444,3.3019,0.1617,0.0901,33.793,75.1467,25.6923,15.2612,203.91,g
29.0507,13.783,2.5198,0.4048,0.216,-7.687,14.865,8.2883,10.959,249.012,g
16.9089,11.1597,2.2856,0.6062,0.3342,-3.1923,7.953,6.4171,26.26,139.873,g
55.1056,44.6224,3.5842,0.1469,0.0767,27.1561,45.6519,-28.7031,1.1528,52.1409,g
74.2846,27.216,3.8374,0.1592,0.0828,64.1335,71.574,-8.275,5.1219,272.336,g
21.9771,6.7315,2.1021,0.7194,0.3913,24.4014,10.5652,-6.658,42.9804,172.796,g
32.5857,10.1356,2.5667,0.6122,0.3323,1.986,-13.4293,9.4657,77.1964,114.3193,h
20.5966,17.8906,2.3473,0.4989,0.2944,14.4956,20.3017,-13.202,45.299,244.401,g
29.2898,18.5989,2.7455,0.336,0.1824,-13.826,-15.1663,12.4365,20.232,116.403,g
108.0953,20.8474,2.8296,0.4027,0.2013,128.3898,-67.3065,5.8653,30.9271,103.3614,h
19.9786,9.2008,2.4346,0.6507,0.4283,-4.1789,14.4521,10.3094,78.2768,32.3245,h
36.9368,17.8623,2.9666,0.2829,0.1474,54.2738,-19.8979,-11.3622,3.5273,212.538,g
75.8507,19.2153,2.8689,0.3678,0.2346,-62.43,-45.4391,16.3209,15.3192,255.374,h
30.3343,20.6495,2.6739,0.286,0.16,32.8752,-16.7559,10.3996,9.129,112.46,g
42.9047,13.9391,3.0682,0.3,0.1628,12.8989,32.7874,-5.4281,0.839,192.135,g
212.5581,32.364,2.864,0.3028,0.1419,-186.206,103.2997,15.6846,29.5269,216.3836,h
93.4082,25.7074,2.9841,0.2448,0.1302,-7.9169,58.8619,22.6488,1.7356,321.954,g
28.3417,13.9166,2.3655,0.3707,0.1875,-5.775,-20.6703,-9.6614,78.069,160.356,g
64.7015,16.5413,2.7931,0.2448,0.1312,-4.4564,38.4775,-7.0851,3.712,234.037,g
91.718,75.6788,3.5625,0.21,0.1247,-19.604,59.6146,-60.5589,53.5527,302.103,h
24.1185,16.9885,2.3701,0.5203,0.2751,-6.9487,-20.2451,14.897,30.845,205.247,g
22.7327,9.3162,2.3284,0.6244,0.3639,22.8798,18.7337,-11.2028,36.461,204.182,g
21.7439,6.3074,2.2683,0.7601,0.504,19.7026,16.8273,6.5081,11.6322,177.398,g
20.2655,15.6989,2.4955,0.4441,0.2316,24.7215,14.164,3.9816,79.7296,56.7602,g
107.903,19.1206,3.0122,0.281,0.1842,-32.9016,67.7805,18.5236,0.101,328.728,g
26.0249,8.2571,2.5075,0.6816,0.4343,15.3165,7.8907,-8.9325,57.5733,89.1948,h
55.5017,28.7067,3.411,0.2573,0.131,-26.2959,31.4793,-15.9937,0.936,313.477,g
20.3875,7.2941,2.0737,0.7004,0.384,-0.5028,5.8566,5.6952,84.1758,235.629,g
128.3264,45.1891,3.8533,0.1152,0.0664,-27.6207,70.8304,-33.1567,45.1222,211.5288,h
110.552,26.6965,3.4345,0.2052,0.1035,-53.2803,39.1115,-21.5929,0.0031,307.387,g
24.2757,10.8321,2.5883,0.6374,0.329,-10.9739,9.5183,-11.3568,23.102,208.029,h
38.5399,20.4511,2.7214,0.3324,0.2194,-2.0651,15.7963,-19.8976,86.2652,260.973,h
82.3346,16.5924,3.1414,0.231,0.1245,51.6608,50.1103,-18.1234,3.0174,139.921,h
71.9732,22.5107,3.2503,0.1984,0.1037,33.0369,63.4685,17.2267,1.7301,273.148,g
28.577,9.5947,2.4354,0.4587,0.2514,-41.2713,17.8947,-7.1629,1.003,225.335,g
36.9368,24.6979,3.0667,0.2341,0.1282,2.0874,-20.8241,19.1646,2.4152,158.046,g
29.1879,15.5145,2.3802,0.4125,0.2062,38.4276,-9.0805,12.1028,19.1216,176.971,g
26.9416,9.7191,2.2467,0.4646,0.2408,-11.4888,15.2022,4.2848,10.626,91.5343,g
64.3192,26.8663,3.4539,0.1762,0.0891,6.8989,64.5494,-21.575,7.653,245.097,g
28.0209,18.9925,2.8021,0.3375,0.1711,-15.1411,-14.9509,-8.975,27.3043,89.7217,g
35.989,11.6932,2.4713,0.4392,0.2348,-35.6725,9.7044,11.5262,16.9615,258.973,g
64.6222,25.9895,3.3105,0.1986,0.103,36.8205,54.5421,-16.7046,1.667,246.854,g
97.6882,64.7545,3.4747,0.2779,0.1487,-21.5451,-78.3471,42.6967,32.2174,349.7435,h
31.6946,20.4109,3.0101,0.3234,0.1754,8.5746,-24.5303,6.9856,23.934,131.878,h
37.304,21.4064,2.8058,0.2361,0.1196,15.4173,16.0075,10.2623,4.3,145.666,g
73.2648,27.0787,3.5292,0.1718,0.0897,28.7515,67.9722,18.8744,6.2195,285.997,g
189.248,40.6863,3.1299,0.3938,0.294,-126.586,-160.07,-34.3266,33.1477,296.903,h
98.6242,38.67,3.8574,0.1449,0.0731,-113.128,61.1825,-27.8035,1.421,365.382,g
61.9459,22.2825,2.3537,0.5951,0.337,-80.9915,41.2146,-20.3164,66.2831,310.1382,h
15.0587,13.4775,2.3997,0.7211,0.5438,-0.7286,-11.211,-13.7009,25.9856,108.06,g
23.4494,16.2843,2.5605,0.4539,0.2655,-8.8017,-15.9867,10.389,83.8081,235.203,g
20.1099,11.3279,2.5152,0.6351,0.3832,-4.7249,13.3676,7.0606,22.163,154.447,g
52.8741,30.0875,3.5654,0.157,0.082,28.5875,38.1459,-24.7417,2.7843,184.124,g
92.6569,37.3543,3.9758,0.1354,0.0757,-20.4669,65.9078,-19.3584,0.212,309.845,g
13.1486,10.7687,2.1156,0.7739,0.4483,14.0483,-2.4687,-11.1593,70.3187,189.839,g
27.0469,7.7368,2.2201,0.6205,0.3163,11.8543,-14.486,-5.4268,12.261,161.136,g
31.5721,17.7527,2.6875,0.306,0.1653,-3.1732,18.8407,14.0298,25.9457,108.687,g
33.1261,12.8237,2.4836,0.3711,0.1954,20.462,20.455,-11.036,1.3049,156.831,g
38.8369,6.5104,2.2402,0.7878,0.487,4.4262,2.5094,-4.4784,16.1763,193.5013,h
16.4126,11.6132,2.2175,0.6,0.3121,0.8182,-4.7165,-4.0419,81.6802,182.339,g
24.7546,11.4566,2.601,0.4637,0.2544,32.2748,14.9656,-5.1373,20.6302,166.008,g
305.0961,108.4434,4.0668,0.0932,0.0428,-265.8062,-281.844,83.6705,39.5605,236.8798,h
65.5415,6.9872,2.5502,0.4986,0.2746,-85.8816,35.4993,-8.9161,0.8093,275.769,g
18.8823,7.3745,2.2266,0.7893,0.4599,-3.6479,8.9679,2.9357,37.739,100.395,g
12.8319,11.4597,2.2934,0.7277,0.4046,15.1741,-8.0021,-10.2999,75.204,85.0246,g
19.4497,7.4429,2.0774,0.728,0.4393,0.5095,-5.1121,4.6437,89.3339,158.411,g
17.5567,10.2585,2.3838,0.6859,0.3781,4.3642,-9.1216,-7.6008,20.564,174.837,g
19.1548,9.8675,2.29,0.5795,0.3051,-0.1476,3.7763,-5.5089,38.6221,99.682,g
18.3905,18.1715,2.3493,0.4922,0.2573,16.5788,15.8702,11.6801,60.2553,96.2171,g
79.4951,21.6109,3.123,0.2282,0.1337,46.012,86.586,15.5537,0.3713,290.988,g
25.7999,16.0064,2.6532,0.3756,0.1922,6.0098,17.4036,-11.3655,19.1984,165.509,g
48.454,20.799,3.3611,0.1933,0.0999,44.0381,-30.5403,-11.1171,4.765,202.409,g
12.4893,11.9803,2.1889,0.6926,0.3528,15.6913,-7.4384,11.0248,88.4375,97.0711,g
29.0007,21.2221,2.8774,0.3979,0.2407,1.2866,26.228,-14.3924,32.224,63.9582,g
25.7838,13.3367,2.4624,0.4793,0.281,11.6139,14.928,-9.3009,20.3804,148.372,h
82.9434,45.3121,3.2368,0.1895,0.0957,-64.0517,-47.2232,-25.4599,37.4156,283.4576,h
51.8897,25.4177,3.1181,0.2301,0.117,-66.6358,39.3683,20.0536,1.075,274.19,g
59.42,9.2285,2.3738,0.4863,0.2854,-51.2814,33.413,8.2191,9.183,86.5034,g
256.245,149.152,3.4173,0.2234,0.1234,-167.797,-280.656,-110.456,43.921,264.772,h
19.1154,11.6816,2.3962,0.6345,0.3675,11.4349,18.9858,2.3154,31.686,124.917,g
31.5555,15.492,2.4691,0.3939,0.2088,36.7637,24.2738,-9.5021,37.3817,106.28,g
46.198,14.2449,2.7955,0.3363,0.1705,58.1507,-30.3002,-4.8856,4.529,243.331,g
42.9078,26.0176,3.0126,0.2234,0.1248,35.4415,-15.4471,22.7213,13.9853,169.827,g
93.6117,25.9597,3.7458,0.1578,0.0929,-92.3861,82.0158,-14.894,1.4092,269.336,g
48.3574,12.0112,2.9825,0.3352,0.1702,-11.5303,34.0193,-4.892,68.528,215.271,h
28.8631,6.5382,2.2577,0.6243,0.3177,-15.3397,9.716,4.6861,6.624,223.56,g
107.215,95.9015,2.941,0.3517,0.2159,84.1833,122.831,93.5248,85.4025,149.574,h
34.584,9.025,2.7527,0.4388,0.2269,-5.6714,37.6214,13.5377,75.2666,225.2765,h
23.0384,15.9018,2.5647,0.4687,0.2466,-30.4664,14.2836,11.3302,80.508,119.488,h
47.6002,14.8699,2.6219,0.4302,0.2681,29.8218,36.9517,7.7824,69.4851,154.9639,h
59.6541,41.7831,3.5978,0.105,0.0804,-37.2919,-57.1406,-34.2565,0.3034,132.6,h
32.0023,22.0988,2.8488,0.3173,0.1848,19.2806,21.9158,9.0572,4.9446,185.749,h
63.9757,11.6401,2.6048,0.5217,0.2944,-77.4172,-17.1986,11.8688,13.222,286.217,g
69.5005,26.135,3.1902,0.1936,0.0971,55.8155,54.2763,-20.4098,7.564,266.43,g
25.161,15.1905,2.7139,0.4232,0.2232,10.9884,-9.4704,-9.3134,0.624,220.899,g
46.6166,26.1645,2.7745,0.2487,0.1336,62.6833,-33.9373,13.2992,28.8266,66.7796,h
36.852,25.1337,3.0052,0.2184,0.1131,19.2474,29.5049,6.2066,8.877,98.7117,g
65.7199,11.283,3.0421,0.2336,0.1477,-32.0428,28.9409,-8.9841,77.4844,150.0927,h
19.4586,18.1662,2.3883,0.5562,0.2965,-24.7518,-10.5111,17.2338,75.4267,43.4756,g
22.0999,13.2785,2.5599,0.5565,0.3402,12.7705,12.8172,4.2833,17.6539,171.036,g
22.014,16.4877,2.6508,0.4313,0.2246,-19.6349,-15.2749,-12.3711,17.1919,91.2358,g
25.7294,18.3896,2.7501,0.4587,0.3102,22.7825,23.4762,8.6497,7.882,126.857,g
17.5277,7.466,2.2109,0.7815,0.5446,-0.586,1.0294,-4.2404,69.8962,216.185,g
43.4795,17.4512,2.6758,0.2827,0.1466,57.1446,-29.7525,15.0303,2.912,244.237,g
81.3975,49.1218,3.4263,0.1206,0.0643,-109.98,-59.5665,49.1951,22.7735,221.971,g
118.743,27.2006,3.3246,0.1781,0.0912,95.9147,70.7675,-30.0735,9.051,183.074,h
45.5944,27.1839,2.938,0.2526,0.1286,18.1131,52.9061,16.8995,83.9665,128.878,g
102.967,48.0406,3.6819,0.1916,0.0995,-74.9399,-90.8354,-30.5241,42.5044,375.203,h
262.0263,131.227,3.399,0.0992,0.0789,365.6528,-134.5952,110.0008,62.2396,58.3654,h
24.9084,16.26,2.7443,0.382,0.2225,18.3663,4.8267,8.9724,0.758,148.265,g
92.7062,18.1531,2.8822,0.223,0.1292,-170.772,78.0131,10.9458,0.9333,228.686,g
103.3298,78.7427,3.9179,0.1365,0.0785,-26.9567,-50.451,29.2239,85.9291,386.6087,h
204.7281,60.6826,3.0227,0.1387,0.0664,152.7945,182.4354,-30.2022,58.3028,216.1004,h
44.3624,20.855,2.9167,0.2919,0.1763,-22.5991,-37.97,-16.75,34.3207,55.4034,g
32.9878,8.1677,2.3956,0.5133,0.2637,38.2928,-24.1729,-10.2392,68.9474,120.1013,h
58.6083,27.0816,3.2598,0.2468,0.1262,25.4293,47.4135,29.0911,0.558,265.44,g
30.6918,12.6259,2.5862,0.5665,0.3249,-8.1345,-17.6811,12.4427,22.6442,194.3028,h
12.7299,11.6462,2.0737,0.7173,0.384,15.4919,-8.0477,10.732,1.9575,182.312,g
20.9635,11.2686,2.2253,0.619,0.4077,-14.0838,-19.8654,-8.5675,40.2935,191.965,g
185.898,116.941,4.3283,0.0496,0.025,-38.7762,-136.278,-75.6936,77.0539,319.036,h
37.6527,16.8221,2.7771,0.2723,0.1429,-19.1202,20.2691,-6.791,74.6315,144.118,g
97.8682,42.3994,3.0145,0.2747,0.1465,13.9741,68.6183,-25.7517,18.895,342.372,h
32.087,16.3249,2.6776,0.3908,0.2595,15.3124,26.0992,-14.094,0.2595,225.174,g
51.2161,23.5687,2.7156,0.2907,0.1761,-86.5928,37.2872,-22.0663,22.5804,282.004,g
20.5613,15.2792,2.2999,0.5013,0.2632,2.6313,-16.4967,0.5588,59.2812,181.33,g
25.0768,19.7139,2.6632,0.4061,0.2313,0.2771,17.8255,12.4723,65.226,5.7456,g
99.0827,16.7631,2.9996,0.2292,0.1346,90.2689,79.8381,-12.2651,7.7732,131.033,g
47.9982,27.2546,3.4081,0.2141,0.126,-10.9705,-40.2479,18.5442,3.0708,198.484,g
64.3999,31.2076,3.2383,0.1976,0.102,15.8983,57.1013,18.7924,8.889,248.691,g
18.7734,14.573,2.3617,0.6826,0.3457,24.336,-12.5964,-10.8657,41.3192,177.506,g
18.6774,17.6112,2.3551,0.5077,0.3068,22.6674,-4.1781,-6.7637,8.3828,179.516,g
77.2773,11.802,2.4502,0.3936,0.1968,53.5782,72.4678,10.9367,5.475,161.942,g
59.3081,11.0487,2.6906,0.3751,0.1988,62.4271,54.3362,3.4649,3.037,228.843,g
22.7146,16.1697,2.4314,0.4519,0.2352,11.3707,14.0026,11.3514,15.825,228.628,h
114.631,103.011,3.0322,0.1671,0.098,-129.806,70.8967,110.421,75.4664,55.9936,h
31.7162,8.6998,2.7396,0.541,0.2851,1.8737,13.1914,5.167,26.937,141.005,h
118.529,37.1163,2.9474,0.2088,0.1134,-229.279,136.061,25.6747,48.194,197.874,h
72.6737,7.5386,3.0162,0.1793,0.1267,-20.1745,-24.5477,2.1269,62.8116,205.9366,h
168.6264,65.0079,3.2015,0.1626,0.0701,72.2237,151.233,30.0191,21.6765,216.8033,h
29.5024,14.0183,2.5982,0.4212,0.2308,7.4738,-10.529,8.1991,3.8455,82.6159,g
56.4901,22.3784,3.2172,0.2092,0.118,47.8174,40.8954,15.0326,1.2155,257.514,g
35.0315,20.7835,2.688,0.3221,0.161,11.5828,-27.423,17.9723,22.751,224.361,g
28.7451,24.636,2.6264,0.3456,0.1798,-1.1457,28.6299,-9.1353,56.3621,174.3312,h
23.3243,12.847,2.6399,0.4632,0.3182,-0.9019,10.5773,4.3234,28.6045,183.3696,h
90.5838,40.4816,3.4125,0.2089,0.105,-91.0433,-46.4003,25.8974,4.5116,391.28,g
25.0807,12.4177,2.4713,0.4493,0.2517,13.7606,18.3512,-3.6845,61.1859,49.7767,g
41.0476,23.8253,3.0092,0.2066,0.1121,4.0119,23.1823,-9.0349,6.121,123.831,g
54.1887,19.8522,2.8615,0.3067,0.1602,3.2851,49.1292,-17.7546,13.905,215.08,g
18.299,10.6174,2.1303,0.5333,0.2778,-0.4039,5.0114,-4.4594,45.2655,146.91,g
96.7193,33.6874,3.9202,0.136,0.0711,26.8044,80.4982,12.2979,2.0169,326.507,g
98.8112,75.9816,3.8184,0.1509,0.0789,-29.9406,-88.866,13.2628,8.08,370.691,h
89.8938,33.6844,3.4545,0.1496,0.083,-101.8506,62.9762,22.2197,5.1881,250.6162,h
95.3862,43.1623,4.0435,0.091,0.0478,-69.4949,87.8497,-17.3434,4.0819,291.299,g
41.116,14.6575,2.7088,0.3421,0.1945,31.3911,31.5955,9.1693,7.629,220.475,g
21.3013,6.2192,2.3422,0.6709,0.3809,-5.9949,13.5295,-11.1362,89.6234,79.5762,h
53.5834,29.1608,3.5705,0.1608,0.081,33.9107,37.0731,-17.1899,15.8766,115.722,g
56.3397,10.6337,2.9504,0.3386,0.1867,1.6318,34.4433,-5.2656,18.458,94.5246,h
141.629,32.4681,3.3462,0.2141,0.1183,-23.151,82.3616,-28.0748,32.7357,308.032,h
62.4538,20.9787,3.1475,0.2093,0.1121,22.681,48.5582,-17.4804,0.139,256.989,g
197.961,67.4274,3.629,0.1606,0.0656,-40.3611,41.0059,-61.7557,60.3241,297.8173,h
29.2873,8.4266,2.4005,0.5288,0.2763,38.0135,9.9818,6.042,12.5354,166.636,g
12.367,12.1218,2.2492,0.6761,0.3465,16.8508,-10.4085,-8.0128,45.2352,113.437,g
82.5499,10.6383,3.0543,0.197,0.1179,-37.8493,51.3596,11.1925,35.3257,104.7447,h
81.4835,27.3376,3.2641,0.2874,0.1761,10.4481,-30.9463,-15.7335,6.3243,353.048,g
28.2797,12.2058,2.5302,0.531,0.3437,-13.4904,-17.9955,10.561,4.1031,123.27,g
35.3463,17.0601,3.0523,0.3316,0.184,-23.1575,10.4458,-5.8566,7.6086,216.975,g
72.802,28.4789,2.6566,0.2521,0.1497,-84.8407,53.8979,14.2801,20.5896,271.6555,h
48.4256,19.9723,3.0418,0.2743,0.1512,48.594,35.2823,6.4034,10.791,208.487,g
125.104,29.4991,3.1449,0.2471,0.1264,-134.848,-81.5644,-23.0578,74.2777,80.7517,h
126.4423,67.4753,3.931,0.0884,0.0557,14.168,61.4354,40.3912,67.0214,318.6719,h
111.1925,81.4599,3.4341,0.2535,0.1447,-121.726,-82.7081,81.6095,89.737,423.1071,h
21.1452,7.0922,2.2082,0.6749,0.3375,0.3624,-5.7146,6.258,13.7571,214.103,g
19.7564,12.0209,2.4026,0.7034,0.4756,27.0402,25.455,8.3949,62.2473,230.8169,h
59.4155,26.6722,3.3559,0.1313,0.0659,-10.1246,48.5028,-11.4634,4.558,205.348,g
65.192,11.176,2.6165,0.3047,0.1608,8.5555,-15.1116,10.3612,8.637,203.935,g
28.7755,10.9466,2.5198,0.4471,0.2432,9.7904,13.7141,-7.5287,5.5984,88.8504,g
56.6694,17.9775,2.9151,0.2468,0.1283,39.7039,56.5003,-10.8655,16.9157,251.415,g
36.9247,15.4856,2.9482,0.3346,0.182,42.2854,19.0956,6.7274,7.671,162.898,g
29.8203,14.3003,2.6075,0.358,0.1988,4.9431,-15.6367,-10.7675,17.7272,200.326,g
26.7451,8.3658,2.6726,0.5377,0.3156,-10.9524,-9.1418,-5.607,75.0324,111.407,h
15.1157,9.3146,2.3706,0.7901,0.3627,-1.4761,-12.1102,3.1595,43.3322,73.1848,h
28.0121,11.474,2.5623,0.4986,0.3192,30.3937,23.3457,11.6954,44.761,192.433,h
29.2222,13.9091,2.7482,0.4286,0.233,21.3228,17.9456,-10.0525,23.553,161.469,g
66.5349,23.8891,3.2463,0.2133,0.1279,14.5813,63.8294,-18.7463,9.559,249.045,g
35.7518,24.4487,3.0011,0.2145,0.1222,-27.1295,14.6153,-16.6352,15.4842,200.751,g
19.9202,17.3634,2.6817,0.4475,0.2404,15.0652,9.6528,-10.6046,64.999,73.5314,g
32.7883,15.3772,2.286,0.4268,0.2075,22.1207,-29.6757,9.7835,34.5289,223.2831,h
84.0787,27.2913,3.3748,0.1641,0.1031,52.3783,77.6765,-8.011,5.219,267.886,g
30.1393,12.6966,2.673,0.3524,0.1837,-6.118,9.4996,3.971,24.192,129.904,g
35.4716,17.892,2.7551,0.2988,0.1573,7.156,-24.0317,-10.3888,20.1401,167.218,g
85.7897,29.2678,3.2655,0.248,0.1696,-17.978,54.747,-17.4857,1.018,311.694,g
20.8308,12.4463,2.4338,0.4899,0.2597,-16.0768,-13.6604,8.7292,86.2162,149.012,g
11.8835,7.8188,2.3187,0.7354,0.4614,-14.832,5.7369,5.8779,81.6178,220.514,h
32.6196,10.8471,2.6835,0.371,0.2166,28.6957,-12.2754,1.5895,0.083,166.073,g
52.9502,17.4422,3.056,0.2286,0.1147,42.9613,44.2121,9.089,0.2328,239.592,g
36.8382,15.6184,2.7052,0.3569,0.3025,-18.065,-27.7019,-8.1,55.4245,156.8538,h
22.015,6.592,2.1383,0.7345,0.4327,22.6912,13.5859,6.6499,49.8198,119.954,g
110.6346,70.7311,3.4703,0.1646,0.1027,-177.3769,75.6716,-32.366,50.6682,374.7549,h
97.2927,25.5448,3.4678,0.157,0.0812,79.0117,81.0806,18.4005,9.6868,264.772,g
27.3537,20.329,2.7683,0.3018,0.1594,20.8005,-6.9402,-9.784,1.824,97.7648,g
82.1407,31.8097,3.2914,0.1636,0.0846,101.18,21.2114,16.9711,58.39,208.072,h
22.1103,10.2685,2.1931,0.6026,0.3686,21.1955,19.7521,-11.3346,14.836,189.371,g
34.8894,25.6879,2.8889,0.3055,0.2084,9.5518,40.5478,-21.3362,17.2847,182.3265,h
39.5069,12.3362,2.6571,0.3789,0.217,-15.4084,-22.7142,3.3135,85.0821,213.083,h
45.3746,23.9865,3.1012,0.2131,0.1248,18.9356,29.98,-15.0227,1.1294,126.671,g
25.8564,11.769,2.4195,0.4931,0.2416,31.408,18.4281,6.7582,84.2325,216.0166,h
29.3804,10.8214,2.4788,0.544,0.3127,33.0185,22.8203,11.101,5.6476,187.7766,h
129.676,31.0196,3.2893,0.1623,0.0871,19.4642,105.713,29.5691,47.531,187.569,h
39.1028,14.6241,2.9159,0.375,0.1984,8.09,34.5847,9.2904,5.148,162.318,g
16.5019,8.3238,2.6924,0.471,0.2389,-24.9345,12.3367,0.7987,89.2172,147.1726,h
88.7648,26.6888,3.2815,0.239,0.1247,25.9521,23.5684,-3.1175,4.094,357.315,g
19.6984,9.6076,2.238,0.5896,0.3555,22.8271,11.631,-2.1979,26.67,200.173,h
24.6784,0.0029,2.0774,0.6778,0.3556,-28.9957,-9.7671,-0.0001,52.1801,197.337,g
28.1101,11.4555,2.3775,0.5409,0.304,31.9282,18.912,-10.7647,44.1008,144.122,g
106.984,10.4787,2.5769,0.3603,0.1921,81.5029,95.5549,4.0825,7.499,207.432,g
75.411,16.1061,2.7819,0.4082,0.2108,70.0166,16.1647,-9.8261,17.3643,56.1356,h
17.0875,11.2666,2.2553,0.5667,0.3083,0.7686,-5.2321,4.9075,56.4005,142.859,g
81.3466,38.2146,3.3173,0.1647,0.086,-42.1784,59.5826,31.3628,1.2749,317.927,g
23.5333,15.0319,2.6253,0.4976,0.2927,-2.7887,20.3183,9.3425,16.392,183.989,h
90.7035,32.6492,3.5602,0.1729,0.0896,71.1388,75.2937,-9.8135,1.5563,345.29,g
44.3851,30.6704,2.9251,0.3945,0.2668,5.3902,11.208,-20.4461,20.0643,327.1,h
69.769,25.3915,3.5462,0.1493,0.0758,22.9862,45.7923,5.0006,0.4249,230.527,g
86.6115,18.3473,2.9085,0.2802,0.1414,34.5615,87.6052,-16.5708,2.7047,272.883,g
59.8214,19.5086,2.5688,0.4238,0.2497,-59.7629,-33.2955,-15.2945,86.9793,237.58,h
24.7206,14.7841,2.3664,0.4774,0.2387,-12.6958,-15.7372,10.9758,42.763,84.5825,g
33.922,19.5203,2.6928,0.2738,0.145,-12.6419,-21.6683,8.6852,8.826,152.247,g
31.7382,20.1194,2.7683,0.2728,0.1458,4.998,-21.1864,-6.2826,1.1811,230.518,g
30.0886,14.9574,2.2343,0.4257,0.2187,-30.9557,-21.3144,-9.9923,14.675,129.686,h
33.055,15.1941,2.3444,0.371,0.1878,10.2965,22.9021,7.8267,9.323,178.204,g
29.7423,23.5505,2.8814,0.2957,0.1636,8.8321,-16.5257,-14.4703,32.6827,53.2158,g
19.1446,7.4634,2.0774,0.7448,0.4561,1.0256,-6.0897,4.1276,59.7883,215.373,h
30.5311,12.69,2.4014,0.4246,0.2361,-26.5669,-19.5461,9.5883,1.3823,243.46,g
202.829,73.9967,4.3622,0.0678,0.0364,-66.4079,-159.354,-21.2584,76.113,348.978,h
33.6616,25.047,2.7497,0.29,0.1468,33.4667,27.0844,-21.6367,35.279,173.318,g
78.5832,31.9728,3.3153,0.1161,0.0602,-1.2141,61.1027,24.3835,6.4886,215.234,g
103.5398,17.4695,3.2785,0.3645,0.2279,-51.2048,-32.4126,14.5598,30.3805,292.6638,h
16.6298,11.2952,2.3729,0.6017,0.3199,3.8575,-8.2844,5.7912,59.9534,169.801,g
32.4319,10.4433,2.5211,0.4127,0.2154,1.285,-22.6039,-3.8781,13.611,138.208,g
103.257,30.7338,2.9358,0.2122,0.1188,-2.5325,71.1551,20.4062,7.91,56.3035,g
11.9346,4.6845,2.1979,0.689,0.3354,6.9821,-0.5135,-10.0199,61.0924,56.1688,h
60.7519,14.8701,3.1209,0.2127,0.1101,-44.5458,35.7539,12.0027,10.2948,196.305,h
22.4719,12.3808,2.4306,0.5455,0.2876,29.1367,-9.8406,-6.1479,18.2742,185.337,g
58.8321,27.4017,3.5898,0.1497,0.0817,-7.4978,46.0111,22.4075,4.0456,237.392,g
27.9892,25.4973,2.6498,0.3516,0.1848,-14.6076,-18.4566,17.7791,76.933,224.416,h
30.401,22.7795,2.7324,0.2759,0.1657,-2.7792,16.5009,12.6533,11.3638,127.633,g
41.1027,11.8476,2.5283,0.4,0.2119,31.2249,20.7355,-9.7801,7.067,226.629,g
47.6871,24.8174,3.3241,0.1863,0.106,22.9441,42.5079,16.8853,15.898,163.736,g
28.5834,17.8928,2.6075,0.3852,0.1938,-31.8852,20.8792,12.0862,5.0486,71.4573,g
74.1398,23.3213,2.8516,0.2421,0.1246,-66.2239,32.8741,-11.5187,0.7406,262.22,g
21.3995,7.0036,2.0434,0.6787,0.3484,-25.5369,-6.6339,-6.4042,22.623,141.571,g
81.6368,25.1357,2.4476,0.4251,0.2132,-96.2788,37.9453,7.9119,18.7284,328.058,h
65.5949,21.5734,3.0368,0.2701,0.1373,23.7423,32.5971,8.9768,4.202,262.328,g
49.6858,8.4888,2.7364,0.3541,0.1844,50.8377,29.8093,3.7914,83.4249,213.43,h
21.7265,6.7179,2.1222,0.717,0.4264,-22.5868,-13.4709,6.5348,27.722,148.094,g
26.2642,19.6444,2.6395,0.3601,0.2099,7.0801,10.4091,-14.9864,26.944,93.3478,g
22.8277,14.7154,2.4579,0.5261,0.3502,6.4309,12.8232,7.3278,53.449,155.257,g
71.6766,36.6477,3.63,0.1768,0.1019,-31.7936,65.881,-23.0369,9.612,328.604,g
65.4492,27.3974,3.3339,0.1873,0.1092,63.2575,48.282,-12.0008,2.304,245.647,g
61.3263,17.2646,2.8845,0.274,0.1481,58.7671,60.3222,-9.5782,9.9477,242.263,g
31.5762,20.5726,2.7597,0.3374,0.1817,14.8458,22.8823,-9.4414,0.549,145.619,g
22.6971,9.2923,2.4245,0.5784,0.3543,-3.2073,24.0526,8.85,78.5135,163.2642,h
161.334,43.5999,3.0366,0.193,0.1098,-215.196,93.1886,-29.6464,0.7979,284.346,h
43.515,14.3182,2.8075,0.3115,0.1846,16.4403,37.9256,-7.6022,4.1022,273.148,g
27.1565,14.7561,2.4683,0.415,0.2092,25.4134,23.4275,11.4812,69.7617,108.017,g
25.9751,6.0889,2.6402,0.6568,0.3438,27.3088,15.6104,2.1324,19.6156,161.3214,h
52.4604,17.8922,3.2099,0.2288,0.123,-16.8843,10.8086,5.4112,8.145,222.928,g
108.9514,34.5964,3.0721,0.2314,0.131,17.5117,95.4544,-22.2197,42.3299,288.0383,h
27.7861,17.1611,2.6425,0.3645,0.1993,24.8534,12.7493,-12.7456,21.61,76.0045,g
130.4403,79.1401,3.3709,0.1536,0.0561,147.4104,-111.5511,-89.743,37.5126,163.4359,h
17.976,10.8252,2.2227,0.521,0.2665,0.4726,-5.1607,2.8358,52.227,170.51,g
48.1086,10.0532,2.4713,0.4054,0.2078,-9.7819,-30.044,-1.8495,4.7215,127.071,g
56.4648,21.427,2.8354,0.3404,0.1863,69.4148,45.3855,-22.4062,1.16,285.422,h
12.7509,11.6175,2.0233,0.7204,0.3839,-15.4116,7.677,10.9531,46.2009,147.754,g
68.4131,22.3063,3.2439,0.2178,0.1138,-126.192,51.6702,-18.7262,1.1476,235.367,g
176.936,33.9322,3.291,0.1699,0.0888,-125.742,-190.688,17.5547,55.2405,261.765,h
19.5686,10.9677,2.3222,0.6667,0.35,-14.9882,-17.7184,6.5899,10.9472,165.183,g
42.2236,19.9761,3.2049,0.2583,0.1438,42.4658,33.2289,-12.7014,4.262,192.229,g
27.8745,14.7574,2.451,0.577,0.3097,8.1793,26.1578,-14.3106,4.331,205.245,h
21.9922,6.5944,2.1717,0.734,0.4343,22.597,13.6991,-6.6407,11.6635,210.137,g
35.927,14.8053,2.8189,0.3824,0.2314,-17.7292,-20.3995,-11.137,5.938,193.031,g
12.8581,9.527,2.357,0.8176,0.5868,10.7219,9.3931,8.6736,14.56,39.9414,h
18.4932,16.9369,2.7835,0.4513,0.23,7.9821,-21.9054,7.6908,44.625,75.0225,h
79.7275,28.2803,3.5529,0.1722,0.1035,55.7414,68.21,-10.8305,7.103,222.653,g
23.3323,10.7987,2.3355,0.5173,0.2841,-7.208,-17.7871,-6.3086,37.4068,106.041,g
53.7826,16.9958,2.6571,0.3414,0.1729,58.441,36.4019,-13.1789,2.081,244.073,g
29.3874,17.8245,2.7423,0.3656,0.2018,6.4783,28.9954,14.9419,10.789,109.694,g
85.4369,30.3729,3.6503,0.1324,0.0746,17.285,78.4434,16.0943,2.791,227.554,g
20.46,15.3513,2.2944,0.5579,0.3179,-20.4507,-16.4939,1.9803,75.7453,148.2301,h
11.224,8.343,2.2414,0.7919,0.4605,-25.5303,-13.7668,6.7032,28.9657,80.4941,h
56.6077,24.9021,3.568,0.1952,0.105,58.7155,51.7478,14.1674,2.4729,189.106,g
22.2889,15.3443,2.4533,0.4437,0.2729,25.7137,13.2894,-7.4476,25.192,161.888,g
92.4258,24.9458,2.6693,0.3084,0.1552,-124.497,79.9403,-13.8176,1.4029,215.52,g
34.1337,21.96,2.7173,0.2416,0.1237,-9.711,-28.7833,9.0372,6.902,199.277,g
29.7378,12.0744,2.5821,0.4058,0.2212,-34.6078,-25.0755,10.3506,14.908,184.874,g
24.3793,11.7661,2.6053,0.5534,0.299,-4.2551,-15.4944,-8.992,5.4222,240.808,g
25.2488,7.3715,2.1987,0.6242,0.3702,19.1911,33.6767,16.132,72.6942,216.252,h
27.2726,12.6129,2.7288,0.3978,0.2512,-10.4679,-17.5545,-9.9008,3.789,185.431,g
41.2629,20.9786,3.1361,0.2807,0.1626,23.2559,43.3331,12.715,7.6147,219.077,g
21.489,12.3798,2.3345,0.6481,0.3681,-14.2318,-12.648,-10.6024,59.423,166.275,g
19.9169,12.7478,2.4191,0.4952,0.2571,-10.9752,-13.3411,-9.3301,11.2053,80.5603,g
96.8711,41.8272,3.3396,0.1693,0.0881,90.8604,86.5498,-24.3551,58.5794,297.277,h
45.4444,11.349,2.7332,0.3937,0.2486,9.2073,34.8387,8.2332,5.059,205.448,g
48.5138,33.7706,2.9582,0.1738,0.1111,-35.7116,-41.1418,-28.7975,72.2367,144.9764,h
19.7064,16.3057,2.5353,0.5673,0.4009,-5.8563,-8.7164,8.7247,68.8497,58.388,h
110.58,37.6728,3.4465,0.1431,0.0764,-84.4895,86.7907,25.1029,9.6984,249.128,g
34.4984,10.7224,2.6091,0.4133,0.2153,26.2007,18.3466,-11.8347,6.43,222.018,g
39.0712,26.9637,3.2096,0.195,0.1003,17.4869,31.1031,20.494,41.2088,64.7299,g
17.0991,10.6199,2.3118,0.6683,0.3927,3.4023,-7.5158,7.8709,31.951,98.5724,g
28.9911,11.7773,2.6488,0.4467,0.2593,19.4993,-12.3821,11.4288,6.3297,246.6,g
40.5301,18.7265,2.76,0.3475,0.192,29.6745,32.5462,-11.3333,26.9369,132.051,g
84.9312,26.6571,3.548,0.1665,0.0913,-61.5873,66.5324,14.9757,1.1373,268.919,g
75.888,32.9711,3.2363,0.1428,0.0746,-124.168,36.3425,17.9669,43.3579,205.602,h
173.137,45.998,3.2298,0.2851,0.177,-136.859,24.3254,14.8392,48.6757,299.59,h
33.107,21.1594,2.636,0.3052,0.1792,6.7717,-10.637,12.1599,10.136,139.708,g
171.5051,64.5524,3.5331,0.1674,0.0466,103.3078,145.4257,42.0187,40.1469,264.1398,h
73.9821,13.2506,2.6042,0.4975,0.3072,-48.1454,44.4558,3.5581,12.632,293.71,g
24.4367,0.0,2.0273,0.6948,0.3615,28.3101,11.4763,0.0,19.3086,157.149,g
59.7685,44.6084,3.0467,0.2245,0.1361,41.4702,52.2899,49.942,5.053,88.0334,g
31.9493,20.2841,2.6172,0.4191,0.2436,24.2925,18.1621,-10.3816,66.5278,250.6361,h
12.9947,10.7499,2.1688,0.7525,0.4847,13.3733,-4.7981,-7.0574,15.465,179.693,g
74.0956,31.6713,3.2017,0.1747,0.0971,-39.1718,63.8177,23.0124,23.727,286.242,h
19.8723,7.3787,2.2999,0.7268,0.4135,1.2087,-7.3216,5.1661,47.741,152.917,g
37.2474,19.6301,2.8675,0.2822,0.1499,-16.0466,-27.4403,4.5182,13.753,117.412,g
63.2206,13.9444,3.1346,0.2307,0.1183,76.65,28.2917,12.7073,22.1223,67.8807,h
35.8551,15.7666,2.3493,0.4653,0.2438,35.1417,19.8454,-12.3719,34.3833,232.907,g
30.4837,17.4756,2.8218,0.2924,0.1515,-30.0794,-5.7384,11.8032,21.1876,180.255,g
77.2949,24.0908,3.2658,0.1876,0.0995,75.8217,61.5344,13.3581,7.626,230.41,g
19.4733,11.8091,2.5792,0.5744,0.3096,-1.8261,12.4254,6.1723,78.876,129.37,h
50.7165,10.1314,2.5746,0.3382,0.1718,-53.8558,29.1589,8.8366,2.0775,184.231,g
25.9044,10.3557,2.4354,0.433,0.2294,12.8194,19.2868,5.2259,48.126,175.526,g
31.7528,8.9225,2.3128,0.5012,0.2895,9.6952,23.8877,9.6464,85.9966,136.496,h
57.9726,25.6855,3.2838,0.2981,0.1652,-49.93,45.7886,20.1317,0.023,280.151,g
22.6892,11.0188,2.281,0.6021,0.3377,-16.0832,-18.8818,-4.3507,11.3678,189.22,g
29.2535,10.8037,2.5822,0.3782,0.2572,-12.9583,20.9257,7.3498,71.1845,200.5247,h
27.998,19.7625,2.7238,0.4458,0.3069,37.4322,36.0989,-16.4086,86.5286,147.2552,h
31.0015,15.8117,2.5682,0.3459,0.1851,42.3612,16.1316,-8.967,8.767,119.08,g
36.6617,15.5033,2.5746,0.4714,0.3182,31.4251,25.5228,6.576,11.3761,224.069,g
101.039,35.1399,3.0869,0.2399,0.1257,-151.843,-47.9068,33.2536,11.885,292.677,g
60.4752,19.7973,2.9238,0.2753,0.1651,-62.8282,38.2324,21.0158,4.335,278.873,g
54.7975,19.5799,3.0598,0.2536,0.159,23.1715,45.4473,12.7693,2.801,249.162,g
90.5255,45.2159,4.0593,0.0953,0.0494,-55.9708,76.0565,-16.9888,4.046,283.586,g
54.0852,22.1805,3.1256,0.167,0.085,17.1983,39.8541,17.7929,1.185,224.593,g
20.4599,10.355,2.2601,0.5934,0.3544,-5.3638,16.4381,-9.0481,54.01,219.179,g
18.6533,15.1674,2.4338,0.523,0.337,-4.2971,16.0316,8.0971,4.7998,55.7509,g
136.642,24.982,2.7694,0.267,0.1505,-228.312,134.038,-9.6986,3.8026,271.822,h
24.7179,14.9382,2.4541,0.4323,0.2478,10.1766,15.6319,7.7679,8.976,219.284,g
33.997,15.7447,2.634,0.2927,0.1475,10.549,24.8384,12.0497,3.413,177.897,g
61.4084,21.9226,2.8899,0.2062,0.1128,-63.1695,35.5709,13.5937,0.6397,265.651,g
22.8448,0.0,2.0952,0.7631,0.4056,-3.6145,13.4868,0.0,11.186,133.93,g
19.1365,9.7556,2.2279,0.6154,0.3757,-21.3777,-12.6818,4.0594,4.278,161.123,g
105.498,24.5667,3.2654,0.2518,0.1636,-12.5157,-45.4692,-21.9261,0.965,328.706,g
29.2635,19.5491,2.9114,0.3409,0.1772,16.2367,23.0514,-13.5395,18.469,74.9146,g
102.866,72.815,3.6581,0.1734,0.0906,-134.587,-80.3948,-71.7635,49.218,351.118,h
25.0535,18.9759,2.6803,0.4154,0.2307,28.5321,14.58,-9.722,27.262,195.287,g
48.3725,8.7244,2.8139,0.4666,0.2724,-66.7448,27.234,-10.0042,2.3339,295.011,h
77.9107,28.337,3.4989,0.2238,0.1203,-26.8744,66.8088,-20.8642,1.762,301.222,g
47.76,25.0045,2.8982,0.1922,0.1005,50.1843,34.0779,-13.4217,1.1964,187.651,g
23.1189,13.9953,2.6096,0.4619,0.2445,0.6435,-20.3149,4.5768,52.753,115.739,h
105.1759,20.717,3.1587,0.1923,0.0935,-161.9278,96.073,19.2764,58.0482,98.0775,h
30.8163,14.678,2.7834,0.4056,0.2209,-29.3542,-19.5351,-13.4315,62.679,263.9626,h
44.903,20.0392,3.1555,0.2412,0.1451,6.1555,26.7131,-7.4629,9.599,239.209,g
99.105,43.0125,4.0978,0.0933,0.0481,-49.5231,78.408,27.7475,0.365,290.201,g
29.7796,17.267,2.6207,0.4311,0.2479,-33.4923,-25.3075,-17.3056,23.0497,188.622,h
102.3369,25.8713,3.2714,0.1219,0.0878,-22.06,-38.8742,18.308,79.7161,81.1097,h
95.9193,24.9227,3.3052,0.2273,0.1458,-26.8653,58.577,-14.2839,7.4375,316.122,g
56.5328,12.3021,2.6478,0.3098,0.2191,-9.3455,-35.5005,4.4026,60.5292,163.5917,h
18.9805,14.728,2.4997,0.5222,0.3465,-0.2513,10.4799,9.5463,72.4482,146.774,h
21.7447,14.2619,2.4896,0.5948,0.3448,-9.2138,10.7121,-4.0639,38.5152,231.7017,h
23.0384,14.3798,2.532,0.4829,0.2586,-3.4681,16.5478,-6.0391,61.9346,144.8005,h
149.0388,108.5058,3.6602,0.1263,0.0499,-86.8498,85.2039,122.4618,54.3542,222.3967,h
35.4707,8.6958,2.5729,0.4641,0.2453,-8.9429,-18.9651,-1.5626,73.6414,107.2643,h
94.8276,37.9939,4.0896,0.0905,0.0506,10.1907,86.3984,22.9415,1.024,192.106,g
110.4766,71.8217,4.1073,0.1078,0.0537,42.4312,47.166,-83.4869,46.3265,216.3036,h
57.2016,37.1188,3.6338,0.139,0.0803,57.6289,36.5916,-13.8653,5.4811,105.116,g
26.6387,9.6367,2.3314,0.4848,0.2821,31.5284,20.5391,-6.8911,77.509,107.627,g
32.2149,15.4123,2.4976,0.3752,0.1987,-14.9925,13.1673,-6.8748,2.9064,224.67,g
37.742,24.3346,3.0404,0.2478,0.1508,5.998,34.4104,13.7756,24.216,131.601,g
100.011,33.4215,4.0373,0.1147,0.0576,-42.9197,71.0093,-7.2555,1.9529,298.428,g
24.9954,12.8249,2.6481,0.4502,0.3414,19.301,21.7122,-11.5809,78.2165,130.3076,h
16.4015,11.5901,2.3598,0.5983,0.3166,1.5577,-5.8041,4.592,34.9176,129.056,g
24.4582,15.2562,2.4609,0.4637,0.2509,-6.4875,-6.6784,7.3932,15.933,131.712,g
47.2817,30.8593,2.7709,0.2339,0.1212,32.9567,33.5565,32.12,19.286,176.973,g
83.8355,12.7688,2.7392,0.474,0.3017,-73.3769,-30.3659,5.3509,4.6236,267.363,g
57.6389,19.9578,2.9183,0.3186,0.1623,34.1966,59.3038,18.4333,0.619,113.551,g
45.6374,16.565,3.0118,0.2822,0.1465,-41.2962,-36.3269,-12.9437,77.811,244.884,h
20.5795,8.9421,2.3139,0.6602,0.4053,4.5554,-14.9512,10.6203,2.9483,171.724,g
19.0389,9.9673,2.2355,0.5814,0.3517,-22.2049,-11.7216,-2.8585,5.6753,160.389,g
80.3253,21.496,3.2792,0.2408,0.1354,28.6588,-87.3739,2.7815,21.5092,108.854,g
32.9687,16.5013,2.7875,0.2985,0.1737,-7.8186,-7.1389,8.9015,3.638,208.723,g
39.4071,9.5119,2.3865,0.5462,0.3676,38.1536,32.8639,6.586,22.0967,244.987,g
80.2574,22.0414,3.0671,0.2134,0.1101,-24.5504,70.873,15.4147,1.406,335.755,g
42.3739,12.7034,2.5484,0.3423,0.174,22.8678,23.1648,-6.5528,7.1396,153.646,g
19.901,17.8679,2.499,0.5071,0.3027,-14.0443,-15.2362,9.7605,49.186,245.623,g
24.845,19.3632,2.5221,0.4747,0.2546,26.2692,26.9326,-12.853,9.7727,163.8698,h
86.2691,27.2268,3.5583,0.1883,0.1124,47.5038,99.861,20.0395,4.8363,263.009,g
71.1507,25.1204,3.2766,0.1264,0.0653,-3.0002,39.6216,14.713,6.1414,222.839,g
104.346,36.1869,3.9498,0.1207,0.0639,-96.603,81.1209,22.5479,1.422,244.627,g
75.3024,25.8643,2.933,0.4504,0.2771,-36.6702,-55.5909,19.841,29.161,297.366,h
51.9973,39.5198,3.2133,0.399,0.2157,20.3362,30.8332,31.5292,17.2724,344.524,h
18.257,9.5406,2.3385,0.6743,0.4839,-4.995,13.644,-9.4229,46.9799,143.742,g
10.1402,6.862,2.2963,0.7633,0.4517,-24.7001,-6.5859,11.1053,34.6423,166.3966,h
32.7703,18.5238,2.4639,0.433,0.2285,5.8166,31.5639,13.8477,42.442,132.527,h
53.6432,20.8631,3.2208,0.2358,0.1224,-11.5965,40.1842,-4.5304,2.6359,226.537,g
23.6856,21.166,2.6959,0.3505,0.1782,27.6083,-9.1757,16.1781,50.741,223.067,h
71.8686,24.7685,3.5269,0.1605,0.0893,-93.0266,59.4501,8.6513,7.977,246.398,g
69.6868,32.5131,3.2821,0.2857,0.1486,25.7331,51.743,25.3644,5.4304,362.994,g
61.9284,23.4462,3.1413,0.2463,0.1419,10.6632,43.8724,16.2768,1.571,310.779,g
35.552,15.5602,2.7222,0.3848,0.2171,-16.1068,20.6203,11.8772,85.3816,27.794,g
155.53,64.2969,3.2261,0.2989,0.1797,-153.617,-92.426,-57.9054,63.7389,329.15,h
25.1685,23.4817,2.9845,0.3016,0.1518,10.4874,-19.1357,13.448,72.786,121.01,g
18.6578,17.9121,2.433,0.4317,0.2638,-10.6001,5.9707,13.5738,19.426,71.7251,g
22.182,8.6884,2.5738,0.5376,0.3048,-13.6175,1.1238,1.7893,23.8544,188.1051,h
12.4051,12.0785,2.0394,0.6758,0.3516,16.8461,-10.5871,0.0,7.605,226.686,g
123.3622,79.1588,3.8216,0.1082,0.0573,-13.2319,-61.0842,-49.8899,76.612,306.1689,h
35.5418,19.0787,2.94,0.279,0.1682,16.6808,13.377,-8.7971,27.4184,155.091,g
20.4253,11.3342,2.3139,0.5922,0.3228,12.7929,18.8672,6.8393,71.07,121.818,g
20.1725,15.2864,2.4639,0.4227,0.2491,0.2281,-2.4211,-1.5993,11.081,136.437,g
32.8354,21.1722,2.7948,0.2598,0.1403,20.4435,20.2216,-4.964,10.1619,187.348,g
28.292,15.9505,2.6721,0.4404,0.2691,33.5529,20.2797,-11.343,0.26,243.462,g
21.1346,0.0025,2.2,0.8139,0.4827,-4.3533,12.5949,0.0,24.195,126.784,g
40.4736,27.348,2.7645,0.3972,0.2107,37.2395,34.0363,17.0206,32.3135,151.649,h
19.7233,16.0799,2.4191,0.4648,0.2571,-4.5556,17.284,8.4284,72.4626,106.234,g
141.4314,88.6019,3.2561,0.2757,0.1317,-42.7243,-113.3573,51.547,18.5579,352.3139,h
106.4,26.1595,2.989,0.3097,0.1574,-70.6965,-106.387,15.8114,43.821,185.14,h
161.116,38.9222,3.4483,0.1482,0.0874,-159.007,95.1593,-35.6651,33.988,185.237,h
30.948,16.7296,2.7543,0.3116,0.1593,-34.7049,16.4588,4.8896,9.046,151.62,g
21.9633,9.5128,2.248,0.6045,0.3192,-4.9598,16.6868,10.7725,53.3763,263.903,h
55.3627,13.3122,2.6454,0.2896,0.1618,-33.1966,46.3336,-13.1659,10.6662,233.857,g
112.948,39.3367,3.2619,0.1335,0.067,137.948,80.0759,-18.3524,0.938,197.973,g
87.1305,45.278,4.0839,0.0946,0.0516,35.9765,77.5289,36.7874,3.0206,262.814,g
106.969,37.1984,4.1184,0.0984,0.0493,-184.113,75.1862,-20.5491,0.252,303.584,g
33.5344,17.8185,2.5874,0.3295,0.1938,-8.3554,26.712,8.4603,85.7651,140.1944,h
32.3086,21.2245,2.8373,0.2415,0.1215,-42.0749,-14.8047,-15.1043,36.13,154.793,g
44.1521,16.7655,2.7093,0.2773,0.1455,14.0396,20.7402,-14.6241,0.337,180.685,g
23.2796,16.4149,2.6646,0.4177,0.276,7.4148,17.5575,7.5244,9.5021,86.2246,g
29.8325,19.8526,2.6928,0.4523,0.2424,13.4253,24.8158,14.4764,50.398,280.732,h
33.3893,25.4757,3.0212,0.259,0.1348,-15.2355,17.186,-25.5749,38.976,187.149,g
22.4777,15.8752,2.3847,0.5526,0.3031,-9.2116,-17.7029,-13.3044,11.1527,146.456,g
24.4701,23.4296,2.5664,0.2877,0.1506,30.1628,18.0136,-14.6589,35.99,134.778,g
26.8527,15.1268,2.8156,0.3685,0.198,10.413,16.3541,9.8889,18.3145,114.872,g
27.6649,17.404,2.7046,0.383,0.2063,-0.4726,14.0216,12.9188,3.5068,182.331,g
17.2868,10.6246,2.4777,0.5751,0.2994,-22.335,-19.4539,7.0827,86.4343,158.3132,h
25.2616,9.9929,2.6227,0.5149,0.2658,30.6027,20.389,7.405,23.966,253.297,g
19.1533,10.0736,2.3139,0.5437,0.2791,25.6041,5.4195,4.452,69.7206,222.842,h
133.5869,104.3823,3.2622,0.141,0.0823,-207.3567,104.7099,116.5691,4.1599,119.8979,h
91.9495,29.2949,3.3654,0.2233,0.1416,-48.1293,43.1926,22.0904,4.1635,291.833,g
22.4688,13.3683,2.5308,0.4533,0.2163,-27.3877,-17.644,-10.6397,86.2492,141.2034,h
28.6584,6.6732,2.2529,0.5754,0.3156,-34.0772,-17.5378,-3.408,7.689,153.222,g
29.8007,8.0978,2.1987,0.5316,0.2816,-35.6566,-18.2912,-5.8872,13.9464,133.634,g
27.5742,8.2211,2.3711,0.6,0.3255,30.668,20.5727,6.0634,18.904,110.77,h
37.7137,20.7618,2.902,0.3195,0.2074,15.2691,37.6813,-14.553,25.831,143.532,g
48.7737,22.9794,2.9196,0.2058,0.1053,24.6588,43.7929,16.0386,5.401,184.114,g
124.4514,99.0565,3.4987,0.2107,0.0915,41.0548,-57.6991,74.4223,48.717,386.5873,h
29.5149,15.1711,2.8106,0.3697,0.2049,3.3765,17.0961,-7.5056,9.6888,169.451,g
37.4076,16.3912,2.87,0.3353,0.1566,-42.0358,-31.9833,-10.9338,53.8684,211.3164,h
91.1548,47.763,3.9472,0.1386,0.0707,84.1102,63.5856,10.2816,4.456,350.53,g
50.4384,16.4738,2.7597,0.2957,0.1557,-10.0191,-32.8396,6.0109,6.013,156.315,g
34.5936,22.723,2.9423,0.2821,0.1456,49.7576,26.8458,-14.4034,7.1144,128.761,g
22.0086,6.7467,2.3021,0.7182,0.3716,-25.3587,-7.7523,-6.6755,16.634,190.845,h
64.5851,14.9835,2.8633,0.2534,0.1582,-16.0459,-51.2555,9.8347,7.6842,219.668,g
95.1186,61.6476,3.3936,0.2321,0.1505,-33.3504,-57.5954,-44.7142,51.2639,338.3931,h
12.9945,10.9917,2.1658,0.7509,0.4539,-14.087,6.3577,-9.4473,60.204,98.9831,g
35.0345,22.609,2.9897,0.2622,0.1572,31.16,22.7941,15.0592,10.7911,187.215,g
64.6156,19.2661,2.9754,0.3302,0.2228,-39.9302,50.9935,-16.7622,10.652,298.281,g
84.0407,16.6481,3.0164,0.2396,0.1226,-97.1136,59.2023,-17.7659,24.7881,262.5706,h
20.7805,16.2366,2.7633,0.5952,0.305,8.8077,12.3721,-10.9797,3.0366,123.8803,h
21.0002,7.1029,2.1688,0.7051,0.3627,-24.3319,-9.9623,-6.1514,12.863,162.608,g
55.3415,14.36,2.8296,0.3242,0.1858,-53.9262,42.1057,14.1188,6.1169,275.462,g
81.0902,22.5772,3.4955,0.1579,0.089,18.9673,94.7543,-4.4858,1.7041,215.786,g
12.6701,11.7428,2.0394,0.7123,0.3699,15.4757,-7.2067,11.194,82.2488,189.34,g
24.5151,0.0061,2.1917,0.6817,0.3505,29.0353,9.5525,0.0001,51.3098,166.428,g
26.9291,16.4709,2.7597,0.3791,0.213,8.8077,-19.6155,8.8907,13.461,218.723,g
113.421,32.4801,3.5739,0.1752,0.1058,-62.0495,68.1213,21.933,0.837,268.427,g
12.9548,11.3093,2.1804,0.7459,0.3795,15.0102,-3.7676,-11.761,66.059,119.261,g
18.7801,12.7489,2.4385,0.5683,0.3005,14.6127,13.6885,-6.362,84.5089,40.3003,g
76.5716,33.5462,3.5914,0.2424,0.1326,25.3864,42.4458,-15.911,4.4055,352.472,g
21.1218,12.4646,2.43,0.5962,0.3439,-34.0037,-24.3158,5.6196,30.8984,188.4942,h
33.8599,12.9093,2.5159,0.4451,0.2302,-51.8143,26.4262,2.5037,7.0281,204.82,g
91.757,38.4914,3.3803,0.1916,0.1014,47.9548,126.475,-25.2647,27.0741,49.8535,g
25.4768,7.5159,2.3404,0.6804,0.3493,12.4104,-14.6593,6.4172,5.854,171.21,g
51.4104,18.169,2.6212,0.2896,0.1451,64.1533,43.1716,-14.1131,12.7084,141.8997,h
17.1822,15.8933,2.4093,0.6648,0.3864,-16.4698,-3.1572,-3.9904,66.9122,61.0713,h
46.5761,27.883,2.6706,0.2393,0.1272,-39.3968,-4.6151,-21.8772,6.0435,124.3839,h
25.3603,12.0956,2.5302,0.4602,0.2404,16.7515,14.293,5.2434,19.1921,216.885,g
245.0533,56.7612,4.1267,0.0736,0.0388,-237.4093,-190.1271,-42.5729,72.2872,174.6745,h
23.6246,10.9195,2.4014,0.5952,0.2996,-16.2017,-18.427,6.9058,19.774,110.192,g
37.2895,21.5961,3.3735,0.2924,0.1729,15.4428,9.1394,-7.3324,3.2352,145.565,g
133.849,23.7372,3.2301,0.3827,0.2111,-158.183,-110.302,13.3014,20.264,385.025,h
60.0379,19.0161,3.0116,0.2736,0.1426,53.8969,43.8781,19.7272,4.4858,241.822,g
14.0462,12.547,2.3604,0.832,0.4675,5.6374,9.0924,-12.6404,60.9684,122.127,h
36.1456,19.3865,2.9775,0.2791,0.1511,10.6422,24.1048,13.9788,6.6443,149.081,g
78.6617,32.9812,3.4344,0.167,0.0936,-63.9685,61.1143,31.6355,5.902,298.095,g
68.2023,25.7017,3.4919,0.2078,0.1042,-77.1629,38.6336,-10.8753,0.6463,264.024,g
15.658,13.1041,2.5234,0.6091,0.3245,-2.3962,4.8614,-1.0278,65.184,118.3092,h
60.8563,13.4122,2.5434,0.3548,0.1903,-105.335,56.3916,-10.6983,7.8933,226.337,g
80.2462,32.6767,2.9614,0.318,0.1678,-43.8797,-94.1301,18.0536,76.528,194.025,h
174.725,119.746,3.7066,0.0875,0.0484,-266.266,-135.138,67.6702,46.165,194.063,h
95.271,37.5314,3.8555,0.1594,0.0852,10.0912,64.7418,19.8539,2.211,368.716,g
26.564,13.2097,2.3909,0.435,0.2744,19.6882,-15.1212,1.8099,37.7264,178.868,g
20.1273,10.2168,2.2695,0.6075,0.3683,6.1708,-16.4384,10.0214,8.229,125.329,g
62.0676,16.925,3.173,0.2189,0.1306,60.4294,42.5727,13.3678,0.026,197.906,g
35.2461,16.1189,2.9219,0.2944,0.1825,20.8448,27.5117,10.663,1.9002,151.064,g
22.2442,11.3451,2.5735,0.5581,0.3298,-6.2041,-19.0011,-6.9374,6.6462,147.737,g
17.3109,11.1244,2.2553,0.55,0.275,2.0205,-7.7244,-0.1954,89.4859,225.009,g
20.1855,16.2878,2.437,0.479,0.2431,2.7154,-16.8099,10.9565,65.8,180.161,g
75.5072,25.994,3.4212,0.2457,0.1598,-48.7551,74.3902,15.5433,4.096,291.434,g
28.8471,8.0422,2.1271,0.5448,0.2799,-15.9703,-16.2881,3.0512,13.2881,161.918,g
54.4781,24.9691,2.7029,0.2874,0.1437,38.38,47.8696,-9.645,1.3186,246.013,g
22.8898,18.1899,2.6146,0.4926,0.2921,31.4801,30.7245,11.9501,67.0121,211.3679,h
121.638,47.1142,4.2662,0.0632,0.0319,-73.448,-92.407,-31.005,6.2392,107.13,h
80.6936,27.46,3.8403,0.1535,0.0814,34.3815,82.165,19.6038,0.913,290.335,g
24.8322,9.1005,2.4921,0.5862,0.3494,-6.3235,-11.4506,-2.7892,4.5268,175.637,g
37.1295,20.6574,2.9335,0.2238,0.1148,3.84,-19.9706,-6.2125,1.92,200.622,g
16.1927,11.6664,2.3711,0.6085,0.334,-1.5811,5.386,-5.5457,40.759,205.721,g
22.4777,9.2765,2.5072,0.6594,0.381,-11.1076,13.0842,-8.6206,27.942,128.742,h
50.9772,10.3908,2.8814,0.3469,0.182,-21.6378,-23.5473,-6.7332,39.666,192.845,h
109.5085,13.7841,3.3851,0.3398,0.1839,-7.963,60.2403,20.4252,16.1581,351.998,h
28.3346,11.8033,2.5539,0.405,0.2109,-16.7901,7.1239,3.9586,6.7089,192.161,g
17.4437,16.6297,2.3889,0.7943,0.4365,-21.2018,-10.2647,-14.9314,4.2008,199.8158,h
21.115,10.6704,2.2625,0.6011,0.3415,20.6835,19.2718,-11.1166,62.108,196.488,g
100.29,21.4219,2.9926,0.297,0.1979,-61.1362,-24.1767,15.4466,2.19,269.131,g
23.6179,20.0571,2.5224,0.5495,0.3739,-1.574,-15.0956,-11.354,47.786,86.2468,g
225.4103,57.4624,3.9479,0.0981,0.0424,-167.242,-150.6701,-34.4469,17.7686,170.6206,h
27.4601,7.0214,2.1673,0.5714,0.2891,12.6378,-5.8615,2.2142,25.752,152.596,g
14.1318,12.5844,2.3979,0.704,0.358,0.3319,2.8754,-3.5628,13.127,133.667,g
138.8751,86.577,4.157,0.0495,0.0475,-23.8889,-150.1056,68.6672,7.2948,330.0002,h
38.9482,17.256,2.5378,0.3246,0.1754,20.5385,13.8432,12.8962,26.7113,151.616,g
55.5756,21.8339,2.8312,0.2876,0.1763,-80.3424,30.4735,18.3279,2.858,261.157,g
104.356,22.6643,3.1273,0.1619,0.0869,-178.11,91.7126,-18.7868,1.603,303.247,g
66.9332,26.349,2.9077,0.2511,0.133,58.6337,55.0987,-17.5632,78.003,208.033,h
27.1008,10.5205,2.5711,0.6094,0.4497,23.5141,25.8986,-9.9203,81.1257,158.003,h
43.7054,11.1551,2.9435,0.4487,0.2341,36.9932,30.7059,9.1067,37.048,274.518,h
12.9223,11.2174,2.2292,0.7375,0.4336,-14.6013,7.5715,9.31,82.7517,126.239,g
23.6044,13.879,2.5441,0.5114,0.2643,7.3994,-4.1243,-14.2747,64.214,107.641,h
17.4898,7.1962,2.2753,0.8435,0.5279,-5.02,5.0717,5.32,45.254,60.518,g
18.4881,6.2289,2.4091,0.8772,0.5595,15.2583,16.3451,2.9808,87.6399,80.5684,h
30.3289,9.7162,2.6946,0.4889,0.2717,-14.1238,-17.6009,-11.4088,78.3458,237.187,h
32.6861,18.6169,2.6165,0.341,0.1802,23.3337,16.0696,12.8525,12.576,156.25,g
70.6515,33.5451,3.3092,0.1143,0.0601,-86.8585,-47.4056,-32.5368,63.378,137.312,h
60.2584,26.2875,2.5581,0.4786,0.2863,-50.6075,-47.9288,19.7241,7.944,275.464,g
144.045,26.8074,2.9631,0.2711,0.1432,-89.8425,-102.29,16.0733,44.6947,176.171,h
16.981,11.3089,2.5664,0.7191,0.4763,-7.418,12.7524,-4.224,33.2622,227.898,h
19.5565,11.0315,2.4183,0.6565,0.4179,-17.0924,-19.835,11.6883,22.452,140.19,g
52.5995,9.5646,2.4479,0.4742,0.2442,-34.5919,-33.8603,8.3775,77.7361,240.602,h
45.1037,16.2885,2.9509,0.3102,0.1786,13.9854,38.0213,9.2857,9.669,197.798,g
54.8142,22.468,2.9892,0.3147,0.2107,-74.4167,35.0013,-13.6334,3.8937,254.67,g
25.6327,15.7198,2.2467,0.4533,0.2521,-10.0117,-17.6082,-15.5937,0.5897,93.9143,g
21.8483,12.7848,2.3757,0.4589,0.2421,-28.5594,-9.35,8.8048,28.132,85.2515,g
50.8293,20.0939,3.3959,0.2162,0.1236,38.7703,41.463,9.3292,3.6565,189.155,g
109.9571,70.7703,3.4752,0.1442,0.0568,82.9203,57.1464,34.6424,76.0998,312.2981,h
44.5422,26.3072,3.0133,0.1629,0.082,-18.3504,-14.0598,-10.5406,67.7603,98.7475,g
17.9629,15.0162,2.6161,0.5015,0.2628,-5.9069,-22.4864,-10.1387,60.2672,227.796,h
13.198,10.8234,2.2109,0.7754,0.4154,-14.6154,2.1486,-11.7547,16.8038,154.15,g
115.593,15.7533,2.7939,0.3305,0.2028,104.3811,80.7862,-11.3469,54.3338,234.0746,h
50.9109,18.6353,3.0364,0.2336,0.1448,43.364,37.1994,6.3852,10.865,178.532,g
126.397,56.7218,3.2597,0.1232,0.0619,79.3009,115.737,-38.7469,4.2599,32.8647,h
19.5683,12.8453,2.4091,0.4834,0.2476,10.6271,10.2146,-7.9696,29.1592,210.945,g
23.7453,10.2125,2.4057,0.5383,0.2731,-15.8988,15.849,-6.3678,32.932,209.954,g
216.8868,93.9395,3.6091,0.1137,0.0519,-222.3405,-152.3833,-111.9917,28.7696,166.265,h
138.357,26.5591,2.8639,0.2544,0.132,74.8236,154.428,-13.9542,53.558,184.493,h
41.8772,19.0863,2.9004,0.312,0.1629,-45.6985,-35.0592,-10.0775,54.952,207.601,h
101.236,18.7607,2.8516,0.2745,0.1414,-56.2555,-70.376,-5.4218,81.3618,154.153,h
13.0422,10.9575,2.1917,0.7588,0.4469,14.1654,-5.6023,10.4849,80.7484,163.041,g
23.5333,22.3093,2.7553,0.4026,0.2584,12.1317,39.3143,15.1211,78.9234,142.2549,h
44.3948,11.0711,2.6744,0.3852,0.2317,35.8881,32.6147,10.9139,1.465,185.662,g
28.8237,23.2382,3.159,0.3447,0.1793,0.2173,10.791,12.9162,85.2559,42.3574,g
23.7727,15.174,2.7046,0.4087,0.2142,33.9466,11.5616,-12.2635,10.926,190.183,g
65.7635,19.7758,2.679,0.3707,0.2126,-86.8678,46.0977,-16.4593,47.095,102.318,h
30.5259,18.7777,3.0141,0.3388,0.2125,8.0701,24.4051,-14.4611,36.426,68.4558,g
168.453,155.194,4.0676,0.0764,0.0387,8.1251,-133.068,79.2178,86.3874,242.215,h
102.152,24.0967,2.7792,0.3392,0.1887,-58.5274,-123.359,-20.769,74.1019,175.967,h
26.3029,12.1773,2.3936,0.4808,0.2848,8.8077,16.1439,-9.5715,5.4587,187.665,g
21.2163,10.8702,2.1732,0.5705,0.2852,6.1402,-17.9415,7.7792,27.583,189.783,g
88.9928,37.5409,3.8119,0.1587,0.0816,51.2458,62.8112,-17.7679,3.963,354.993,g
28.0299,20.3342,2.723,0.4011,0.2431,19.7285,17.2489,-12.1098,2.7746,79.8198,g
27.979,11.4756,2.5353,0.4169,0.2085,39.4151,6.6349,5.2675,13.894,194.725,g
81.2829,22.8049,3.3507,0.235,0.1215,55.4243,82.1744,-19.5611,4.074,295.106,g
22.8206,0.0,2.1222,0.7774,0.3962,-4.7544,14.8232,0.0001,44.9245,183.953,g
13.2257,10.8071,2.2028,0.7774,0.3918,14.9596,-0.646,11.8949,63.4889,197.707,g
41.7541,9.6036,2.5099,0.3431,0.1808,-60.0231,-14.9936,5.8015,59.954,72.9465,g
12.9287,11.3457,2.3493,0.7427,0.387,-15.0293,5.2195,-11.643,28.1111,147.619,g
30.9446,15.9522,2.8822,0.3751,0.1948,18.4557,-17.392,14.7736,4.834,183.768,g
19.5087,7.2712,2.3021,0.783,0.4165,4.527,-11.0091,-4.3818,45.7395,213.255,g
76.7307,24.2085,3.037,0.3021,0.1584,12.6502,26.3846,-17.545,3.436,354.313,g
18.794,10.1429,2.2148,0.5976,0.3079,-23.7845,-9.4294,-5.3422,35.5834,160.796,g
66.0494,19.0231,2.4893,0.47,0.2707,56.4694,45.4999,6.7123,5.112,271.724,g
58.1697,23.8012,3.5008,0.1963,0.111,39.7425,57.9644,19.4394,15.8268,188.191,g
27.054,9.966,2.2683,0.442,0.2345,-8.1857,-18.7555,-7.1238,14.518,67.5566,g
23.5152,15.669,2.8331,0.4699,0.2357,8.0791,11.0749,5.2289,6.411,167.022,g
84.6951,17.7647,3.0067,0.2285,0.1236,89.545,74.9496,-14.8782,2.2374,256.469,g
28.1159,15.6551,2.5472,0.3716,0.2057,-25.4921,-23.8238,-12.4067,3.465,218.68,g
62.7766,29.9104,3.3331,0.2475,0.1261,-33.9065,57.5848,23.771,9.9144,323.094,g
45.563,15.6202,2.7392,0.3099,0.1632,5.7199,14.5973,-7.1845,8.2167,171.72,g
100.811,22.8565,3.0864,0.1926,0.1201,-83.1851,-55.5834,16.674,3.8175,258.559,g
55.2401,25.4326,3.2,0.2265,0.1227,-57.1064,40.7969,20.7366,8.2751,270.904,g
12.4553,12.0213,2.0191,0.689,0.3493,15.6536,-7.1871,-11.0415,1.7809,242.263,h
114.5547,80.0698,3.9291,0.0805,0.0631,-56.6393,94.7292,-83.6275,0.2862,276.2978,h
11.8465,10.9758,2.4908,0.6086,0.3112,27.7157,24.577,11.4227,27.3756,171.9282,h
18.1576,15.9401,2.6201,0.5036,0.2818,1.1477,10.607,-9.6395,33.2818,56.8794,g
25.0418,12.4918,2.5676,0.4898,0.2751,-9.9118,-16.346,-10.247,72.807,207.1403,h
101.462,17.5033,3.2062,0.2451,0.1428,-95.0549,80.2234,-7.1155,22.298,332.449,h
21.435,15.6274,2.4786,0.3987,0.211,27.5445,6.9507,-7.6974,19.691,177.383,g
20.4351,10.9445,2.3365,0.5668,0.3018,-7.8342,18.168,-9.5896,73.5855,242.834,h
80.0424,50.341,3.8463,0.1054,0.0602,-104.127,47.4167,-39.2878,22.995,264.79,h
62.1149,22.0752,2.846,0.4376,0.2815,36.4973,64.601,-18.5252,22.76,227.69,g
19.8537,16.559,2.4298,0.4758,0.2546,2.6021,-11.2684,-10.9321,41.838,211.925,g
76.7226,11.2998,3.1154,0.2415,0.1453,47.9904,-26.6326,-9.1747,45.422,100.238,h
72.7908,23.7428,3.5405,0.1803,0.0903,34.9796,74.514,15.0871,4.2311,202.542,g
77.4731,21.0037,3.2168,0.2082,0.1168,-75.9844,43.6268,-9.7957,4.233,253.606,g
18.6708,16.0295,2.7608,0.4579,0.3131,0.69,-5.2808,6.7573,9.397,150.068,g
24.4446,14.3012,2.5539,0.4385,0.2304,1.024,21.6145,4.5104,20.8407,171.033,g
88.781,26.3649,2.9322,0.1788,0.0918,-55.4629,69.3623,-17.9457,83.143,165.895,h
221.538,56.9025,3.6164,0.1335,0.0778,-195.777,-279.352,34.0155,14.1535,309.58,h
63.0359,15.7418,3.2057,0.1818,0.0931,-0.0722,49.2069,-6.9608,1.9109,187.249,g
60.2834,20.7085,2.96,0.2412,0.1255,-70.8037,48.8328,-14.352,0.7044,269.191,g
19.8632,12.3814,2.3253,0.5106,0.2861,-3.1856,11.4313,-10.5833,62.678,96.431,g
62.5984,17.4377,2.9602,0.3003,0.1638,-87.3578,57.3342,-7.9474,4.397,253.104,g
62.98,20.8929,2.9608,0.306,0.1902,58.9848,39.0726,19.3223,61.3395,193.8582,h
20.9858,15.718,2.5611,0.4093,0.2184,25.5836,11.0775,-6.4609,53.01,111.763,g
44.1482,16.1695,2.3729,0.3814,0.197,29.1013,11.0392,-9.6475,26.329,193.915,g
33.2739,12.5474,2.6314,0.4439,0.2442,-10.747,27.2159,-5.0397,11.2284,176.5,g
76.6097,36.4165,4.0844,0.1027,0.0525,53.6165,67.8896,15.3138,1.3794,217.528,g
51.2164,21.3518,2.9576,0.3716,0.2111,-42.9887,31.882,-14.1963,2.325,296.595,g
21.1221,9.3478,2.2967,0.697,0.452,18.4225,20.1723,-11.544,75.3948,167.109,g
61.4489,24.0428,3.2683,0.1822,0.0925,-101.756,37.3025,14.8199,7.3758,262.074,g
40.944,21.4188,3.084,0.3428,0.1842,-0.3809,-33.6867,-17.5018,72.088,143.291,h
33.6476,21.4115,2.7532,0.2648,0.135,16.5014,-8.8087,17.5829,26.137,175.254,g
67.5331,23.5761,2.8488,0.4108,0.2727,-24.1748,-32.3389,-26.193,9.4092,316.038,g
27.6835,19.5474,2.6542,0.2971,0.1608,15.5486,-9.2544,-11.9985,17.02,104.301,g
25.4704,16.0388,2.5126,0.4547,0.2565,-20.024,16.0959,-9.4221,9.761,116.668,g
22.4095,18.5192,2.602,0.5693,0.3223,-5.7093,-14.4156,-2.7003,67.8662,119.858,h
25.8499,8.5086,2.5308,0.5626,0.3667,12.2595,10.3932,-4.4572,68.843,165.671,h
46.7632,16.9845,2.6417,0.5397,0.4021,14.9347,41.034,-15.0506,74.3218,128.8484,h
49.5791,18.9097,2.8097,0.2638,0.1292,-35.7738,-40.7214,8.0923,69.7057,39.3499,h
61.3494,21.7627,3.0941,0.2311,0.1461,38.7526,47.0683,10.7993,8.993,221.275,g
77.0603,14.9248,2.7259,0.3665,0.2566,-53.2244,-39.5128,-15.9558,2.565,288.182,g
17.5993,10.9228,2.382,0.5685,0.3174,1.1882,-6.4173,-5.8129,76.1895,229.774,h
24.1451,19.6937,2.4764,0.4307,0.2688,9.5297,16.9144,-14.222,78.7982,131.716,g
72.9275,29.0387,3.4131,0.319,0.1682,-32.9422,41.4062,-10.8754,3.908,353.292,g
69.4358,16.0666,2.4956,0.3471,0.1758,46.1161,71.9623,-10.8771,78.4354,161.377,h
65.7719,23.8371,3.2423,0.2015,0.1073,37.7426,62.2809,8.0582,0.555,234.476,g
62.8627,18.1501,2.7993,0.3032,0.1627,2.8006,-65.4025,-15.0973,52.882,182.57,h
40.2116,12.0067,2.4871,0.4723,0.259,18.5107,32.4196,8.0276,17.833,151.761,g
12.8312,11.4047,2.1775,0.711,0.4219,15.0189,-8.7413,-0.0746,21.9904,240.351,g
90.7973,19.278,2.6227,0.3194,0.1776,67.6997,88.5302,13.367,3.75,157.047,g
156.2011,27.1467,2.8786,0.3024,0.147,133.8251,115.19,-4.9812,76.5776,69.3105,h
107.602,27.1905,3.5818,0.1713,0.0895,-49.7722,64.0017,-9.2823,0.715,291.42,g
80.7382,21.9043,3.2156,0.1844,0.0934,-23.2585,82.872,-14.6357,1.789,251.585,g
74.6202,25.9007,3.3077,0.1881,0.1051,17.0072,78.9545,-20.2618,5.231,203.421,g
23.0076,10.6264,2.2648,0.5489,0.3016,23.656,18.97,10.3637,62.1533,168.74,g
86.4015,30.646,3.6466,0.1771,0.0983,-74.6932,50.0957,17.1267,4.1261,287.023,g
13.0542,10.9495,2.1189,0.7605,0.4449,-14.1919,5.4015,-10.6661,33.5722,97.4161,g
58.9157,14.6455,2.9469,0.2508,0.1305,-13.8449,44.5025,4.259,1.2832,242.224,g
105.264,41.3551,3.6546,0.1805,0.0909,-33.9941,78.1311,19.6724,5.8936,328.714,g
59.8603,21.2562,3.3684,0.1893,0.106,63.6435,51.307,-10.7345,0.1363,194.283,g
24.7632,19.4205,2.7934,0.362,0.1939,11.3692,10.7197,16.8285,30.8085,74.2206,g
74.9897,23.898,2.9225,0.2307,0.1213,30.6853,83.8321,9.6749,58.842,180.972,h
31.8013,14.9086,2.5711,0.3275,0.1919,-4.9424,9.4054,-8.179,21.5187,75.9731,g
49.0238,9.7021,2.7649,0.4089,0.2225,-44.8007,-29.8157,5.332,8.0425,137.463,h
61.6817,20.9866,2.8245,0.2776,0.1669,60.8003,14.4868,6.4615,49.9795,234.1881,h
35.2264,19.8659,3.099,0.2978,0.1596,38.1918,21.48,-11.4725,15.103,228.711,g
59.1921,25.7827,3.344,0.2319,0.1293,13.1784,31.4371,-19.3714,4.605,222.931,g
27.839,12.1042,2.3414,0.4374,0.221,5.5152,19.6753,-8.7548,2.843,172.756,g
70.6168,19.7858,3.1119,0.2048,0.1101,-80.291,30.0402,-11.7257,8.372,277.0,g
150.3933,73.1013,2.7085,0.2683,0.1785,-238.5789,151.6986,92.9326,42.0937,239.0954,h
27.6855,20.8327,2.4893,0.4246,0.2447,-25.7925,-17.5356,16.6199,37.548,79.6568,g
46.6814,19.0874,2.9408,0.3117,0.1874,-30.7316,14.8639,18.0861,77.979,101.636,h
9.9536,7.1107,2.2997,0.4666,0.3058,1.8871,7.3527,6.4305,50.6512,60.8781,h
96.883,32.3191,3.9381,0.1239,0.0646,37.0366,77.5127,21.0589,3.9652,304.103,g
19.4624,12.5574,2.3738,0.4989,0.2981,1.2733,-8.3848,-10.1565,15.001,140.915,g
49.711,18.5403,2.954,0.2317,0.1265,46.6148,33.7216,14.4988,38.0285,183.968,h
23.4921,16.1153,2.3531,0.5055,0.2905,9.4828,18.6075,-13.8144,21.221,248.012,g
92.2557,23.5058,3.1136,0.194,0.0982,-24.5885,66.72,-10.0515,0.224,250.36,g
47.4331,12.0319,2.2577,0.6077,0.3122,52.698,15.1033,-3.5878,18.4433,155.723,g
29.8151,6.0577,2.4222,0.5267,0.2451,-6.8689,19.1951,-1.059,9.7212,167.6524,h
17.7784,10.5071,2.2989,0.6281,0.3593,-1.9834,7.3963,-6.9946,40.5917,232.614,h
239.756,88.076,3.6011,0.1195,0.0618,-207.103,-274.828,55.9615,17.882,283.184,h
19.9109,9.3005,2.3927,0.6154,0.3421,23.6975,10.5138,4.5315,16.5079,159.443,g
116.3663,64.7152,3.791,0.0637,0.0583,-126.6309,77.6836,82.5549,22.462,217.2226,h
19.1573,16.9044,2.3334,0.5568,0.3782,21.4123,8.3021,-11.2506,11.763,129.953,g
35.0826,11.6809,2.7016,0.4115,0.2495,20.2943,27.6659,5.0863,4.466,260.512,g
21.4763,10.3156,2.3666,0.7288,0.3861,15.5219,18.6448,-2.4377,33.5626,263.1362,h
34.5605,12.149,2.6395,0.4312,0.2672,14.9886,24.5061,7.337,6.123,145.628,g
26.1602,9.7963,2.3473,0.4899,0.2584,-9.6514,13.5184,1.3333,20.6134,198.947,g
112.7716,8.4152,2.4899,0.6626,0.3489,-150.4698,93.1629,-12.6108,65.6261,220.8814,h
67.7987,38.6783,3.1504,0.2652,0.1588,-43.4277,-50.0191,-22.3954,78.1631,200.796,h
47.8281,19.7515,3.2392,0.2543,0.1289,28.5766,34.306,-14.579,3.53,244.304,g
60.7813,29.743,3.2778,0.1319,0.0767,53.5658,35.8867,12.2215,66.0307,86.0362,g
32.0868,17.982,2.7497,0.3007,0.1699,5.5964,-19.4625,5.2032,8.974,86.0026,g
40.9772,22.1263,2.9162,0.2523,0.1474,9.6277,8.3364,18.4596,7.2427,195.102,g
44.7018,23.1111,2.8322,0.3835,0.1919,-15.4115,-38.9734,7.362,43.7833,224.231,h
75.3265,25.881,3.6141,0.1743,0.0937,30.375,65.9936,12.7916,0.2422,286.684,g
41.7005,19.1167,2.7931,0.2222,0.1167,65.2111,30.5875,12.7169,22.7226,149.869,g
108.67,71.6514,3.1803,0.1677,0.0895,-168.871,113.663,51.0374,53.8636,315.586,h
38.1296,16.2913,2.9199,0.3115,0.1654,-14.8362,25.7342,10.8122,0.2439,246.513,g
44.9617,29.0237,3.1425,0.2067,0.1098,-15.3986,35.5255,16.1164,60.1912,106.293,g
218.7697,89.6099,3.7535,0.0709,0.0602,62.1269,-133.2216,-40.7504,88.1886,271.977,h
93.4152,35.8718,3.9292,0.1263,0.0662,-42.7157,65.1396,-29.4739,4.106,287.049,g
21.0242,7.1132,2.0149,0.6957,0.3527,-24.8074,-8.9055,6.1742,47.2668,152.297,g
32.5176,21.9844,2.9814,0.262,0.1644,-7.4439,-18.7595,-16.7651,10.0602,122.95,g
73.2198,18.4237,2.6493,0.343,0.2007,57.6939,66.7052,7.5046,78.429,32.1918,h
22.2988,15.579,2.6675,0.5828,0.3968,-14.4378,-21.103,-12.2263,43.694,150.459,h
39.2466,24.2978,3.1817,0.2468,0.1471,16.6391,26.7323,5.3645,18.4082,165.523,g
27.7808,12.187,2.5051,0.4531,0.2484,-24.7152,-22.5079,-5.4611,83.101,232.06,h
38.428,13.1662,2.658,0.378,0.1945,-6.189,18.6374,8.3616,11.2076,161.266,g
48.4003,19.2028,3.1793,0.1946,0.1122,22.8038,23.8349,10.1686,8.0926,189.243,g
103.048,28.2962,3.0962,0.2965,0.151,-114.156,-77.29,-10.6791,2.759,373.338,h
30.0611,25.0721,2.5798,0.2895,0.1513,-28.6099,12.3625,-15.2771,16.3955,262.316,g
34.9205,15.9621,2.8457,0.3267,0.1762,15.8025,11.8249,11.9768,9.59,154.712,g
38.1364,18.336,3.0356,0.2616,0.1469,30.2336,20.9361,11.8556,10.124,192.834,g
50.3232,18.5832,2.7749,0.2385,0.1301,-37.3059,-43.8958,-13.465,61.1893,196.905,h
45.2953,10.8189,2.7392,0.3154,0.1577,21.8341,21.4259,7.4897,4.313,230.252,g
28.6554,11.0856,2.5944,0.4478,0.2684,19.6967,-15.6794,-10.9116,51.315,225.752,h
80.0206,24.5151,2.7839,0.3109,0.1719,-103.528,65.5604,-16.43,30.1986,277.589,g
14.6095,12.2051,2.2989,0.6834,0.4146,0.7501,3.4973,-7.9362,21.3448,222.205,g
43.0781,22.9823,3.083,0.2107,0.107,9.2348,31.1854,5.6906,23.884,120.316,g
39.0281,9.4129,2.7336,0.4044,0.2151,32.9133,20.8016,7.7568,31.528,160.542,h
38.6668,20.1272,2.9727,0.2737,0.155,17.8267,29.1279,-12.2051,6.4438,242.514,g
34.1637,9.4153,2.769,0.5055,0.2834,-9.194,17.1486,6.306,64.752,109.449,h
17.0052,11.2854,2.3979,0.568,0.306,-1.6498,6.6965,4.7586,52.599,169.947,g
32.0001,11.4658,2.4949,0.3648,0.1936,-28.5714,17.6233,7.953,15.096,101.912,g
97.7809,31.7577,3.799,0.1217,0.0635,71.0966,87.5724,22.5111,0.3308,267.293,g
202.278,41.4567,3.1278,0.3454,0.2033,-238.3326,149.3121,-31.7013,22.8953,217.1652,h
17.1349,11.1551,2.356,0.5771,0.3194,2.1347,-7.3279,-5.7304,8.1236,186.055,g
94.7976,10.0175,2.5938,0.4484,0.2968,-109.386,-39.196,5.6318,3.343,252.541,g
26.1518,16.6008,2.5237,0.4401,0.238,11.846,15.135,-12.47,10.531,122.036,g
128.703,29.7823,2.7853,0.2967,0.1533,-11.5698,-165.327,21.0125,45.0304,185.718,g
109.965,72.0185,3.3227,0.186,0.0977,-50.0314,55.547,94.3075,56.568,312.754,h
24.0872,0.0,2.081,0.7469,0.4191,-25.0209,-16.2725,0.0,37.3886,213.934,g
29.6058,18.3168,2.6207,0.3162,0.1617,-25.1013,8.5763,-11.3778,9.0521,134.291,g
18.1938,12.0311,2.4257,0.5741,0.3884,2.9874,-9.6578,11.2342,7.6823,63.5566,g
20.1181,7.2995,2.2,0.7382,0.3943,-2.4558,9.6525,5.3895,45.3983,150.545,h
47.9495,27.7213,3.0075,0.1808,0.0919,30.5484,11.0123,17.5218,11.218,178.368,g
135.803,22.4552,2.9952,0.3741,0.2068,-106.407,65.9063,-20.2775,57.995,275.675,h
76.2691,28.3801,3.3471,0.1093,0.056,-122.106,51.0922,13.2275,4.1242,219.472,g
32.4831,21.9917,2.7697,0.3076,0.1895,-25.4298,-15.632,-20.6997,3.827,157.37,g
52.5731,20.4082,3.1411,0.2789,0.1507,31.586,50.7135,14.2752,10.364,217.54,g
36.5911,22.5984,2.5838,0.399,0.2282,-55.1437,30.195,-10.4971,9.497,125.626,g
88.6415,30.3987,3.5726,0.2403,0.1323,6.261,53.8696,-13.9606,3.1897,347.92,g
15.1434,11.7337,2.2976,0.7229,0.4471,5.2189,2.8942,11.8494,49.8144,179.1399,h
21.308,12.3983,2.4464,0.5295,0.3095,-16.655,-15.3605,4.747,7.3869,151.445,g
81.6056,22.5233,3.1303,0.1486,0.1056,-100.2575,41.2812,21.7725,72.2289,101.8665,h
20.5762,7.3068,2.3882,0.7122,0.4974,1.9946,17.1615,-4.5782,68.0969,175.4358,h
39.9538,24.8292,3.3153,0.2385,0.1362,19.2151,33.1294,13.6998,0.139,127.164,g
22.1311,9.9695,2.3655,0.5948,0.3168,23.2794,18.1866,10.9782,34.198,179.343,g
21.6208,16.5914,2.6698,0.4257,0.262,27.3897,9.4802,10.3581,34.221,230.005,g
30.803,13.1578,2.6352,0.4338,0.2788,-2.8666,18.4847,8.8008,69.8058,76.1121,h
47.9344,26.9059,3.1425,0.2189,0.1329,51.3517,30.7583,-13.7954,25.8692,169.83,g
19.2365,10.0426,2.1903,0.5484,0.2806,-25.646,-5.2548,-4.0882,41.0769,207.04,h
12.8,11.5562,2.0774,0.728,0.3724,-15.1368,5.1334,11.5975,12.23,45.7994,g
96.995,32.6711,3.6657,0.2233,0.1124,-7.5877,24.3333,-20.9138,0.9411,320.636,g
31.4779,15.3876,2.6243,0.38,0.196,12.1634,26.6549,-7.7743,0.2487,222.136,g
75.5326,29.0068,3.2583,0.3608,0.2232,34.4086,-47.649,21.1596,2.405,365.045,g
70.5873,25.2781,3.3779,0.2077,0.1154,61.9726,79.9268,-12.0857,1.0197,140.838,g
20.7037,6.6898,2.1717,0.7811,0.4815,19.4563,15.8595,-5.8671,10.772,97.6663,g
14.4823,9.7655,2.76,0.6282,0.3607,-15.6038,13.1163,6.9745,42.7294,70.4155,h
33.0706,6.9019,2.5218,0.5744,0.3263,6.9405,-13.3088,5.861,33.8447,38.7364,h
59.0366,29.638,2.8663,0.3116,0.1939,-87.4464,39.6096,15.6997,32.414,291.66,h
38.8861,18.1801,2.6749,0.3256,0.1871,-0.2124,-27.1004,12.5623,13.175,243.835,g
12.4763,11.9963,2.2776,0.6913,0.3509,15.6267,-7.1308,11.0747,49.9854,134.658,h
27.6262,8.297,2.1903,0.5935,0.3581,-13.8752,-20.01,-5.2247,46.468,87.6366,g
18.1899,15.2937,2.3844,0.539,0.3168,0.7575,23.3691,6.2905,6.8119,55.9963,h
23.8241,18.6198,2.4265,0.4195,0.2341,-15.176,-11.638,-10.6607,12.249,95.0414,g
16.6936,11.8347,2.3681,0.5915,0.3298,2.021,2.6612,-7.6558,24.712,195.9181,h
113.6923,26.5992,3.1136,0.3055,0.1502,-155.9986,65.6331,-17.7282,1.7329,377.0728,h
64.3202,35.1645,3.2496,0.2798,0.1849,-32.0241,-40.8468,23.9417,0.217,308.944,g
51.3827,21.0491,2.9526,0.2733,0.1478,-3.3363,63.6913,-9.6173,15.231,127.817,g
32.9693,23.4377,3.0392,0.3161,0.1622,26.306,22.6908,-18.8982,12.5002,175.6,g
64.7936,20.0296,2.9638,0.2728,0.1375,-62.1896,41.5569,12.5316,25.823,282.647,h
58.8727,25.4116,3.2527,0.1632,0.0835,36.2002,61.0861,-6.8907,53.831,124.927,g
118.009,77.918,3.2338,0.3339,0.2011,-31.8163,-156.455,52.1582,37.9059,350.69,h
22.6397,10.2608,2.1492,0.5603,0.3156,23.4366,18.6537,-10.8294,14.3756,251.28,g
52.3043,29.4023,2.9126,0.2041,0.1041,7.9521,36.514,-18.0689,76.2366,232.2801,h
33.0329,13.7144,2.8485,0.3373,0.1779,29.5802,19.6898,4.5723,26.7862,259.495,h
142.177,62.2637,3.1089,0.2335,0.1179,-105.193,-149.97,45.9173,64.802,222.395,h
261.8295,145.9831,3.8705,0.125,0.0449,-332.3367,-75.5524,-77.8385,69.0079,95.9173,h
34.8906,15.7072,2.7147,0.3587,0.1938,-8.5682,-12.6514,-14.3676,89.792,222.469,h
35.8248,13.4182,2.6656,0.3715,0.1998,50.6212,17.5123,13.0549,6.6856,217.976,g
38.2958,25.2188,3.2179,0.2446,0.1474,11.8825,-26.1429,-13.751,18.358,209.279,g
26.3818,18.8678,2.5533,0.4448,0.2699,27.2783,21.3071,8.2853,33.2311,195.472,g
25.3727,18.168,2.5146,0.6313,0.3424,9.9429,15.3253,-8.7235,28.3989,108.568,h
39.1755,26.3821,2.7966,0.345,0.2005,-38.1241,25.4219,17.0574,6.4974,299.173,g
14.3587,10.5595,2.2995,0.4697,0.2872,0.5447,-21.2655,-10.9281,82.9011,133.4632,h
195.5844,22.4222,2.9547,0.3073,0.1987,-247.1927,126.2955,-12.1278,4.8756,168.5293,h
36.1321,13.7532,2.5658,0.4946,0.3274,10.6389,35.3679,-8.5781,4.167,220.93,g
61.7854,23.0115,3.041,0.283,0.1479,-46.8123,58.0699,-15.2829,0.2111,294.287,g
86.0824,21.9899,3.2111,0.3063,0.1694,-9.4362,73.3955,-19.9444,1.878,351.979,g
72.6148,18.7599,3.0241,0.2535,0.1433,-91.7469,38.2462,-18.417,56.6254,282.605,h
18.8573,11.9122,2.3793,0.5511,0.3779,1.2665,-8.0744,11.3681,88.8278,111.74,g
149.484,71.922,3.5434,0.2444,0.1269,-60.584,-145.706,-61.7931,57.703,357.6,h
114.427,14.5557,2.8754,0.3678,0.2005,-78.1668,-103.334,-7.9818,51.8893,173.274,h
30.3852,18.483,2.7631,0.3279,0.1734,-33.9009,-18.1427,-7.3238,66.1224,87.2712,g
37.385,16.1595,2.6618,0.4227,0.2582,32.1823,21.9007,-10.2043,5.3907,162.864,g
116.6896,71.7364,3.237,0.2074,0.1018,-75.9321,-56.2652,63.4859,71.8786,322.775,h
45.7402,18.7901,3.1214,0.3032,0.2038,23.032,36.0472,-13.7466,4.7763,181.076,g
58.2087,20.5589,2.6632,0.3214,0.1726,39.0342,45.1295,11.4194,2.861,273.628,g
33.7757,17.5674,2.7011,0.4199,0.2458,-25.2803,-25.8761,9.4229,1.314,231.062,g
67.5844,14.7835,2.7631,0.3934,0.1993,51.7179,66.5987,-8.2886,1.0325,159.286,g
28.9066,15.8251,2.6425,0.3462,0.1948,-0.9586,15.7434,11.4215,23.9718,164.343,g
30.208,7.9626,2.1931,0.5128,0.266,-40.7532,14.632,-5.1431,5.508,197.854,g
18.0601,14.4363,2.4281,0.6903,0.3825,4.5549,13.7742,-9.1656,9.44,112.538,g
13.1234,9.9102,2.1917,0.8103,0.537,11.9726,8.2394,-10.2116,9.046,41.3399,g
83.9807,50.6852,3.5779,0.2196,0.1503,-5.3041,89.3562,-23.2253,59.7327,316.872,h
19.0828,12.085,2.6056,0.5541,0.2968,-2.6998,16.489,3.5801,45.0719,105.1441,h
14.3633,6.543,2.253,0.6006,0.3084,-4.5373,10.3337,-9.1807,29.3263,123.2348,h
84.4803,19.549,3.1239,0.2444,0.1252,-50.8404,45.7928,-10.491,36.953,295.229,h
19.5643,12.8904,2.4661,0.4923,0.2718,15.8812,11.0682,-5.2896,1.7384,195.067,g
20.3039,9.1894,2.3096,0.6176,0.3505,23.8253,10.6663,3.4761,21.937,81.9677,g
87.0127,30.2997,3.3364,0.1576,0.0873,51.4855,71.4963,-25.0331,1.9882,248.285,g
43.269,19.0051,2.9511,0.2764,0.1461,31.9451,26.9287,-8.8186,4.97,139.805,g
71.4886,23.9922,3.2861,0.2111,0.1079,-46.5365,54.7414,-17.1485,3.3555,283.428,g
27.214,13.6679,2.546,0.4166,0.1968,24.607,1.9001,-8.1902,55.9207,34.2552,h
72.9815,24.8335,3.1974,0.1853,0.0936,32.6597,67.6604,16.271,2.203,239.302,g
35.1053,7.433,2.4426,0.5872,0.338,-15.3994,-13.3253,3.7285,88.1033,136.254,h
46.2731,20.8327,3.4422,0.2648,0.1476,11.3595,43.0572,-8.9649,2.9498,250.51,g
61.4825,16.2288,2.9063,0.3102,0.1632,59.1353,52.0794,-5.7285,3.9773,147.172,g
27.1686,10.3316,2.7701,0.5671,0.2844,31.1734,22.8872,-11.8885,26.81,185.796,h
22.7184,8.7598,2.4346,0.6544,0.3842,-22.5433,-18.7684,-11.1051,6.1543,174.7,g
12.3403,12.1511,2.1189,0.6768,0.3384,14.9979,1.0015,-11.0697,7.271,272.18,g
13.3657,10.4908,2.1717,0.7946,0.4141,-14.6938,-3.5519,-11.8719,5.5558,151.915,g
22.8388,10.5252,2.643,0.5893,0.3606,24.3207,16.6751,11.8976,2.1032,114.393,h
73.882,26.8179,3.4736,0.1506,0.0778,-69.0678,51.8924,6.9457,1.6503,260.79,g
23.2215,12.8403,2.5735,0.4993,0.2577,-28.8316,11.9236,9.0575,4.861,102.303,g
85.5376,14.5196,2.8689,0.288,0.1792,84.7651,68.295,-8.8467,87.2812,77.4157,h
37.9632,24.1878,2.8354,0.2264,0.1468,37.7066,19.804,14.8819,1.7101,186.551,g
102.814,24.6349,2.889,0.3602,0.2163,-118.404,73.4539,25.7711,3.458,223.154,g
41.2042,14.1489,2.8811,0.3379,0.1953,-12.991,33.551,7.0878,3.3282,203.344,g
64.3483,31.637,3.5569,0.149,0.0759,29.2215,59.7345,-26.0566,14.2235,163.92,g
54.2845,17.4844,2.6217,0.4683,0.2927,-14.1093,-62.4836,-16.2378,1.7076,211.699,g
71.6368,35.1325,2.9289,0.4747,0.2621,26.9998,69.6237,-29.6651,31.114,343.792,h
35.8244,12.9203,2.6493,0.5045,0.2859,-44.3482,-15.3436,-10.9358,83.5162,220.13,h
31.5058,28.4885,2.7701,0.2347,0.1097,11.8224,25.4775,16.6744,84.0498,67.9455,h
18.5177,11.3278,2.3766,0.6891,0.3845,-13.1359,-18.0052,7.7391,58.404,141.675,g
19.4819,18.1986,2.233,0.5614,0.2895,-27.0484,11.9733,-17.5549,36.406,89.6618,g
30.2932,9.8995,2.8739,0.3393,0.1639,37.8472,33.3167,3.4861,38.8759,252.9946,h
163.4418,50.7677,3.0004,0.2449,0.1579,-57.6677,-127.0888,-47.442,33.5233,175.0866,h
64.3901,28.236,3.2758,0.212,0.1142,25.0799,77.6102,-18.2398,4.354,182.851,g
258.5767,154.4648,3.5145,0.0576,0.046,381.2499,-181.1397,-120.4308,58.9818,184.4086,h
136.416,88.1951,3.9794,0.0368,0.0189,43.723,125.687,23.7715,78.348,196.897,h
46.207,14.5258,2.752,0.4566,0.2381,26.4907,48.9698,-12.9092,53.6761,75.3486,g
30.8869,14.5951,2.7885,0.3938,0.24,-9.2235,16.341,6.2712,9.0144,120.91,g
75.5105,13.2005,3.068,0.2249,0.1253,27.6299,33.8245,9.1664,60.555,223.784,h
69.6536,32.811,3.1655,0.1858,0.1042,-81.4523,-54.0003,-25.4955,4.42,247.971,h
54.4773,14.0922,2.863,0.2125,0.109,67.188,38.4967,-6.2183,0.343,225.478,g
88.094,24.7104,2.6707,0.4141,0.2529,-32.9428,-106.863,16.7336,12.3715,106.37,h
48.6307,22.8507,3.3797,0.2299,0.1191,48.98,42.1381,10.5273,6.54,109.076,g
64.4978,19.6105,3.1316,0.1721,0.0919,1.5001,42.9179,-12.3246,6.772,227.296,g
45.2271,20.198,3.0273,0.1934,0.1009,-10.6116,-27.1633,-8.8057,10.09,217.413,g
66.8274,21.7998,3.0172,0.2259,0.1168,68.8418,36.3902,17.3318,7.5468,257.381,g
28.085,12.8567,2.5927,0.4981,0.3282,2.4313,13.0427,-6.9039,25.4082,179.107,g
45.3702,14.1142,2.8711,0.3681,0.2374,48.4971,44.3623,-2.5584,16.8293,250.4226,h
48.8212,20.0793,2.7955,0.2594,0.1321,22.6735,37.6438,20.191,4.4742,239.736,g
16.8917,11.3907,2.2122,0.5767,0.2914,0.643,-4.8717,2.4775,73.5609,93.9419,g
128.5801,23.1532,2.5854,0.3359,0.2047,34.2714,113.4713,17.7786,75.5197,132.0683,h
33.0524,15.7139,2.7675,0.3467,0.1904,3.4948,12.7243,8.7459,10.977,138.278,g
30.7493,13.7197,2.3865,0.3244,0.1663,12.7907,15.8683,-4.076,2.817,142.86,g
184.585,124.715,3.7929,0.1104,0.0637,326.401,-181.21,-164.14,87.365,210.34,h
119.0001,54.4566,2.9583,0.1383,0.0995,-143.2779,47.1491,31.8791,5.9524,148.1588,h
69.4989,15.3852,2.5004,0.5308,0.2923,59.2412,60.3971,-6.5562,4.266,255.814,g
21.927,12.4392,2.3294,0.4824,0.26,-29.3971,8.5547,9.0607,8.4031,157.321,g
13.1792,10.7678,2.2,0.776,0.4385,14.2227,-1.3856,11.4323,44.1499,72.3157,g
21.4777,16.4931,2.3936,0.5333,0.3091,-17.0913,-18.2229,-5.1426,43.6228,137.283,g
95.6747,39.4454,3.972,0.0997,0.0542,-3.1486,82.3899,-37.7369,3.175,282.929,g
30.4,14.4649,2.5359,0.3843,0.2023,25.8478,18.9893,10.7703,22.81,240.302,g
23.3515,16.828,2.5496,0.4288,0.2355,2.8999,18.1489,8.919,7.2523,212.751,g
23.4599,14.4053,2.574,0.5467,0.3347,5.8943,18.4407,-11.2762,14.3269,95.0606,g
46.5394,20.4341,3.0197,0.1997,0.1056,-55.642,21.1884,-14.2453,7.146,179.398,g
41.984,17.7441,2.9017,0.2596,0.1323,23.1689,22.3596,-8.5718,7.9241,214.701,g
81.2204,28.6463,3.6016,0.2255,0.1518,-20.3156,62.6239,-14.4895,5.123,309.602,g
21.1286,12.6477,2.5218,0.5895,0.3654,20.4751,19.5594,5.9315,24.538,173.304,g
32.3176,12.9147,2.7427,0.4213,0.2685,11.6103,26.2194,-10.7021,12.306,192.904,g
64.3131,17.1774,2.6196,0.3289,0.2101,60.6011,62.0226,-13.2526,6.749,33.7399,g
30.6525,18.9983,2.7774,0.3573,0.2028,24.3228,13.7714,13.5634,37.007,27.187,g
31.9789,16.2532,2.6107,0.3407,0.1801,-25.5846,-11.0711,10.0324,15.3064,166.687,g
21.4854,12.5359,2.4495,0.4654,0.2682,27.5952,9.4869,-8.919,18.0829,210.911,g
23.531,13.698,2.7101,0.5166,0.2856,19.4947,23.0666,4.25,35.1268,171.786,g
49.174,26.3445,3.0684,0.1794,0.0901,7.4008,39.0569,22.9644,8.5555,158.671,g
18.809,11.1305,2.5496,0.6037,0.4245,0.5645,-3.0608,11.8176,75.574,222.591,h
27.8762,17.4013,2.7701,0.3735,0.2334,-0.2337,-18.5089,-11.9716,11.5874,195.272,g
79.8079,23.1663,3.3959,0.2126,0.1115,-15.812,72.6058,11.8978,1.1324,323.819,g
17.7369,16.7818,2.6015,0.5131,0.2941,22.0583,6.1825,-11.7637,12.1313,206.941,g
35.3473,9.391,2.7608,0.4493,0.2385,31.0011,25.2467,5.2053,81.7432,254.38,h
31.034,12.874,2.6474,0.4257,0.2196,9.2704,24.718,-7.5406,6.308,160.135,g
41.0274,19.2417,3.1433,0.2301,0.1355,-9.0591,-22.5224,9.471,11.5205,201.967,g
25.4837,16.0308,2.6165,0.4111,0.243,-9.4206,-5.492,-9.5995,25.723,229.144,g
44.5915,14.6315,2.7202,0.3505,0.201,-53.0322,-24.2456,-10.8284,6.6863,183.489,g
117.7727,55.9569,2.9587,0.2763,0.153,-140.9278,90.7397,37.0438,56.5301,305.8042,h
51.0604,18.9819,3.0821,0.2649,0.156,6.6605,44.2933,6.0816,2.281,173.32,g
22.9561,11.7472,2.4609,0.519,0.282,11.2829,7.3312,-5.2572,11.3196,195.301,g
20.4949,8.4959,2.4116,0.6744,0.4516,20.0534,15.4163,-2.4494,51.998,114.486,h
80.393,24.7088,3.1874,0.317,0.1738,0.9793,43.4367,-14.4227,0.3113,341.943,g
12.6472,11.7739,2.0065,0.7094,0.3695,-15.5719,7.6167,11.0509,5.88,171.3,g
54.9452,11.3293,2.8854,0.319,0.2012,-14.0427,-29.1187,8.0343,10.123,65.0085,h
35.8341,21.9779,2.7864,0.2649,0.148,21.3774,-18.5377,17.1248,6.11,151.76,g
141.3718,31.7502,3.1081,0.2803,0.131,-234.3691,156.3477,12.4636,13.8145,174.8919,h
76.1336,23.7964,3.3493,0.2228,0.1125,31.722,57.4564,14.0854,0.5748,265.939,g
13.0133,10.5199,2.2188,0.7674,0.5045,12.8519,4.3884,7.8762,31.914,147.726,g
22.0672,12.6997,2.3493,0.4966,0.2528,17.1709,11.1048,7.6263,52.585,195.671,h
37.149,15.6313,2.4556,0.5429,0.3135,-20.8306,-28.8526,-12.6656,13.729,159.411,g
26.1702,17.3918,2.6299,0.3775,0.2145,3.3366,23.0898,-16.6961,73.17,43.7272,g
109.716,14.1949,2.5104,0.48,0.3356,-136.6846,94.0069,-11.7512,62.4241,241.5979,h
42.027,19.8294,2.5378,0.2928,0.1493,10.6125,-21.2785,-11.3906,4.897,118.085,g
18.9595,4.6139,2.4571,0.6909,0.3886,-22.058,-7.4096,-3.446,88.4132,90.5856,h
22.0656,10.8881,2.4338,0.5304,0.2744,15.8718,-16.3465,-0.5974,48.996,32.537,g
47.7879,22.1017,2.939,0.1968,0.1064,62.1338,23.9245,-11.1213,8.5086,180.752,g
20.1074,15.4451,2.4232,0.6,0.3264,25.3906,-6.7434,-17.2455,1.635,180.783,g
94.7524,42.9794,3.9488,0.1286,0.0663,14.8095,47.6018,23.6794,2.9513,344.101,g
141.569,29.0156,2.9039,0.3943,0.2027,-165.174,58.1828,-22.0201,51.4316,246.989,h
35.0215,23.4708,2.6949,0.295,0.1748,22.2754,21.2653,4.5088,77.8227,84.7015,h
18.8702,17.3869,2.5971,0.4273,0.2617,-2.3098,10.5829,-8.5241,50.0777,155.048,g
63.7733,27.8348,3.6693,0.1537,0.0778,25.2265,56.9755,-6.3598,0.9347,189.7,g
22.2664,10.1037,2.1553,0.5385,0.2902,4.0873,-16.687,9.9861,21.435,161.457,g
54.8736,15.18,2.5422,0.4189,0.2769,14.4831,53.7051,8.0421,3.4462,181.609,g
58.6548,24.3642,3.4442,0.1553,0.0789,57.9854,48.6375,-12.2491,1.0525,254.674,g
50.026,23.5099,2.9375,0.2945,0.1553,4.7615,-18.9508,12.0203,9.4937,265.398,g
44.4845,13.9986,2.7619,0.3183,0.1964,18.3608,26.1503,-2.1074,78.462,203.951,h
20.7584,10.7436,2.1703,0.5878,0.3142,-6.1072,17.4334,-8.0842,66.17,150.943,g
65.5959,21.7916,3.0821,0.1929,0.1113,34.6044,35.616,6.5158,3.7884,217.317,g
30.2787,14.4192,2.7344,0.4442,0.2332,21.2478,24.5918,-10.8637,5.858,122.236,g
24.0496,11.1987,2.4541,0.5413,0.3462,-9.0811,-22.1902,-5.3982,29.9911,172.896,h
120.9419,74.7318,3.9184,0.0775,0.034,-80.7203,-33.8089,-6.6782,3.801,245.6392,h
72.6772,29.3901,3.3268,0.1282,0.0662,-107.161,60.2754,-14.0027,1.7119,223.12,g
19.4502,9.1554,2.3324,0.6651,0.4302,19.7267,14.5702,-4.3676,36.3441,182.013,h
84.4865,42.2682,3.6857,0.2056,0.1034,-31.8597,15.3222,-32.5168,7.9479,391.875,g
47.4846,23.3882,2.9385,0.2154,0.11,76.1369,-32.53,11.4219,3.0261,224.298,g
21.1481,17.8419,2.5192,0.5567,0.3525,13.5904,21.0494,-7.5893,3.895,196.063,h
35.8515,18.2228,2.9823,0.3436,0.2146,-8.7034,-0.2338,-12.0113,9.8815,86.4843,h
30.1563,11.9646,2.5422,0.4419,0.2626,6.1629,-13.5594,4.3853,18.682,78.7342,g
87.3797,25.1646,3.516,0.2115,0.1272,-20.6676,69.6443,-10.2593,0.9488,318.67,g
14.3194,11.6769,2.42,0.692,0.4886,3.2899,7.4801,-9.9465,17.439,107.639,g
26.3148,18.4591,2.8274,0.3884,0.2418,7.8003,-12.8794,-14.3551,13.776,117.24,g
20.9598,9.5091,2.4702,0.599,0.3287,-25.9203,14.9631,-3.4651,85.9225,158.1783,h
83.534,39.6402,3.243,0.176,0.1043,71.0278,95.8359,34.8795,22.571,160.652,g
169.378,110.05,3.5601,0.1815,0.0935,-97.6401,85.5289,-74.4955,84.3716,349.336,h
86.8056,66.7777,3.2433,0.3038,0.1967,-52.7904,-89.7377,67.0194,10.2401,303.671,h
78.7228,16.1085,3.1596,0.2763,0.1666,50.8437,72.2015,8.0076,1.585,209.641,g
17.3807,10.7395,2.3032,0.607,0.3756,-0.4625,4.1739,-7.2982,66.181,62.4956,g
13.5435,10.0373,2.2999,0.817,0.4336,-14.4406,-5.0898,11.8049,18.6383,203.803,g
53.423,9.3966,2.9402,0.3624,0.1822,17.2184,35.4342,-8.7038,59.8563,237.4342,h
32.2241,14.35,2.3738,0.5116,0.2727,37.2377,18.0815,-8.8684,2.2101,204.417,g
78.6643,22.664,3.1861,0.2599,0.1463,-38.1071,49.589,12.6546,0.7026,292.331,g
85.1967,36.7234,3.8162,0.1539,0.0819,0.2599,58.8622,-20.6351,1.473,330.595,g
81.0903,37.7359,3.4873,0.1521,0.0926,-96.9642,63.0869,18.4721,3.6095,264.495,h
162.722,65.6073,3.3965,0.1902,0.1073,-278.469,129.747,-40.4968,35.443,261.758,h
18.8209,15.2333,2.7308,0.5149,0.2872,-1.8074,12.8161,8.1871,51.214,189.946,g
43.2456,35.685,3.4692,0.1599,0.0844,5.5244,37.2119,19.9618,11.8193,128.238,g
22.0396,16.2619,2.5575,0.5097,0.3144,8.6338,18.1957,14.5208,31.06,230.924,g
22.6811,11.55,2.3918,0.5761,0.3103,-4.6492,-20.3147,-6.0344,65.647,116.332,h
55.968,14.1856,2.7745,0.2672,0.1571,54.6299,-28.4815,12.3666,19.1473,222.656,g
13.167,10.3861,2.2028,0.79,0.4922,-13.0672,-6.0547,-10.5905,26.148,156.114,g
208.706,101.9,4.4759,0.0549,0.0286,-283.201,-129.488,87.4125,84.4992,355.353,h
74.7353,16.1675,3.0979,0.289,0.1153,-96.1394,34.1375,13.6767,27.7082,279.1457,h
63.9494,21.9903,3.4432,0.2152,0.113,-58.7422,61.6217,14.8788,2.881,281.351,g
22.6229,11.5584,2.4935,0.5746,0.3002,12.1046,20.3062,4.6293,46.08,174.404,h
17.1862,7.246,2.3064,0.8395,0.5506,4.0834,4.4909,-5.4289,12.358,81.6967,g
12.9733,10.889,2.2822,0.7415,0.4726,13.6981,-6.1525,-5.7418,12.1984,172.193,g
32.6779,16.3144,2.6425,0.3371,0.1697,-6.0921,-26.9678,-12.2175,19.517,180.212,g
31.1619,12.4768,2.9289,0.3863,0.2079,-10.5627,13.476,-10.1215,27.917,204.543,h
16.1567,4.9839,2.2239,0.792,0.6051,-14.5815,-3.4587,-4.6634,28.157,77.9519,h
29.8353,11.3519,2.4449,0.489,0.2948,9.9236,-9.0429,16.279,17.1944,230.5486,h
27.6587,18.1611,2.6721,0.3596,0.2032,3.3993,6.7005,16.8607,24.5664,190.287,g
67.3236,49.5819,3.3536,0.1068,0.0583,46.2787,-23.886,-27.4914,14.071,190.174,g
16.8537,7.3805,2.3191,0.8106,0.5779,-1.3889,-4.8314,5.1713,24.289,86.004,h
21.0426,10.2196,2.2625,0.5847,0.3306,-5.7606,16.9883,10.1976,14.5078,175.703,g
141.9091,34.0649,3.2953,0.2417,0.1856,-200.6945,-23.6763,20.0167,36.9793,325.0043,h
31.8987,23.787,2.9462,0.2377,0.1375,-32.1377,-9.3855,-13.76,5.2291,149.742,g
31.9679,26.3693,3.0512,0.2764,0.156,5.2054,21.9528,12.7968,18.3196,224.432,g
57.482,19.6322,2.8531,0.2426,0.1269,94.716,-41.8713,10.5286,4.9204,251.694,g
72.1747,9.7887,2.9621,0.3013,0.1267,73.2587,34.1685,5.9555,29.0584,165.1348,h
58.7853,29.6339,3.4814,0.1479,0.0741,-6.4259,39.3732,-14.3964,5.136,209.087,g
95.6239,27.8725,3.8914,0.1235,0.0667,66.5722,85.4658,15.0026,3.744,253.379,g
24.5963,0.0,2.1222,0.717,0.4038,26.377,14.9811,0.0001,25.78,179.214,g
87.8898,68.488,3.6989,0.2274,0.1151,-47.8537,-57.535,73.1841,59.2717,418.231,h
13.453,9.7891,2.2418,0.8252,0.4957,13.0028,7.8225,-11.3998,11.4657,172.05,g
23.3107,18.2154,2.5832,0.3603,0.1867,-11.1455,2.0355,-12.2648,2.761,67.2404,g
72.6419,23.1654,3.0101,0.2794,0.1832,-32.2986,41.3698,-20.6375,2.1522,329.579,g
26.9295,12.6185,2.4103,0.4712,0.3054,17.1858,-14.1853,1.5599,69.1376,111.5764,h
48.9652,17.4282,2.9922,0.2808,0.1742,-32.7891,15.258,8.6516,61.9208,151.4106,h
12.8908,9.6284,2.2266,0.8131,0.5786,10.9329,9.1271,-8.6595,18.4308,169.383,g
45.4153,25.3628,3.1391,0.2279,0.1165,10.3494,15.2556,16.2177,13.285,247.465,g
102.3913,69.4088,2.75,0.3066,0.1533,-73.3991,-106.6677,-19.608,29.2534,401.1182,h
13.1,10.3364,2.2109,0.7877,0.5077,12.7159,6.3277,9.8957,39.62,160.734,g
19.3038,12.9565,2.5676,0.5196,0.3234,-12.6387,-13.6434,-4.282,18.056,245.678,g
13.2692,10.2416,2.2636,0.8011,0.4877,-13.1505,-6.6979,11.1068,76.291,148.879,h
73.7915,27.0194,3.3443,0.1987,0.1102,50.6291,75.1641,18.2167,10.5595,212.029,g
97.4727,64.6539,3.7562,0.1364,0.0816,-48.2796,-68.2785,21.1656,55.2934,315.446,h
12.9644,11.2948,2.0952,0.747,0.3735,14.9999,0.4805,-11.7862,5.011,75.2872,g
35.9312,22.143,2.8136,0.2704,0.1406,-6.3018,29.1571,-17.475,15.5754,144.56,g
74.8373,28.3282,3.4859,0.1721,0.09,-76.7946,53.9904,-11.9086,0.1197,253.66,g
68.9717,25.8261,3.083,0.1644,0.0962,-16.8098,-35.2578,-11.3402,6.3019,209.911,g
28.6277,24.2951,2.9506,0.2611,0.1395,7.7134,-17.4477,7.502,76.584,89.9856,g
77.2639,27.1661,3.3625,0.1801,0.0953,-19.4939,65.9249,17.2258,6.142,312.559,g
15.6403,8.525,2.5807,0.7182,0.4082,28.1945,20.9552,13.261,62.7557,195.7507,h
18.2941,10.064,2.3464,0.6577,0.3446,3.5069,-9.7005,6.6978,87.0857,252.045,g
20.249,15.1595,2.4183,0.5038,0.2805,-1.5958,-5.408,10.5617,21.3299,207.683,g
46.3458,28.1802,3.6471,0.1812,0.0966,33.8101,30.3522,-14.7321,9.038,164.211,g
17.8947,8.2788,2.4914,0.7452,0.5532,0.613,-10.9521,8.9363,70.6041,134.365,h
18.5924,6.937,2.4935,0.8475,0.4254,-8.2349,12.2213,-3.9562,83.5983,171.524,h
13.9169,13.1987,2.5889,0.6279,0.3785,-17.4185,11.258,-11.8253,12.1456,141.9999,h
26.43,14.3591,2.4206,0.4514,0.2417,18.3731,19.4864,-14.3159,77.3034,233.2826,h
18.3027,7.4384,2.1629,0.7904,0.4983,-2.5708,6.582,2.7875,17.005,158.255,g
46.5019,28.1192,3.0382,0.2033,0.1058,26.1454,-21.6869,-26.0321,86.1683,159.453,h
198.7183,99.2397,3.5728,0.1226,0.0547,-150.5884,-98.9017,-120.9131,34.4383,278.564,h
18.0866,10.02,2.3365,0.6682,0.394,19.6741,12.8968,-5.6857,82.8204,120.232,g
33.2471,27.8652,3.279,0.2488,0.1244,12.9281,-18.4061,-20.2925,87.3749,41.6044,g
53.3437,15.3243,2.7177,0.3657,0.207,15.1222,31.9582,13.7668,45.9154,191.041,h
87.8842,35.0948,3.7411,0.1899,0.0968,-35.405,29.1815,19.7623,4.122,364.982,g
17.6611,7.3608,2.5422,0.8178,0.5294,-3.3505,4.7348,4.5899,24.079,264.124,h
166.479,121.389,3.4654,0.1045,0.0567,350.69,-180.63,-84.4894,20.1748,109.639,h
26.6994,12.5862,2.4495,0.5684,0.3144,-14.0365,-13.5974,-12.8798,9.393,93.9195,g
24.8255,20.325,2.6243,0.3682,0.1888,24.3124,19.1442,13.3237,18.5575,180.752,g
27.0149,14.6156,2.525,0.4507,0.2642,-29.2965,-22.5492,-3.69,39.295,26.1913,g
60.0089,14.465,2.8261,0.3657,0.2172,-46.6829,41.2934,-6.1147,1.388,283.481,g
90.7728,83.2654,3.7381,0.2544,0.1273,-111.0886,-96.7941,-40.2964,12.4989,466.4078,h
87.1984,27.0197,3.5433,0.1772,0.0937,-105.018,71.9328,8.7419,0.883,256.077,g
12.4623,10.5106,2.5848,0.6115,0.3284,11.7188,-15.6225,-7.211,57.4719,94.0827,h
86.4858,20.4931,2.7668,0.2789,0.1446,46.5799,70.5874,-13.2302,11.409,137.124,g
57.6004,19.0414,2.6808,0.2628,0.1387,9.0628,40.2813,-5.6833,19.177,200.134,h
53.2494,30.1739,3.0022,0.2368,0.1259,51.8209,44.1646,-15.4511,2.9517,290.654,g
26.0862,12.5473,2.4099,0.4397,0.2354,16.3451,14.9018,5.6343,4.1527,183.852,g
117.515,46.7544,3.293,0.138,0.0751,-106.727,-110.539,37.8686,40.92,173.599,h
20.6615,12.8963,2.4464,0.5438,0.3131,-10.7015,-11.7091,-7.4269,63.4783,125.519,g
122.51,25.2937,3.2625,0.1284,0.0653,-130.962,96.8182,-19.9955,2.8915,290.657,g
24.2671,10.0765,2.3493,0.5459,0.3065,7.8302,17.0319,7.5599,10.9993,217.508,g
25.4788,18.7916,2.616,0.4286,0.2845,0.2735,-13.3878,-11.6199,87.3998,263.865,g
30.4477,18.5964,2.4216,0.4053,0.2027,24.8575,-25.6659,18.5217,36.6265,171.152,g
22.3735,11.7884,2.5752,0.5479,0.3976,7.5774,15.7639,10.1974,8.363,186.179,g
25.0275,12.8142,2.5391,0.4884,0.3078,-12.5331,-8.9993,12.3285,65.2451,72.7386,g
29.6494,19.0756,2.5746,0.3036,0.1638,-23.3405,-17.8804,14.3759,3.2425,135.346,g
205.2334,31.0516,2.9814,0.2146,0.1638,-185.4549,-107.2798,-23.3489,21.4383,166.2214,h
25.4076,10.6149,2.5045,0.5446,0.2833,6.9908,22.618,5.7368,11.3112,117.087,g
33.4245,19.2319,3.0092,0.2761,0.1522,14.058,17.7395,8.5339,62.169,45.957,g
92.3308,31.9245,4.0213,0.1019,0.0535,55.0845,77.8264,15.3498,0.6513,264.63,g
89.4076,27.2539,3.1149,0.1481,0.0741,-68.8599,-86.9093,-18.1134,61.152,201.385,h
58.3387,19.8153,3.0404,0.2487,0.1262,34.5057,29.8649,14.0494,5.4681,242.639,g
36.7473,20.8996,3.03,0.265,0.1395,41.3969,25.5135,-10.9017,10.7848,161.616,g
36.2174,17.4475,2.8041,0.3454,0.1939,20.3095,24.7243,9.5885,3.713,202.864,g
31.723,6.6559,2.6597,0.5945,0.3778,-28.267,4.5231,0.3705,75.2299,182.554,h
32.0205,17.3002,3.0103,0.3164,0.1704,30.7149,18.6074,11.1977,5.6933,179.787,g
209.421,122.147,3.6151,0.1405,0.0715,-178.531,-113.492,125.301,29.7554,199.704,h
21.9177,10.3998,2.2405,0.5517,0.2902,-3.6236,16.4387,7.5575,46.642,157.678,g
75.3837,39.6086,3.5638,0.1742,0.1014,50.8689,76.7048,34.1011,10.522,216.027,g
77.6007,23.2756,2.9795,0.2442,0.1232,13.1897,62.3527,-11.673,17.6219,245.082,g
33.121,15.9278,2.6444,0.3719,0.2234,15.3073,30.9083,10.2312,25.6036,90.9492,g
36.6165,16.1347,2.6794,0.3243,0.1831,-10.6523,-22.1609,16.3783,0.727,259.23,g
54.6799,21.4228,2.8202,0.3812,0.27,-30.7915,21.4761,-17.9278,6.2941,330.619,g
35.9534,31.5107,3.3495,0.2482,0.1241,20.624,33.4197,-7.8103,12.941,74.4644,g
37.9172,13.9362,2.6679,0.3416,0.1858,9.5991,-22.152,-11.1296,27.494,145.315,g
24.0336,0.0001,2.1446,0.7455,0.4122,-0.0001,-0.0001,15.935,47.963,155.2,g
170.6361,114.7415,3.5196,0.1698,0.0841,-89.7788,87.5462,-73.4921,84.1197,352.8747,h
114.171,30.6278,3.8192,0.1576,0.0836,-55.9314,77.3711,-19.051,1.219,305.775,g
73.5481,28.6387,3.0656,0.2119,0.1356,46.9323,35.369,-38.669,21.3662,265.3557,h
27.4263,16.0119,2.6893,0.3681,0.1973,16.3785,22.3837,14.2184,8.9147,254.582,h
22.451,5.9922,2.2636,0.7956,0.5095,-20.278,-16.9492,-6.6888,11.529,111.205,g
20.519,12.7331,2.6547,0.485,0.247,26.8741,10.9142,7.803,14.8313,101.864,h
30.4324,24.7446,3.0876,0.2575,0.1377,27.4727,27.7034,-6.6348,6.71,57.6624,g
63.6598,28.7648,3.1871,0.1566,0.079,-120.978,43.1273,-20.3906,14.918,225.779,g
72.547,14.9884,3.0983,0.2576,0.1631,38.0129,32.9081,9.4911,62.242,184.39,h
28.2993,9.8867,2.4793,0.5041,0.2869,6.9586,18.9368,-6.8073,71.9781,114.461,h
127.056,42.3957,3.6328,0.0983,0.0516,-130.07,104.715,17.5309,8.0112,198.331,g
22.665,10.8615,2.5709,0.5368,0.3155,38.1536,17.3419,-4.3435,60.5993,89.3854,h
13.0095,11.0528,2.0774,0.7531,0.4393,14.3508,-6.2386,-10.4397,63.742,200.154,g
28.5181,15.5266,2.6186,0.3995,0.213,-4.1106,20.4938,-10.6044,15.767,235.788,g
24.3954,9.5513,2.3971,0.5331,0.3467,11.8769,-9.8058,-1.9277,70.108,225.579,h
40.2542,12.4191,2.776,0.3518,0.2018,0.9319,19.9151,-9.9804,44.905,257.732,h
19.8467,19.3818,2.3936,0.5172,0.2606,22.9817,17.1788,-18.7203,55.952,144.956,g
100.185,33.4334,3.6305,0.125,0.0666,55.4799,93.13,17.5311,3.049,263.678,g
185.8045,52.0255,3.8666,0.1237,0.0601,-174.9807,-220.0505,37.907,53.6071,340.5532,h
19.6801,17.5196,2.4871,0.43,0.2362,-6.82,15.3257,10.5324,35.5121,183.705,g
86.6922,15.5482,3.1798,0.234,0.1517,47.3399,48.4045,10.971,54.4866,176.36,h
19.1996,7.3929,2.1538,0.7719,0.4456,3.0012,-8.9284,4.0034,70.736,196.048,g
26.7641,19.6261,2.5563,0.3194,0.1625,-17.5915,14.6437,-13.0021,32.534,121.942,g
21.0689,13.6215,2.6042,0.5149,0.2724,22.6513,12.6911,8.8932,5.3844,180.055,g
78.7987,17.1072,3.0997,0.3577,0.2039,-36.534,58.9648,14.8361,19.408,326.903,h
26.5881,11.2723,2.5729,0.4679,0.3115,-5.83,-22.3864,10.8468,14.237,129.815,g
81.4337,32.5604,3.527,0.1694,0.103,-40.9347,54.5472,26.5058,3.511,290.058,g
56.8518,19.6101,2.9398,0.2723,0.1706,-80.6783,15.7759,14.3358,7.6682,251.852,g
48.0413,10.0108,2.7225,0.4669,0.2988,27.7627,10.0138,14.0304,47.4564,128.6762,h
94.1694,29.2328,3.9195,0.1425,0.0746,53.4952,83.0712,-13.7654,2.8085,270.089,g
68.4298,24.7029,2.9559,0.269,0.1444,-37.2035,-30.38,14.5532,7.302,292.084,g
49.0702,11.078,2.8231,0.3696,0.2006,33.0531,37.3822,6.7326,40.215,236.19,h
25.9914,16.1381,2.6561,0.3709,0.1954,-16.1855,-5.9925,-14.0824,45.5845,156.501,h
55.0916,11.2901,2.9302,0.3699,0.2237,47.0522,51.1406,6.8991,21.211,228.037,h
55.0123,11.8425,2.8859,0.3212,0.1606,43.2684,40.8969,-9.7756,50.727,75.4475,h
71.5951,19.3552,3.1949,0.1966,0.1018,44.053,65.8521,5.1734,0.8714,210.646,g
100.799,24.456,3.04,0.1778,0.0907,-65.512,88.1067,-15.9609,1.747,265.065,g
22.0169,10.8862,2.5099,0.5688,0.3478,5.9032,17.6218,-7.9334,32.666,207.981,h
16.4922,11.5726,2.2504,0.5955,0.3062,-1.0495,5.2501,3.5694,21.362,82.6556,g
68.01,21.6258,3.1313,0.3089,0.1837,-61.7014,60.1257,17.041,4.0577,268.331,g
20.7559,10.7539,2.3139,0.5825,0.3131,6.273,-17.5199,8.4671,68.268,138.323,h
99.9364,24.258,2.8885,0.2453,0.1526,-99.3655,65.3518,21.2386,61.6112,169.0678,h
32.6702,20.3345,2.5982,0.338,0.1803,23.7348,23.3888,14.5898,38.082,176.077,g
20.4776,12.9345,2.2911,0.491,0.2532,-16.9371,-7.0063,-3.2842,16.162,110.983,g
23.49,18.5649,2.7478,0.3878,0.2046,0.0774,-15.8067,-9.7258,15.7122,129.389,g
16.0903,14.9731,2.4472,0.6647,0.4495,7.8755,0.4658,-14.032,32.6021,238.7609,h
61.9038,26.3782,3.3678,0.1946,0.1018,-86.0779,55.2088,16.3735,4.76,245.205,g
123.13,28.5654,2.7493,0.3259,0.1665,130.442,96.2086,21.574,13.2135,281.43,h
44.4009,18.0597,2.5145,0.3609,0.1972,23.6878,30.0681,13.2538,6.405,182.646,g
17.3374,11.1958,2.2511,0.6548,0.4667,1.3232,26.5431,-13.4286,70.9344,183.2195,h
51.9638,21.2821,2.9907,0.3362,0.1957,-9.8133,-37.4695,-10.9307,1.0636,178.5267,h
38.8804,11.9079,2.6994,0.4176,0.2747,-13.3895,-28.9003,6.0192,3.533,203.315,g
18.5028,14.3127,2.4961,0.3301,0.1807,-8.8738,1.6084,-16.8616,86.5553,158.4993,h
34.6908,11.2351,2.5004,0.3791,0.1975,-35.4735,21.2479,-7.7418,10.612,152.891,g
37.7361,9.6408,2.7889,0.4309,0.2171,-43.5298,-5.5258,-3.052,1.7976,218.111,h
89.9267,38.6728,3.7577,0.1838,0.0979,-139.903,37.7896,-24.3736,0.42,400.619,g
35.7114,18.3727,2.9378,0.3785,0.2349,26.0885,29.8842,-14.3419,3.7819,176.297,g
28.8214,20.695,3.1002,0.3152,0.1616,-12.5463,21.3601,-9.1016,23.4123,69.8538,g
45.1554,9.6212,2.8309,0.4207,0.2236,55.4898,36.8525,-5.0859,17.7436,187.33,h
58.6329,13.5103,2.633,0.2864,0.1502,-99.6169,37.7725,-5.5925,0.2733,230.84,g
18.8526,8.564,2.5104,0.5719,0.3311,-15.2991,-18.5124,-2.011,83.5139,247.5938,h
13.3114,10.6229,2.2109,0.7877,0.4031,14.8499,2.4881,-11.8944,74.796,156.879,g
26.7381,11.2845,2.6556,0.5083,0.2773,16.3901,10.7324,11.757,75.1651,168.99,h
43.9963,28.965,3.0822,0.1986,0.1163,56.3119,25.3424,-24.23,19.6508,170.221,g
41.7329,13.4302,2.7505,0.4336,0.229,6.9762,-9.1693,-5.939,55.0425,43.0465,h
21.843,9.901,2.2014,0.5786,0.3239,-2.8651,15.3604,-9.4155,6.251,155.282,g
68.8641,21.4735,2.9484,0.3525,0.1909,-62.2684,-41.2418,14.4764,0.1121,175.83,h
19.8847,10.9625,2.3729,0.6737,0.4004,14.8261,18.6013,8.8835,24.9395,126.042,g
77.9995,33.1959,3.3133,0.2265,0.1349,-93.1279,-50.7276,26.5454,23.549,301.746,h
27.3633,9.1348,2.4192,0.7209,0.3574,1.8996,19.6324,6.7098,15.1147,171.3404,h
55.7428,10.4853,3.0882,0.2172,0.1334,18.4928,43.8593,4.4689,57.4427,107.9931,h
47.3112,16.0674,2.7835,0.2568,0.1292,-46.1403,-34.8554,-10.9342,0.069,163.858,g
98.2117,88.3026,3.7016,0.1658,0.0862,83.3153,83.0957,62.6282,53.102,392.144,h
49.7442,26.6913,3.4442,0.178,0.1027,0.6152,-24.7504,12.2586,7.3364,187.46,g
19.3191,10.0015,2.2601,0.6374,0.4203,-5.275,15.1394,-9.2155,29.312,259.82,g
33.7019,18.0682,3.0328,0.3236,0.1692,12.5594,24.0915,12.6786,4.542,198.21,g
20.6343,7.0359,2.1833,0.7541,0.4098,21.9868,13.0967,-5.8091,79.2518,195.738,g
12.736,11.623,2.5244,0.7145,0.3931,15.5365,-8.7997,-9.7077,16.144,198.161,g
29.1511,21.8554,3.1318,0.3241,0.1702,7.8523,6.3735,14.8787,11.6197,111.53,g
82.6024,30.4191,3.3685,0.2016,0.1226,44.4557,80.0694,20.5523,10.3828,260.119,g
24.5633,14.4679,2.3191,0.4892,0.2758,10.8589,14.1999,-12.6365,27.221,174.004,g
253.248,46.3211,3.1099,0.2927,0.1549,274.0,-147.424,35.83,61.742,218.98,h
18.079,12.8957,2.5179,0.5463,0.305,1.4159,-8.3347,-8.0266,88.9075,40.5485,g
26.8589,6.9689,2.6792,0.6166,0.4081,6.0728,19.7017,-4.2682,89.9579,169.2044,h
13.0142,11.2036,2.1319,0.7528,0.3875,-14.9633,4.0059,11.7743,60.4605,167.373,g
22.3835,11.6583,2.5933,0.6224,0.3533,17.3474,15.3469,11.4318,40.0296,252.737,h
52.1824,27.073,2.9729,0.4651,0.3103,-8.9847,-21.1188,-18.1031,81.8003,495.561,h
17.8089,10.849,2.3284,0.5587,0.2887,1.8017,-7.7886,4.6985,73.417,94.9036,g
19.9589,7.3244,2.1538,0.7439,0.4035,-2.5303,9.5411,-5.2097,12.9273,209.314,g
90.5299,17.8721,3.033,0.2122,0.108,-57.417,84.6189,14.9662,2.039,272.038,g
58.8381,21.5346,2.9574,0.289,0.1462,-83.4035,41.5789,-9.3359,2.1164,246.049,g
44.2526,15.6477,2.7197,0.4023,0.2336,18.6249,39.5971,6.29,7.6218,169.222,g
57.0377,18.2816,3.3557,0.2217,0.1126,44.0953,40.1071,-8.7296,2.359,226.338,g
38.909,19.5587,2.9044,0.2218,0.1115,32.973,9.7464,11.7351,2.8165,183.101,g
49.7,12.3963,2.9297,0.2787,0.1452,-11.453,21.1802,-6.0053,47.2621,162.401,h
21.7282,12.1878,2.3988,0.4551,0.2295,-0.7977,8.9895,10.9941,6.4748,135.473,g
77.6281,20.3418,2.8896,0.3649,0.1876,57.039,48.7401,-7.2719,46.0287,96.7666,h
11.5324,10.6671,2.6301,0.5927,0.3457,1.3976,24.256,-5.7455,5.6915,167.9793,h
71.2844,14.1321,3.017,0.1865,0.0938,78.0656,37.2204,-5.4187,72.8974,230.614,h
165.305,77.5116,3.8783,0.0825,0.0478,-108.089,100.866,63.304,34.067,240.598,h
117.986,11.2223,2.8248,0.4746,0.2597,-92.2538,-76.6361,2.6605,1.3389,388.998,g
51.8055,34.1485,3.4283,0.1749,0.0893,8.4382,-44.1334,-10.7532,42.267,130.809,h
19.6562,9.7376,2.238,0.578,0.3266,-24.0292,-9.836,-2.8001,63.03,118.341,g
66.2317,28.0831,3.4596,0.1374,0.0692,81.8702,48.5886,14.4011,8.1299,186.715,g
34.566,9.8406,2.5328,0.5132,0.2742,-32.1651,24.1787,-4.5603,8.529,206.093,g
106.364,49.748,4.3237,0.0584,0.0301,10.6809,83.0956,-23.9498,0.624,244.643,g
34.3556,14.2397,2.5315,0.3824,0.2074,31.7325,5.2882,-9.3196,1.1303,190.353,g
75.9422,17.2482,2.837,0.3246,0.1827,94.2897,45.783,-14.7347,2.872,154.04,g
23.5545,12.0566,2.4167,0.5063,0.2641,-12.3463,13.3145,5.1555,18.5743,169.0624,h
30.7372,13.1739,2.7364,0.4183,0.2321,9.3225,25.4618,6.6722,44.74,244.411,h
78.131,17.8539,2.9201,0.4267,0.2518,-78.8158,26.2619,-5.0386,77.241,168.979,h
20.3648,11.1674,2.4208,0.5996,0.3435,-2.4649,8.6544,11.509,17.1627,211.915,g
21.2218,11.575,2.5664,0.635,0.3297,22.3634,15.3188,8.5289,71.033,163.26,h
51.3789,19.0995,2.702,0.3098,0.1698,-35.7317,-40.116,-16.2932,22.1294,231.842,h
36.2553,11.2768,2.5179,0.352,0.1775,55.2045,13.7314,11.7883,17.7197,105.322,g
13.0265,11.1821,2.1717,0.7542,0.3872,-14.9601,3.7922,11.7894,14.6389,153.748,g
87.3533,27.0798,3.6356,0.2006,0.1003,66.8263,85.9163,-15.1756,1.466,276.856,g
28.3653,8.8107,2.537,0.5369,0.3324,12.4138,25.6345,-6.0112,50.3175,150.027,h
25.6507,15.6521,2.6527,0.4672,0.257,22.8993,22.1003,-5.9987,0.653,153.392,g
19.1321,9.5801,2.4914,0.7032,0.4371,3.5591,-13.5728,-4.588,13.107,56.5447,h
21.2218,11.575,2.5664,0.635,0.3297,22.3634,15.3188,8.5289,71.033,163.26,h
37.7629,11.7837,2.7449,0.3704,0.2133,-13.9654,-28.8848,6.1314,24.6466,211.1458,h
69.6641,22.6871,2.8845,0.4018,0.2277,-80.5751,-52.7004,13.2057,1.252,318.996,g
43.3717,34.225,3.3154,0.2036,0.1129,1.6245,29.3569,-28.7441,5.7268,110.342,g
49.0345,13.0214,2.8379,0.305,0.1547,-25.2715,29.7617,-5.9572,5.173,233.504,g
19.1072,12.2813,2.4691,0.584,0.3379,-17.1689,-14.6245,-6.6801,3.6579,170.516,g
20.0044,11.0652,2.2788,0.6737,0.45,13.7202,19.7044,-9.9991,59.473,197.584,g
42.2743,8.8542,2.7664,0.375,0.2098,38.005,21.569,-4.858,81.6438,99.425,h
47.8913,10.0342,2.9699,0.3676,0.2213,-5.722,30.2795,-8.3912,53.102,102.927,h
35.529,17.8957,2.4778,0.3927,0.2113,9.4973,11.6347,12.5834,31.3698,108.796,g
53.1946,14.7069,2.8896,0.2424,0.1322,-21.0957,24.2831,7.8871,2.701,219.142,g
22.8438,13.2898,2.4005,0.4652,0.2366,-21.6476,-14.8561,-5.9265,61.7921,158.387,g
18.3336,7.463,2.3086,0.7813,0.4988,-1.9915,6.0627,-2.3334,13.7506,133.609,g
47.0077,24.8714,3.3193,0.2503,0.1048,-6.3329,-29.8004,-10.81,74.8551,170.8147,h
56.2087,23.3978,3.4311,0.2057,0.1173,38.0585,47.3994,17.7267,4.526,264.023,g
28.2715,16.1011,2.4533,0.4824,0.2447,20.5259,25.1783,-11.3735,40.2475,217.188,h
29.6299,17.3722,2.7903,0.3274,0.1726,-12.0118,13.7674,10.8267,24.196,123.845,g
19.1139,17.1325,2.4322,0.5545,0.3826,18.6391,14.4108,-12.4458,55.44,205.694,h
38.149,22.1737,2.6469,0.2999,0.1567,26.5912,31.1901,-19.8829,23.0914,259.555,g
47.7458,30.0108,2.8129,0.3033,0.1496,-26.6052,-34.5647,-12.0291,14.8993,235.0346,h
16.7578,10.9846,2.5832,0.6371,0.393,-2.1684,5.9657,7.8156,88.4385,258.1,h
73.8934,40.0651,3.6079,0.1359,0.0788,-86.3972,58.6358,-38.8749,3.9424,255.277,g
67.4161,33.1921,3.0011,0.2913,0.182,-28.1251,-40.2365,24.2788,7.4092,300.243,g
52.0513,30.9323,2.8497,0.2914,0.167,55.1296,46.7814,-25.1269,17.8979,289.0867,h
41.8126,10.9456,2.8612,0.3909,0.2182,31.6236,18.7104,-4.8886,40.4672,209.872,h
60.5508,24.4487,3.34,0.1947,0.1241,-15.8597,-31.7991,-17.4254,11.12,144.592,g
53.069,17.1498,2.7774,0.2838,0.1845,-26.09,-45.019,-9.618,5.413,129.754,g
61.3134,14.7539,3.0019,0.2539,0.1439,-24.7735,31.1346,6.0504,89.2761,225.687,h
16.1801,11.5463,2.3032,0.6119,0.3756,0.4694,-3.1912,-7.2158,11.282,212.609,g
39.5893,31.1051,3.3386,0.172,0.0892,23.1137,-16.1901,-16.4646,9.1402,152.375,g
57.2739,29.9088,3.6651,0.1671,0.0892,23.974,45.6583,-20.4466,7.8961,173.964,g
20.3725,7.229,2.0917,0.7368,0.3765,-2.8904,10.5563,5.6275,8.2645,232.581,g
78.4733,23.9205,2.9283,0.3295,0.1661,-62.0506,27.6479,-9.05,33.0782,297.3374,h
21.2679,6.9341,2.0626,0.7186,0.4026,-22.9913,-12.4669,6.3003,86.497,130.298,g
26.2738,11.9961,2.6085,0.4507,0.2426,24.7401,20.7625,2.3155,4.849,54.3626,g
115.093,61.4562,4.4291,0.0482,0.025,-57.7364,81.9058,25.8484,5.487,271.373,g
22.5255,18.5272,2.5855,0.387,0.2325,-18.5124,-8.7272,-9.1071,39.3295,99.1468,g
102.49,29.7325,3.5074,0.1564,0.0832,-36.0611,-102.611,23.6816,40.3212,155.384,h
212.723,102.19,3.3067,0.1594,0.1103,-167.462,-184.307,-88.4164,56.8342,196.938,h
32.1942,15.4169,2.8058,0.3253,0.179,-4.9948,-9.731,-9.6865,19.6058,155.657,g
21.4387,6.9858,2.0473,0.6816,0.3543,25.3196,7.5976,-6.4242,34.8091,190.088,g
71.0207,27.6918,3.1945,0.2038,0.1083,53.7932,38.473,-21.5379,1.904,293.954,g
102.897,41.8712,3.0455,0.2873,0.1445,73.0007,93.1035,-21.7074,36.8698,87.5559,h
74.5714,23.0735,2.9914,0.3182,0.1627,-36.5281,63.076,-12.2594,4.029,363.489,g
13.1053,10.5762,2.2266,0.7774,0.4837,-13.2998,-4.3241,-10.1826,10.381,183.961,g
32.9581,20.8956,2.6498,0.3695,0.187,7.3153,-10.865,-11.5603,30.831,30.0166,g
67.3382,29.0223,2.9012,0.2524,0.1387,-14.4213,48.1027,-27.8305,5.176,328.086,g
44.0616,15.8301,2.8896,0.285,0.1657,-13.3295,-32.1363,7.0214,4.166,220.731,g
10.1215,9.9837,2.1474,0.7223,0.4324,-7.1662,4.3818,-7.8635,81.1249,122.0019,h
48.4084,25.644,3.2006,0.3308,0.1698,46.1045,50.5271,-29.1241,56.229,282.162,h
82.8129,27.0704,3.3368,0.3675,0.242,17.2462,28.3339,14.6997,2.569,358.141,g
57.1546,39.0976,2.943,0.3694,0.2195,28.6342,69.9925,-28.6106,13.062,60.0663,h
26.5021,9.9703,2.3531,0.4967,0.2639,31.6869,21.3727,-7.5553,32.9272,146.984,g
19.808,16.5781,2.6503,0.4318,0.2383,-8.5739,-11.6572,9.0275,38.7226,192.469,g
77.2493,46.1283,3.6997,0.1016,0.0512,71.6223,-39.8901,27.5975,59.2516,134.392,h
58.6792,26.0154,3.2076,0.2709,0.141,33.4313,51.1059,6.8846,14.967,269.606,g
55.8382,27.6972,3.2788,0.1521,0.0771,15.4211,36.6586,-7.268,9.528,218.432,g
50.8775,37.0657,3.3718,0.1324,0.0637,16.743,10.5105,-29.8365,45.4303,158.5236,h
47.1363,17.6194,2.4728,0.4074,0.2172,47.3251,35.3755,12.9233,12.504,267.338,g
23.502,13.6746,2.5653,0.4816,0.3116,5.0085,16.0397,9.4612,54.046,57.936,h
85.0494,28.5947,3.4957,0.1977,0.1196,-44.3504,75.5082,14.6551,4.5512,316.523,g
57.7769,12.0054,2.9149,0.2725,0.1502,15.2766,29.8793,5.5892,67.687,146.751,h
21.0379,12.3581,2.4646,0.4974,0.2762,25.6633,13.6431,-10.4934,16.1552,185.547,g
197.9408,57.4915,3.3701,0.1251,0.0788,161.5794,195.7525,44.9358,37.7404,55.7734,h
27.8728,14.7857,2.3598,0.3843,0.2031,-3.2826,-22.8391,9.9961,2.275,179.094,g
34.2994,17.48,2.8831,0.339,0.1774,1.5319,24.3802,-7.8308,11.1759,185.624,g
17.5568,16.5157,2.1644,0.5959,0.3527,-1.2329,-15.952,-0.9431,41.4781,78.4445,g
27.4986,6.9559,2.2279,0.568,0.3343,-10.4635,-14.3059,-3.8066,43.9124,183.667,g
40.8633,31.5629,3.2075,0.1904,0.1014,25.6749,-15.9989,-15.3392,4.428,77.8275,g
111.055,28.6254,3.1816,0.21,0.1175,-121.061,43.8447,10.5501,0.261,337.155,g
30.1919,11.5269,2.6857,0.5155,0.3577,13.1481,25.9788,-9.006,70.509,206.867,h
36.5523,16.9929,2.7267,0.3265,0.1848,23.3593,18.5998,9.827,9.364,143.668,g
37.3038,11.8145,2.6871,0.333,0.1799,-30.7648,-24.9632,5.8364,22.2935,176.155,g
74.667,18.3794,2.8987,0.2197,0.1181,23.594,63.4413,11.7228,7.3061,221.951,g
44.8409,20.9502,2.896,0.2757,0.1696,-7.7753,-38.3082,13.106,1.0638,171.685,g
19.3043,18.0716,2.3802,0.4292,0.2562,13.9881,16.0234,-15.1188,63.709,118.949,g
139.136,23.9501,2.9839,0.218,0.1199,102.099,153.371,-24.5622,10.4186,241.478,g
42.8086,18.8586,3.0887,0.2275,0.1146,18.2189,27.8414,-10.7417,7.0622,177.935,g
29.7859,16.8267,2.5017,0.3748,0.1937,-19.1892,-24.7732,14.1359,16.9344,220.873,g
73.3377,18.7266,2.4425,0.4729,0.2473,-48.0218,-70.5328,-15.5585,1.0184,226.93,g
166.679,41.9918,3.3784,0.1347,0.0684,-256.355,-42.4626,22.8947,4.3827,285.538,h
56.0798,23.2976,3.2848,0.1889,0.1067,44.6431,53.4382,-14.2908,3.3089,211.55,g
239.4684,63.4614,3.3129,0.1095,0.0539,-84.3968,-256.075,-35.9185,83.7129,258.443,h
28.1683,20.5255,2.8354,0.3506,0.2199,-10.6254,-24.683,-10.5382,13.937,80.5694,g
25.8068,14.3297,2.4836,0.5287,0.2808,34.2145,-8.504,-7.8156,30.6401,229.404,g
48.5277,11.939,2.7705,0.3155,0.1654,-4.1113,16.1417,-12.554,21.806,87.7162,h
44.9509,13.3194,2.3375,0.4506,0.2322,-53.707,24.8832,-7.8562,34.735,255.903,g
114.8354,60.104,3.7837,0.2236,0.1193,-148.6445,-109.8426,-63.2485,57.4374,374.3849,h
38.0313,12.424,2.618,0.3614,0.2012,-0.432,-31.941,-6.7805,7.966,224.595,g
49.0191,8.4717,2.4495,0.4938,0.2682,17.3335,33.327,6.9512,18.2632,194.068,h
20.1492,11.4758,2.301,0.6,0.3375,12.2599,19.091,-6.173,35.676,155.806,g
50.8677,16.8387,3.0874,0.2527,0.1353,17.3667,47.7154,9.487,9.6532,250.947,g
56.1911,24.7904,3.4318,0.1883,0.0994,11.1935,32.6988,11.4617,1.621,218.27,g
20.3102,12.3589,2.3043,0.4764,0.2804,-1.2687,9.8271,10.6233,3.08,194.772,g
35.3291,16.4064,2.8228,0.3895,0.1947,32.1461,33.0797,13.2496,4.3624,187.714,g
37.9753,5.1561,2.5209,0.6779,0.4316,31.3369,31.8875,-6.8782,14.3465,265.8435,h
117.976,25.2172,3.0887,0.212,0.1097,46.2927,127.267,-15.8082,6.112,255.677,h
40.7319,16.6665,2.7771,0.279,0.1495,46.362,-25.7537,13.3908,4.584,243.29,g
53.521,27.8531,3.5542,0.2303,0.1416,29.7192,49.5699,19.3954,0.984,185.463,g
22.424,5.9684,2.3008,0.7398,0.5407,-0.9882,7.0016,13.2913,17.1994,246.4288,h
14.2573,8.5572,2.4965,0.6981,0.3821,32.2644,12.9758,0.5516,60.5809,225.1769,h
24.8336,20.0498,2.6117,0.4034,0.2115,3.552,16.857,-15.2213,83.6202,60.9289,g
30.0754,11.8617,2.6762,0.4236,0.2476,-4.9307,-5.4284,-8.1659,28.0357,151.706,g
66.6592,10.6248,2.936,0.3272,0.1893,39.1559,47.8962,8.7789,30.1517,235.6867,h
18.8887,12.2503,2.4691,0.6248,0.4024,-14.102,-17.0104,-8.0801,5.448,167.441,g
52.3017,29.5335,3.1286,0.1792,0.1,5.0386,-40.6631,-9.61,25.925,150.792,h
73.5064,22.8864,2.8241,0.2069,0.1117,-97.4958,71.5742,17.4795,6.705,303.726,h
37.2686,16.3041,2.8856,0.2759,0.1672,-2.5702,-21.3381,-10.7664,1.677,164.055,g
23.7423,10.2031,2.4074,0.5871,0.3268,-13.8392,-18.359,7.9794,14.9106,171.393,g
29.0658,12.5468,2.5422,0.4849,0.3458,16.9941,24.7784,-11.5755,8.953,154.319,g
18.5127,9.9386,2.2648,0.6304,0.394,20.0548,13.1938,-3.825,40.251,93.4196,g
38.0172,27.9321,3.0021,0.1809,0.0925,-10.9459,-5.9003,-13.3226,67.724,225.9638,h
131.467,101.345,3.6017,0.1296,0.0757,-149.199,-39.1393,-42.9361,59.555,262.801,h
13.1233,10.9602,2.3086,0.7666,0.4152,14.6338,-4.031,-11.6362,22.962,171.086,h
20.7636,16.296,2.634,0.4413,0.2381,8.5442,14.4432,-12.4308,54.781,48.6631,g
23.8669,15.7684,2.639,0.4271,0.2514,-16.3651,-17.0472,-11.9383,20.646,118.458,g
29.0922,18.628,2.8222,0.2831,0.1438,35.0493,23.8378,-8.2355,16.05,178.56,g
40.5346,11.8593,2.6929,0.3895,0.2467,-33.5647,-14.8694,-13.8941,80.686,128.1809,h
71.5129,22.8833,3.2174,0.1261,0.0676,25.1115,53.2844,-7.2291,9.2116,219.278,g
85.6095,32.714,3.1411,0.159,0.0856,-60.6188,38.2362,-19.3002,6.809,267.294,g
47.1551,17.3828,2.8976,0.2734,0.1462,-8.9951,-14.8091,9.6464,1.221,217.515,g
11.5221,9.3735,2.7906,0.4432,0.2939,27.6371,11.8683,8.5016,48.1159,90.0056,h
37.9313,16.1998,2.6128,0.3707,0.189,34.6099,36.0025,11.3447,11.4673,229.327,g
16.0737,7.1383,2.3675,0.3923,0.2199,-2.0537,18.7109,-7.4791,22.455,138.491,h
12.9298,11.2947,2.1383,0.7418,0.4109,-14.8924,6.8557,-10.9637,54.087,203.775,g
17.4984,12.5883,2.1146,0.7247,0.3689,-20.118,10.8868,-13.6699,2.495,173.874,h
32.3023,16.6622,2.7462,0.3049,0.1587,25.4948,23.9693,-9.3202,40.497,241.797,h
36.8597,13.989,2.6138,0.4209,0.247,14.561,18.6898,-10.4653,74.455,219.649,h
74.6238,25.2649,3.4509,0.1352,0.0724,64.6802,60.7593,9.3805,15.92,240.052,g
19.195,16.5182,2.3225,0.5707,0.2959,12.9183,20.8518,-4.6834,26.3307,195.0225,h
27.2038,16.863,2.7059,0.3701,0.186,-2.6174,23.7255,-14.4131,27.3073,62.8097,h
